Entailment,Arg1,Arg2
sup,A1,A2
sup,A5,A6
sup,A6,A7
sup,A7,A8
sup,A9,A10
sup,A13,A14
sup,A14,A15
sup,A15,A16
sup,A18,A19
sup,A20,A21
sup,A21,A22
sup,A22,A23
sup,A23,A24
sup,A24,A25
sup,A25,A26
sup,A28,A29
sup,A30,A0
sup,A60,A61
sup,A61,A62
sup,A62,A63
sup,A63,A64
sup,A64,A65
sup,A65,A66
sup,A66,A67
sup,A67,A68
sup,A68,A69
sup,A69,A70
sup,A70,A71
sup,A71,A72
sup,A72,A73
sup,A73,A74
sup,A74,A75
sup,A75,A76
sup,A76,A77
sup,A77,A78
sup,A78,A79
sup,A79,A80
sup,A80,A81
sup,A81,A82
sup,A82,A83
sup,A83,A84
sup,A84,A85
sup,A85,A86
sup,A86,A87
sup,A87,A88
sup,A88,A89
sup,A89,A90
sup,A90,A91
sup,A91,A92
sup,A92,A93
sup,A93,A94
sup,A94,A95
sup,A95,A96
sup,A96,A97
sup,A97,A98
sup,A98,A99
sup,A99,A100
sup,A100,A101
sup,A101,A102
sup,A102,A103
sup,A103,A104
sup,A104,A105
sup,A105,A106
sup,A106,A60
sup,A135,A136
sup,A137,A138
sup,A138,A139
sup,A139,A140
sup,A140,A141
sup,A141,A142
sup,A142,A143
sup,A143,A144
sup,A144,A145
sup,A147,A148
sup,A148,A149
sup,A149,A134
sup,A170,A171
sup,A171,A172
sup,A172,A173
sup,A173,A174
sup,A174,A175
sup,A175,A176
sup,A176,A177
sup,A177,A178
sup,A178,A179
sup,A179,A180
sup,A180,A181
sup,A181,A182
sup,A182,A183
sup,A183,A184
sup,A184,A185
sup,A185,A186
sup,A186,A187
sup,A187,A188
sup,A188,A189
sup,A189,A190
sup,A190,A191
sup,A191,A192
sup,A192,A193
sup,A193,A194
sup,A194,A195
sup,A195,A196
sup,A196,A197
sup,A197,A198
sup,A198,A199
sup,A199,A200
sup,A200,A201
sup,A201,A202
sup,A202,A203
sup,A203,A204
sup,A204,A205
sup,A205,A206
sup,A206,A207
sup,A207,A208
sup,A208,A209
sup,A209,A210
sup,A210,A211
sup,A211,A170
sup,A212,A213
sup,A213,A214
sup,A214,A215
sup,A215,A216
sup,A216,A217
sup,A217,A218
sup,A218,A219
sup,A219,A220
sup,A220,A221
sup,A221,A222
sup,A222,A223
sup,A223,A224
sup,A224,A225
sup,A225,A226
sup,A226,A227
sup,A227,A228
sup,A228,A229
sup,A229,A230
sup,A230,A212
sup,A231,A232
sup,A233,A234
sup,A235,A236
sup,A236,A237
sup,A237,A238
sup,A238,A239
sup,A244,A245
sup,A247,A248
sup,A248,A249
sup,A250,A251
sup,A251,A252
sup,A252,A253
sup,A254,A255
sup,A255,A256
sup,A256,A257
sup,A257,A258
sup,A263,A231
sup,A265,A266
sup,A266,A267
sup,A267,A268
sup,A270,A271
sup,A272,A273
sup,A274,A275
sup,A276,A277
sup,A277,A278
sup,A278,A279
sup,A281,A282
sup,A283,A264
sup,A313,A314
sup,A314,A315
sup,A315,A316
sup,A316,A317
sup,A317,A318
sup,A318,A319
sup,A321,A322
sup,A322,A323
sup,A324,A325
sup,A327,A328
sup,A328,A329
sup,A329,A330
sup,A330,A331
sup,A331,A332
sup,A333,A334
sup,A334,A335
sup,A335,A336
sup,A336,A337
sup,A338,A339
sup,A341,A342
sup,A342,A343
sup,A344,A345
sup,A346,A347
sup,A366,A367
sup,A367,A368
sup,A368,A369
sup,A369,A370
sup,A370,A371
sup,A371,A372
sup,A372,A373
sup,A373,A374
sup,A374,A375
sup,A375,A376
sup,A376,A377
sup,A377,A378
sup,A378,A379
sup,A379,A380
sup,A380,A381
sup,A381,A382
sup,A382,A383
sup,A383,A384
sup,A384,A366
sup,A385,A386
sup,A386,A387
sup,A387,A388
sup,A388,A389
sup,A389,A390
sup,A390,A391
sup,A391,A392
sup,A392,A393
sup,A393,A394
sup,A394,A395
sup,A395,A396
sup,A396,A397
sup,A397,A398
sup,A398,A399
sup,A399,A400
sup,A400,A401
sup,A401,A385
sup,A402,A403
sup,A403,A404
sup,A404,A405
sup,A405,A406
sup,A406,A407
sup,A407,A408
sup,A408,A409
sup,A409,A410
sup,A410,A411
sup,A411,A412
sup,A412,A413
sup,A413,A414
sup,A414,A415
sup,A415,A416
sup,A416,A417
sup,A417,A418
sup,A418,A419
sup,A419,A420
sup,A420,A421
sup,A421,A422
sup,A422,A423
sup,A423,A424
sup,A424,A425
sup,A425,A426
sup,A426,A427
sup,A427,A428
sup,A428,A429
sup,A429,A430
sup,A430,A402
sup,A432,A433
sup,A433,A434
sup,A436,A437
sup,A438,A439
sup,A439,A440
sup,A440,A441
sup,A441,A442
sup,A445,A446
sup,A446,A447
sup,A447,A448
sup,A449,A450
sup,A453,A454
sup,A455,A456
sup,A459,A460
sup,A460,A461
sup,A461,A462
sup,A463,A464
sup,A464,A465
sup,A465,A466
sup,A469,A470
sup,A470,A471
sup,A471,A472
sup,A472,A473
sup,A473,A474
sup,A507,A508
sup,A508,A509
sup,A509,A510
sup,A510,A511
sup,A511,A512
sup,A512,A513
sup,A513,A514
sup,A514,A515
sup,A515,A516
sup,A516,A517
sup,A517,A518
sup,A518,A519
sup,A519,A520
sup,A520,A521
sup,A521,A522
sup,A522,A523
sup,A523,A524
sup,A524,A525
sup,A525,A526
sup,A526,A527
sup,A527,A528
sup,A528,A529
sup,A529,A530
sup,A530,A531
sup,A531,A532
sup,A532,A533
sup,A533,A534
sup,A534,A535
sup,A535,A507
sup,A536,A537
sup,A540,A541
sup,A541,A542
sup,A542,A543
sup,A543,A544
sup,A544,A545
sup,A545,A546
sup,A546,A547
sup,A547,A548
sup,A548,A549
sup,A551,A552
sup,A554,A555
sup,A555,A556
sup,A556,A557
sup,A557,A558
sup,A558,A559
sup,A559,A536
sup,A560,A561
sup,A561,A562
sup,A562,A563
sup,A563,A564
sup,A564,A565
sup,A565,A566
sup,A566,A567
sup,A567,A568
sup,A568,A569
sup,A569,A570
sup,A570,A571
sup,A571,A572
sup,A572,A573
sup,A573,A574
sup,A574,A575
sup,A575,A576
sup,A576,A577
sup,A577,A578
sup,A578,A579
sup,A579,A580
sup,A580,A581
sup,A581,A582
sup,A582,A583
sup,A583,A584
sup,A584,A585
sup,A585,A586
sup,A586,A587
sup,A587,A588
sup,A588,A589
sup,A589,A590
sup,A590,A591
sup,A591,A592
sup,A592,A593
sup,A593,A594
sup,A594,A595
sup,A595,A596
sup,A596,A597
sup,A597,A598
sup,A598,A599
sup,A599,A600
sup,A600,A601
sup,A601,A602
sup,A602,A560
sup,A652,A653
sup,A653,A654
sup,A654,A655
sup,A658,A651
sup,A659,A660
sup,A661,A662
sup,A662,A663
sup,A663,A664
sup,A664,A665
sup,A667,A668
sup,A668,A669
sup,A669,A670
sup,A671,A672
sup,A675,A676
sup,A677,A678
sup,A679,A680
sup,A682,A683
sup,A683,A684
sup,A684,A685
sup,A687,A688
sup,A689,A690
sup,A693,A659
sup,A694,A695
sup,A695,A696
sup,A696,A697
sup,A697,A698
sup,A698,A699
sup,A699,A700
sup,A700,A701
sup,A701,A702
sup,A702,A703
sup,A703,A704
sup,A704,A705
sup,A705,A706
sup,A706,A707
sup,A707,A708
sup,A708,A709
sup,A709,A710
sup,A710,A711
sup,A711,A712
sup,A712,A713
sup,A713,A714
sup,A714,A715
sup,A715,A716
sup,A716,A717
sup,A717,A718
sup,A718,A719
sup,A719,A720
sup,A720,A721
sup,A721,A722
sup,A722,A723
sup,A723,A724
sup,A724,A725
sup,A725,A726
sup,A726,A727
sup,A727,A694
sup,A728,A729
sup,A730,A728
sup,A731,A732
sup,A732,A733
sup,A733,A734
sup,A734,A735
sup,A735,A736
sup,A736,A737
sup,A737,A738
sup,A738,A739
sup,A739,A740
sup,A740,A741
sup,A741,A742
sup,A742,A743
sup,A743,A744
sup,A744,A745
sup,A745,A746
sup,A746,A747
sup,A747,A748
sup,A748,A749
sup,A749,A750
sup,A750,A751
sup,A751,A752
sup,A752,A753
sup,A753,A754
sup,A754,A755
sup,A755,A756
sup,A756,A757
sup,A757,A758
sup,A758,A759
sup,A759,A760
sup,A760,A761
sup,A761,A762
sup,A762,A763
sup,A763,A731
sup,A794,A795
sup,A795,A796
sup,A796,A797
sup,A797,A798
sup,A798,A799
sup,A799,A800
sup,A800,A801
sup,A801,A802
sup,A802,A803
sup,A803,A804
sup,A804,A805
sup,A805,A806
sup,A806,A807
sup,A807,A794
sup,A808,A809
sup,A809,A810
sup,A810,A811
sup,A811,A812
sup,A812,A813
sup,A813,A814
sup,A814,A815
sup,A815,A816
sup,A816,A817
sup,A817,A818
sup,A818,A819
sup,A819,A820
sup,A820,A821
sup,A821,A822
sup,A822,A823
sup,A823,A824
sup,A824,A825
sup,A825,A826
sup,A826,A827
sup,A827,A828
sup,A828,A829
sup,A829,A830
sup,A830,A831
sup,A831,A832
sup,A832,A833
sup,A833,A834
sup,A834,A835
sup,A835,A836
sup,A836,A837
sup,A837,A808
sup,A838,A839
sup,A839,A840
sup,A840,A841
sup,A841,A842
sup,A842,A843
sup,A843,A844
sup,A844,A845
sup,A845,A846
sup,A846,A838
sup,A887,A888
sup,A888,A889
sup,A889,A890
sup,A895,A896
sup,A896,A897
sup,A900,A901
sup,A905,A906
sup,A906,A907
sup,A907,A908
sup,A908,A909
sup,A910,A911
sup,A911,A912
sup,A915,A916
sup,A916,A917
sup,A917,A918
sup,A949,A950
sup,A950,A951
sup,A951,A952
sup,A952,A953
sup,A953,A954
sup,A954,A955
sup,A955,A956
sup,A956,A957
sup,A957,A958
sup,A958,A959
sup,A959,A960
sup,A960,A961
sup,A961,A962
sup,A962,A963
sup,A963,A964
sup,A964,A965
sup,A965,A966
sup,A966,A967
sup,A967,A968
sup,A968,A969
sup,A969,A970
sup,A970,A971
sup,A971,A972
sup,A972,A973
sup,A973,A974
sup,A974,A975
sup,A975,A976
sup,A976,A977
sup,A977,A978
sup,A978,A979
sup,A979,A980
sup,A980,A981
sup,A981,A982
sup,A982,A983
sup,A983,A984
sup,A984,A985
sup,A985,A986
sup,A986,A987
sup,A987,A988
sup,A988,A989
sup,A989,A990
sup,A990,A991
sup,A991,A992
sup,A992,A993
sup,A993,A994
sup,A994,A949
sup,A995,A996
sup,A997,A998
sup,A998,A999
sup,A999,A1000
sup,A1001,A1002
sup,A1003,A1004
sup,A1004,A1005
sup,A1005,A1006
sup,A1006,A1007
sup,A1007,A1008
sup,A1009,A1010
sup,A1011,A1012
sup,A1012,A1013
sup,A1013,A1014
sup,A1016,A1017
sup,A1018,A1019
sup,A1019,A1020
sup,A1021,A1022
sup,A1023,A1024
sup,A1026,A1027
sup,A1027,A1028
sup,A1028,A1029
sup,A1030,A1031
sup,A1031,A1032
sup,A1032,A1033
sup,A1033,A1034
sup,A1035,A1036
sup,A1036,A1037
sup,A1037,A1038
sup,A1038,A1039
sup,A1042,A1043
sup,A1046,A1047
sup,A1051,A1052
sup,A1053,A1054
sup,A1054,A1055
sup,A1057,A1058
sup,A1058,A1059
sup,A1059,A1060
sup,A1060,A1030
sup,A1063,A1064
sup,A1069,A1061
sup,A1070,A1071
sup,A1071,A1072
sup,A1072,A1070
sup,A1073,A1074
sup,A1074,A1075
sup,A1075,A1076
sup,A1076,A1077
sup,A1077,A1078
sup,A1078,A1079
sup,A1079,A1080
sup,A1080,A1081
sup,A1081,A1082
sup,A1082,A1083
sup,A1083,A1084
sup,A1084,A1085
sup,A1085,A1086
sup,A1086,A1087
sup,A1087,A1088
sup,A1088,A1073
sup,A1137,A1138
sup,A1138,A1139
sup,A1139,A1140
sup,A1140,A1141
sup,A1141,A1142
sup,A1142,A1143
sup,A1143,A1144
sup,A1144,A1145
sup,A1145,A1146
sup,A1146,A1147
sup,A1147,A1137
sup,A1173,A1174
sup,A1174,A1175
sup,A1175,A1176
sup,A1176,A1177
sup,A1177,A1178
sup,A1178,A1179
sup,A1179,A1180
sup,A1180,A1181
sup,A1181,A1182
sup,A1182,A1183
sup,A1183,A1184
sup,A1184,A1185
sup,A1185,A1186
sup,A1186,A1187
sup,A1187,A1188
sup,A1188,A1189
sup,A1189,A1190
sup,A1190,A1191
sup,A1191,A1192
sup,A1192,A1173
sup,A1193,A1194
sup,A1194,A1195
sup,A1195,A1196
sup,A1196,A1197
sup,A1197,A1198
sup,A1198,A1199
sup,A1199,A1200
sup,A1200,A1201
sup,A1201,A1202
sup,A1202,A1203
sup,A1203,A1204
sup,A1204,A1205
sup,A1205,A1206
sup,A1206,A1207
sup,A1207,A1208
sup,A1208,A1209
sup,A1209,A1210
sup,A1210,A1211
sup,A1211,A1212
sup,A1212,A1213
sup,A1213,A1214
sup,A1214,A1215
sup,A1215,A1216
sup,A1216,A1193
sup,A1218,A1219
sup,A1219,A1220
sup,A1220,A1221
sup,A1221,A1222
sup,A1222,A1223
sup,A1223,A1224
sup,A1224,A1225
sup,A1229,A1230
sup,A1231,A1232
sup,A1232,A1233
sup,A1234,A1235
sup,A1235,A1236
sup,A1237,A1238
sup,A1238,A1239
sup,A1239,A1240
sup,A1240,A1241
sup,A1242,A1243
sup,A1244,A1245
sup,A1248,A1249
sup,A1251,A1252
sup,A1252,A1253
sup,A1253,A1254
sup,A1254,A1217
sup,A1255,A1256
sup,A1256,A1257
sup,A1257,A1258
sup,A1258,A1259
sup,A1259,A1260
sup,A1260,A1261
sup,A1261,A1262
sup,A1262,A1263
sup,A1263,A1264
sup,A1264,A1265
sup,A1265,A1266
sup,A1266,A1267
sup,A1267,A1268
sup,A1268,A1269
sup,A1269,A1270
sup,A1270,A1271
sup,A1271,A1272
sup,A1272,A1273
sup,A1273,A1274
sup,A1274,A1275
sup,A1275,A1276
sup,A1276,A1277
sup,A1277,A1278
sup,A1278,A1279
sup,A1279,A1280
sup,A1280,A1281
sup,A1281,A1282
sup,A1282,A1255
sup,A1283,A1284
sup,A1284,A1285
sup,A1285,A1286
sup,A1286,A1287
sup,A1287,A1288
sup,A1288,A1289
sup,A1289,A1290
sup,A1290,A1291
sup,A1291,A1292
sup,A1292,A1293
sup,A1293,A1294
sup,A1294,A1295
sup,A1295,A1296
sup,A1296,A1297
sup,A1297,A1298
sup,A1298,A1299
sup,A1299,A1300
sup,A1300,A1301
sup,A1301,A1302
sup,A1302,A1303
sup,A1303,A1304
sup,A1304,A1305
sup,A1305,A1306
sup,A1306,A1307
sup,A1307,A1283
sup,A1308,A1309
sup,A1311,A1312
sup,A1315,A1316
sup,A1316,A1317
sup,A1317,A1318
sup,A1318,A1319
sup,A1320,A1321
sup,A1322,A1323
sup,A1327,A1328
sup,A1328,A1329
sup,A1329,A1330
sup,A1331,A1332
sup,A1333,A1334
sup,A1334,A1335
sup,A1335,A1336
sup,A1336,A1337
sup,A1396,A1397
sup,A1400,A1401
sup,A1401,A1402
sup,A1402,A1403
sup,A1403,A1404
sup,A1405,A1406
sup,A1406,A1407
sup,A1407,A1408
sup,A1410,A1411
sup,A1412,A1413
sup,A1414,A1415
sup,A1415,A1416
sup,A1417,A1418
sup,A1418,A1419
sup,A1419,A1420
sup,A1420,A1421
sup,A1428,A1429
sup,A1430,A1431
sup,A1433,A1434
sup,A1434,A1435
sup,A1436,A1437
sup,A1437,A1438
sup,A1442,A1443
sup,A1445,A1446
sup,A1446,A1447
sup,A1447,A1448
sup,A1448,A1449
sup,A1449,A1450
sup,A1452,A1453
sup,A1453,A1454
sup,A1457,A1458
sup,A1461,A1462
sup,A1462,A1463
sup,A1466,A1467
sup,A1468,A1469
sup,A1469,A1470
sup,A1470,A1471
sup,A1471,A1472
sup,A1473,A1474
sup,A1476,A1477
sup,A1477,A1478
sup,A1481,A1482
sup,A1483,A1484
sup,A1489,A1490
sup,A1490,A1491
sup,A1491,A1492
sup,A1494,A1495
sup,A1495,A1496
sup,A1496,A1497
sup,A1497,A1498
sup,A1498,A1499
sup,A1501,A1502
sup,A1502,A1503
sup,A1504,A1505
sup,A1507,A1508
sup,A1508,A1509
sup,A1509,A1510
sup,A1510,A1511
sup,A1511,A1512
sup,A1512,A1513
sup,A1513,A1514
sup,A1514,A1515
sup,A1516,A1517
sup,A1518,A1519
sup,A1519,A1520
sup,A1525,A1526
sup,A1526,A1527
sup,A1527,A1528
sup,A1528,A1488
sup,A1529,A1530
sup,A1530,A1531
sup,A1531,A1532
sup,A1532,A1533
sup,A1533,A1534
sup,A1534,A1535
sup,A1535,A1536
sup,A1536,A1537
sup,A1537,A1538
sup,A1538,A1539
sup,A1539,A1540
sup,A1540,A1541
sup,A1541,A1542
sup,A1542,A1543
sup,A1543,A1529
sup,A1544,A1545
sup,A1545,A1546
sup,A1546,A1547
sup,A1547,A1548
sup,A1548,A1549
sup,A1549,A1550
sup,A1550,A1551
sup,A1551,A1552
sup,A1552,A1553
sup,A1553,A1554
sup,A1554,A1555
sup,A1555,A1556
sup,A1556,A1557
sup,A1557,A1558
sup,A1558,A1559
sup,A1559,A1560
sup,A1560,A1561
sup,A1561,A1562
sup,A1562,A1563
sup,A1563,A1564
sup,A1564,A1565
sup,A1565,A1566
sup,A1566,A1567
sup,A1567,A1568
sup,A1568,A1569
sup,A1569,A1570
sup,A1570,A1571
sup,A1571,A1544
sup,A1572,A1573
sup,A1575,A1576
sup,A1576,A1577
sup,A1582,A1583
sup,A1584,A1585
sup,A1585,A1586
sup,A1587,A1588
sup,A1588,A1589
sup,A1590,A1591
sup,A1591,A1592
sup,A1593,A1594
sup,A1594,A1595
sup,A1595,A1596
sup,A1596,A1597
sup,A1597,A1598
sup,A1602,A1603
sup,A1603,A1604
sup,A1604,A1605
sup,A1605,A1606
sup,A1607,A1608
sup,A1615,A1616
sup,A1617,A1618
sup,A1619,A1620
sup,A1621,A1622
sup,A1622,A1623
sup,A1623,A1587
sup,A1624,A1625
sup,A1625,A1626
sup,A1626,A1627
sup,A1627,A1628
sup,A1628,A1629
sup,A1629,A1630
sup,A1630,A1631
sup,A1631,A1632
sup,A1632,A1633
sup,A1633,A1634
sup,A1634,A1635
sup,A1635,A1636
sup,A1636,A1637
sup,A1637,A1638
sup,A1638,A1639
sup,A1639,A1640
sup,A1640,A1624
sup,A1641,A1642
sup,A1642,A1643
sup,A1643,A1644
sup,A1644,A1645
sup,A1645,A1646
sup,A1646,A1647
sup,A1647,A1648
sup,A1648,A1649
sup,A1649,A1650
sup,A1650,A1651
sup,A1651,A1652
sup,A1652,A1653
sup,A1653,A1654
sup,A1654,A1655
sup,A1655,A1656
sup,A1656,A1657
sup,A1657,A1658
sup,A1658,A1659
sup,A1659,A1660
sup,A1660,A1661
sup,A1661,A1662
sup,A1662,A1663
sup,A1663,A1664
sup,A1664,A1665
sup,A1665,A1666
sup,A1666,A1667
sup,A1667,A1641
sup,A1668,A1669
sup,A1671,A1672
sup,A1673,A1674
sup,A1674,A1675
sup,A1675,A1676
sup,A1676,A1677
sup,A1677,A1678
sup,A1679,A1680
sup,A1680,A1681
sup,A1683,A1684
sup,A1684,A1685
sup,A1686,A1687
sup,A1687,A1688
sup,A1689,A1690
sup,A1692,A1668
sup,A1694,A1695
sup,A1696,A1693
sup,A1724,A1725
sup,A1725,A1726
sup,A1726,A1727
sup,A1728,A1729
sup,A1730,A1731
sup,A1731,A1732
sup,A1733,A1734
sup,A1734,A1735
sup,A1735,A1736
sup,A1737,A1738
sup,A1738,A1739
sup,A1739,A1740
sup,A1740,A1741
sup,A1741,A1742
sup,A1744,A1745
sup,A1745,A1746
sup,A1746,A1747
sup,A1747,A1748
sup,A1750,A1751
sup,A1751,A1723
sup,A1784,A1785
sup,A1785,A1786
sup,A1786,A1787
sup,A1787,A1788
sup,A1788,A1789
sup,A1789,A1790
sup,A1790,A1791
sup,A1791,A1792
sup,A1792,A1793
sup,A1793,A1794
sup,A1794,A1795
sup,A1795,A1796
sup,A1796,A1784
sup,A1839,A1840
sup,A1840,A1841
sup,A1841,A1842
sup,A1842,A1843
sup,A1843,A1844
sup,A1844,A1845
sup,A1845,A1846
sup,A1846,A1847
sup,A1847,A1848
sup,A1848,A1849
sup,A1849,A1850
sup,A1850,A1851
sup,A1851,A1852
sup,A1852,A1839
sup,A1853,A1854
sup,A1854,A1855
sup,A1855,A1856
sup,A1856,A1857
sup,A1857,A1858
sup,A1858,A1859
sup,A1859,A1860
sup,A1860,A1861
sup,A1861,A1862
sup,A1862,A1853
sup,A1863,A1864
sup,A1864,A1865
sup,A1865,A1866
sup,A1866,A1867
sup,A1867,A1868
sup,A1868,A1869
sup,A1869,A1870
sup,A1870,A1871
sup,A1871,A1872
sup,A1872,A1873
sup,A1873,A1874
sup,A1874,A1875
sup,A1875,A1876
sup,A1876,A1877
sup,A1877,A1878
sup,A1878,A1879
sup,A1879,A1880
sup,A1880,A1881
sup,A1881,A1882
sup,A1882,A1883
sup,A1883,A1884
sup,A1884,A1885
sup,A1885,A1886
sup,A1886,A1887
sup,A1887,A1888
sup,A1888,A1889
sup,A1889,A1890
sup,A1890,A1891
sup,A1891,A1863
sup,A1892,A1893
sup,A1896,A1897
sup,A1897,A1898
sup,A1898,A1899
sup,A1899,A1900
sup,A2012,A2013
sup,A2013,A2014
sup,A2016,A2017
sup,A2017,A2018
sup,A2018,A2019
sup,A2019,A2020
sup,A2020,A2021
sup,A2021,A2022
sup,A2022,A2023
sup,A2023,A2024
sup,A2024,A2025
sup,A2025,A2026
sup,A2026,A2027
sup,A2027,A2028
sup,A2028,A2029
sup,A2029,A2030
sup,A2030,A2031
sup,A2031,A2032
sup,A2032,A2033
sup,A2033,A2034
sup,A2034,A2035
sup,A2035,A2036
sup,A2036,A2037
sup,A2037,A2038
sup,A2038,A2039
sup,A2039,A2040
sup,A2040,A2041
sup,A2041,A2042
sup,A2042,A2043
sup,A2043,A2044
sup,A2044,A2045
sup,A2045,A2046
sup,A2046,A2047
sup,A2047,A2048
sup,A2048,A2049
sup,A2049,A2050
sup,A2050,A2051
sup,A2051,A2052
sup,A2052,A2053
sup,A2053,A2054
sup,A2054,A2016
sup,A2055,A2056
sup,A2056,A2057
sup,A2057,A2058
sup,A2058,A2059
sup,A2059,A2060
sup,A2060,A2061
sup,A2061,A2062
sup,A2062,A2063
sup,A2063,A2064
sup,A2064,A2065
sup,A2065,A2066
sup,A2066,A2067
sup,A2067,A2068
sup,A2068,A2069
sup,A2069,A2070
sup,A2070,A2071
sup,A2071,A2072
sup,A2072,A2073
sup,A2073,A2074
sup,A2074,A2075
sup,A2075,A2076
sup,A2076,A2077
sup,A2077,A2078
sup,A2078,A2079
sup,A2079,A2080
sup,A2080,A2081
sup,A2081,A2082
sup,A2082,A2083
sup,A2083,A2084
sup,A2084,A2085
sup,A2085,A2086
sup,A2086,A2087
sup,A2087,A2088
sup,A2088,A2089
sup,A2089,A2090
sup,A2090,A2091
sup,A2091,A2092
sup,A2092,A2093
sup,A2093,A2094
sup,A2094,A2095
sup,A2095,A2096
sup,A2096,A2097
sup,A2097,A2098
sup,A2098,A2099
sup,A2099,A2100
sup,A2100,A2101
sup,A2101,A2102
sup,A2102,A2103
sup,A2103,A2055
sup,A2157,A2158
sup,A2160,A2161
sup,A2161,A2162
sup,A2162,A2163
sup,A2163,A2164
sup,A2165,A2166
sup,A2169,A2170
sup,A2171,A2172
sup,A2173,A2174
sup,A2175,A2176
sup,A2176,A2177
sup,A2178,A2179
sup,A2182,A2183
sup,A2183,A2184
sup,A2186,A2187
sup,A2188,A2189
sup,A2193,A2194
sup,A2195,A2196
sup,A2196,A2197
sup,A2197,A2198
sup,A2198,A2199
sup,A2201,A2202
sup,A2205,A2206
sup,A2206,A2207
sup,A2208,A2209
sup,A2209,A2210
sup,A2210,A2203
sup,A2231,A2232
sup,A2232,A2233
sup,A2233,A2234
sup,A2234,A2235
sup,A2235,A2236
sup,A2236,A2237
sup,A2237,A2238
sup,A2238,A2239
sup,A2239,A2240
sup,A2240,A2241
sup,A2241,A2242
sup,A2242,A2243
sup,A2243,A2244
sup,A2244,A2245
sup,A2245,A2246
sup,A2246,A2247
sup,A2247,A2248
sup,A2248,A2249
sup,A2249,A2250
sup,A2250,A2251
sup,A2251,A2252
sup,A2252,A2253
sup,A2253,A2254
sup,A2254,A2255
sup,A2255,A2256
sup,A2256,A2257
sup,A2257,A2258
sup,A2258,A2259
sup,A2259,A2231
sup,A2260,A2261
sup,A2261,A2262
sup,A2311,A2312
sup,A2312,A2313
sup,A2314,A2315
sup,A2315,A2316
sup,A2316,A2317
sup,A2322,A2323
sup,A2395,A2396
sup,A2398,A2399
sup,A2416,A2417
sup,A2417,A2418
sup,A2418,A2419
sup,A2419,A2420
sup,A2420,A2421
sup,A2421,A2422
sup,A2422,A2423
sup,A2423,A2424
sup,A2424,A2425
sup,A2425,A2426
sup,A2426,A2427
sup,A2427,A2428
sup,A2428,A2429
sup,A2429,A2430
sup,A2430,A2431
sup,A2431,A2432
sup,A2432,A2433
sup,A2433,A2434
sup,A2434,A2435
sup,A2435,A2436
sup,A2436,A2437
sup,A2437,A2438
sup,A2438,A2439
sup,A2439,A2440
sup,A2440,A2441
sup,A2441,A2442
sup,A2442,A2443
sup,A2443,A2444
sup,A2444,A2445
sup,A2445,A2446
sup,A2446,A2447
sup,A2447,A2448
sup,A2448,A2416
sup,A2449,A2450
sup,A2450,A2451
sup,A2451,A2452
sup,A2452,A2453
sup,A2453,A2454
sup,A2454,A2455
sup,A2455,A2456
sup,A2456,A2457
sup,A2457,A2458
sup,A2458,A2459
sup,A2459,A2460
sup,A2460,A2461
sup,A2461,A2462
sup,A2462,A2449
sup,A2463,A2464
sup,A2464,A2465
sup,A2465,A2466
sup,A2466,A2467
sup,A2467,A2468
sup,A2468,A2469
sup,A2469,A2470
sup,A2470,A2471
sup,A2471,A2472
sup,A2472,A2473
sup,A2473,A2474
sup,A2474,A2475
sup,A2475,A2476
sup,A2476,A2477
sup,A2477,A2478
sup,A2478,A2479
sup,A2479,A2480
sup,A2480,A2481
sup,A2481,A2482
sup,A2482,A2483
sup,A2483,A2484
sup,A2484,A2485
sup,A2485,A2486
sup,A2486,A2487
sup,A2487,A2488
sup,A2488,A2489
sup,A2489,A2490
sup,A2490,A2491
sup,A2491,A2492
sup,A2492,A2493
sup,A2493,A2494
sup,A2494,A2495
sup,A2495,A2496
sup,A2496,A2497
sup,A2497,A2498
sup,A2498,A2499
sup,A2499,A2500
sup,A2500,A2501
sup,A2501,A2502
sup,A2502,A2503
sup,A2503,A2463
sup,A2519,A2520
sup,A2520,A2521
sup,A2521,A2522
sup,A2526,A2527
sup,A2530,A2531
sup,A2534,A2535
sup,A2536,A2537
sup,A2537,A2538
sup,A2539,A2540
sup,A2540,A2541
sup,A2542,A2543
sup,A2546,A2547
sup,A2548,A2549
sup,A2549,A2550
sup,A2550,A2551
sup,A2554,A2519
sup,A2555,A2556
sup,A2556,A2557
sup,A2558,A2559
sup,A2559,A2560
sup,A2562,A2563
sup,A2564,A2565
sup,A2565,A2566
sup,A2566,A2567
sup,A2567,A2568
sup,A2570,A2571
sup,A2571,A2572
sup,A2573,A2574
sup,A2574,A2575
sup,A2578,A2579
sup,A2579,A2580
sup,A2581,A2582
sup,A2582,A2583
sup,A2586,A2587
sup,A2588,A2589
sup,A2589,A2590
sup,A2592,A2593
sup,A2595,A2596
sup,A2596,A2555
sup,A2597,A2598
sup,A2598,A2599
sup,A2599,A2597
sup,A133,A134
sup,A169,A170
sup,A211,A212
sup,A263,A264
sup,A283,A284
sup,A365,A366
sup,A384,A385
sup,A401,A402
sup,A506,A507
sup,A535,A536
sup,A559,A560
sup,A650,A651
sup,A658,A659
sup,A727,A728
sup,A730,A731
sup,A763,A764
sup,A793,A794
sup,A920,A921
sup,A948,A949
sup,A1072,A1073
sup,A1147,A1148
sup,A1192,A1193
sup,A1216,A1217
sup,A1254,A1255
sup,A1282,A1283
sup,A1299,A0
sup,A1307,A1308
sup,A1395,A1396
sup,A1421,A1422
sup,A1454,A1455
sup,A1543,A1544
sup,A1623,A1624
sup,A1667,A1668
sup,A1692,A1693
sup,A1696,A1697
sup,A1796,A1797
sup,A1891,A1892
sup,A1900,A1901
sup,A1966,A1967
sup,A2015,A2016
sup,A2108,A2109
sup,A2153,A2154
sup,A2202,A2203
sup,A2259,A2260
sup,A2263,A2264
sup,A2295,A2296
sup,A2324,A2325
sup,A2349,A2350
sup,A2400,A2401
sup,A2448,A2449
sup,A2462,A2463
sup,A2503,A2504
sup,A2518,A2519
sup,A2596,A2597
sup,A2599,A1300
sup,A0,A124
sup,A0,A831
sup,A1,A1678
sup,A1,A563
sup,A1,A1834
sup,A1,A90
sup,A1,A1840
sup,A1,A978
sup,A1,A1539
sup,A1,A1318
sup,A1,A1988
sup,A1,A1138
sup,A1,A863
sup,A1,A1160
sup,A1,A790
sup,A1,A580
sup,A1,A1412
sup,A8,A488
sup,A8,A304
sup,A8,A1946
sup,A8,A1410
sup,A8,A1842
sup,A9,A30
sup,A9,A1061
sup,A9,A106
sup,A9,A2502
sup,A9,A424
sup,A9,A436
sup,A9,A2389
sup,A9,A1387
sup,A9,A2346
sup,A9,A341
sup,A9,A1984
sup,A9,A1120
sup,A9,A2221
sup,A9,A1454
sup,A10,A647
sup,A10,A2358
sup,A10,A793
sup,A10,A1438
sup,A10,A349
sup,A10,A138
sup,A10,A1573
sup,A10,A2546
sup,A10,A213
sup,A10,A1723
sup,A10,A128
sup,A10,A2191
sup,A10,A2284
sup,A10,A831
sup,A10,A2411
sup,A10,A2021
sup,A10,A2062
sup,A10,A2439
sup,A10,A1243
sup,A10,A1758
sup,A10,A786
sup,A11,A382
sup,A11,A2122
sup,A11,A2025
sup,A11,A95
sup,A16,A471
sup,A16,A70
sup,A16,A764
sup,A16,A740
sup,A16,A2163
sup,A16,A2308
sup,A16,A1920
sup,A16,A2018
sup,A16,A1537
sup,A16,A130
sup,A16,A1310
sup,A16,A1117
sup,A16,A2023
sup,A16,A797
sup,A16,A918
sup,A16,A2582
sup,A16,A437
sup,A16,A1403
sup,A16,A2006
sup,A16,A2184
sup,A16,A882
sup,A16,A898
sup,A16,A906
sup,A16,A2150
sup,A23,A468
sup,A23,A360
sup,A23,A496
sup,A23,A1625
sup,A23,A2006
sup,A23,A1213
sup,A23,A374
sup,A23,A117
sup,A23,A789
sup,A23,A1991
sup,A23,A2551
sup,A23,A1324
sup,A23,A1675
sup,A23,A2251
sup,A23,A1580
sup,A23,A569
sup,A23,A1242
sup,A23,A2368
sup,A23,A2574
sup,A23,A2534
sup,A23,A1182
sup,A23,A2183
sup,A23,A1258
sup,A26,A1663
sup,A26,A2562
sup,A26,A1135
sup,A26,A1884
sup,A26,A1980
sup,A26,A741
sup,A26,A1842
sup,A26,A1589
sup,A26,A1218
sup,A26,A380
sup,A26,A1408
sup,A26,A777
sup,A26,A457
sup,A26,A1667
sup,A26,A2376
sup,A30,A1183
sup,A30,A873
sup,A30,A877
sup,A30,A622
sup,A30,A2571
sup,A30,A1871
sup,A30,A2586
sup,A30,A939
sup,A33,A28
sup,A33,A826
sup,A33,A485
sup,A33,A2229
sup,A33,A759
sup,A33,A1972
sup,A33,A2435
sup,A33,A1774
sup,A33,A1912
sup,A33,A1422
sup,A33,A780
sup,A33,A266
sup,A33,A1660
sup,A33,A2336
sup,A33,A714
sup,A33,A2298
sup,A33,A1131
sup,A33,A1865
sup,A33,A1633
sup,A33,A1160
sup,A33,A1684
sup,A33,A26
sup,A35,A672
sup,A35,A583
sup,A35,A2361
sup,A35,A2345
sup,A35,A2343
sup,A35,A1356
sup,A35,A2078
sup,A35,A29
sup,A35,A2119
sup,A35,A788
sup,A35,A1266
sup,A35,A1184
sup,A36,A989
sup,A38,A1077
sup,A38,A2565
sup,A38,A2494
sup,A38,A1304
sup,A38,A1141
sup,A38,A900
sup,A38,A669
sup,A38,A209
sup,A38,A2364
sup,A38,A1208
sup,A38,A2101
sup,A38,A1159
sup,A39,A752
sup,A39,A1217
sup,A39,A1872
sup,A39,A1888
sup,A39,A393
sup,A39,A1809
sup,A39,A1602
sup,A39,A877
sup,A40,A2269
sup,A40,A1621
sup,A40,A2563
sup,A40,A1479
sup,A40,A245
sup,A40,A824
sup,A40,A1223
sup,A40,A494
sup,A40,A1128
sup,A40,A2210
sup,A40,A1135
sup,A40,A1340
sup,A40,A1414
sup,A40,A1772
sup,A40,A29
sup,A43,A1581
sup,A43,A641
sup,A43,A2295
sup,A43,A1343
sup,A43,A1902
sup,A43,A2120
sup,A43,A2189
sup,A43,A686
sup,A43,A790
sup,A43,A491
sup,A43,A1550
sup,A43,A1468
sup,A43,A2222
sup,A45,A215
sup,A46,A1516
sup,A46,A2189
sup,A46,A2521
sup,A50,A1820
sup,A51,A431
sup,A51,A1570
sup,A51,A2597
sup,A51,A1892
sup,A51,A2016
sup,A51,A1653
sup,A51,A703
sup,A51,A688
sup,A51,A709
sup,A51,A1231
sup,A51,A1903
sup,A51,A1137
sup,A53,A56
sup,A53,A2343
sup,A53,A959
sup,A53,A497
sup,A53,A2592
sup,A53,A1631
sup,A53,A1891
sup,A53,A848
sup,A53,A1629
sup,A53,A1418
sup,A53,A68
sup,A53,A2474
sup,A53,A444
sup,A53,A77
sup,A53,A341
sup,A53,A1324
sup,A53,A1474
sup,A53,A1014
sup,A53,A653
sup,A53,A31
sup,A53,A2240
sup,A53,A1465
sup,A53,A28
sup,A53,A2361
sup,A54,A2500
sup,A54,A1426
sup,A54,A2364
sup,A54,A1009
sup,A54,A2299
sup,A54,A693
sup,A57,A1255
sup,A57,A962
sup,A57,A358
sup,A57,A2032
sup,A57,A392
sup,A57,A2065
sup,A57,A2452
sup,A57,A27
sup,A57,A762
sup,A57,A1195
sup,A57,A1533
sup,A57,A1708
sup,A57,A2046
sup,A57,A373
sup,A57,A1008
sup,A57,A1694
sup,A57,A2512
sup,A57,A535
sup,A57,A2302
sup,A57,A1620
sup,A57,A915
sup,A58,A2223
sup,A60,A439
sup,A60,A964
sup,A60,A2091
sup,A60,A1907
sup,A66,A656
sup,A66,A1821
sup,A66,A2313
sup,A66,A9
sup,A66,A1101
sup,A66,A77
sup,A67,A187
sup,A67,A2053
sup,A67,A130
sup,A67,A2162
sup,A67,A908
sup,A68,A2227
sup,A68,A2161
sup,A68,A1133
sup,A68,A2237
sup,A68,A2010
sup,A68,A577
sup,A68,A954
sup,A68,A1555
sup,A68,A501
sup,A68,A1234
sup,A68,A1901
sup,A68,A429
sup,A68,A2394
sup,A68,A1540
sup,A68,A1517
sup,A68,A41
sup,A68,A701
sup,A68,A79
sup,A68,A1693
sup,A69,A2139
sup,A69,A1552
sup,A69,A1439
sup,A69,A276
sup,A69,A2189
sup,A69,A1656
sup,A69,A514
sup,A69,A836
sup,A69,A1574
sup,A69,A1594
sup,A69,A1682
sup,A69,A1155
sup,A69,A941
sup,A70,A66
sup,A70,A841
sup,A70,A946
sup,A70,A1398
sup,A70,A1169
sup,A70,A312
sup,A70,A244
sup,A70,A966
sup,A70,A1776
sup,A70,A2019
sup,A70,A2101
sup,A70,A677
sup,A70,A2170
sup,A70,A260
sup,A70,A2394
sup,A70,A1707
sup,A70,A1431
sup,A70,A2105
sup,A70,A2160
sup,A70,A328
sup,A70,A1790
sup,A70,A2589
sup,A70,A2081
sup,A70,A177
sup,A71,A1883
sup,A71,A1145
sup,A71,A788
sup,A71,A2300
sup,A72,A646
sup,A72,A1176
sup,A72,A1506
sup,A72,A767
sup,A72,A1328
sup,A72,A1278
sup,A72,A120
sup,A72,A79
sup,A72,A549
sup,A72,A2160
sup,A72,A138
sup,A72,A2400
sup,A72,A358
sup,A72,A2290
sup,A72,A1358
sup,A72,A1362
sup,A72,A2579
sup,A72,A1721
sup,A72,A359
sup,A72,A1314
sup,A72,A1796
sup,A72,A1925
sup,A72,A1679
sup,A73,A2466
sup,A73,A1624
sup,A73,A283
sup,A73,A1663
sup,A73,A1136
sup,A73,A1798
sup,A73,A2594
sup,A73,A636
sup,A73,A2491
sup,A73,A1695
sup,A73,A1890
sup,A73,A194
sup,A73,A257
sup,A73,A215
sup,A73,A833
sup,A73,A486
sup,A73,A1501
sup,A73,A1078
sup,A73,A1511
sup,A73,A685
sup,A73,A1275
sup,A73,A2097
sup,A73,A1188
sup,A75,A447
sup,A75,A256
sup,A75,A1968
sup,A75,A1494
sup,A75,A513
sup,A75,A1955
sup,A75,A1631
sup,A75,A1185
sup,A75,A87
sup,A77,A2158
sup,A77,A1780
sup,A77,A1608
sup,A77,A1712
sup,A77,A2513
sup,A77,A2195
sup,A77,A2017
sup,A77,A245
sup,A77,A1371
sup,A77,A1543
sup,A77,A1892
sup,A77,A1568
sup,A77,A590
sup,A77,A2410
sup,A77,A2540
sup,A77,A2325
sup,A77,A2233
sup,A77,A2348
sup,A77,A2331
sup,A78,A129
sup,A78,A1764
sup,A78,A946
sup,A78,A747
sup,A78,A908
sup,A78,A1905
sup,A78,A1397
sup,A78,A2007
sup,A78,A1587
sup,A78,A517
sup,A78,A370
sup,A78,A1826
sup,A78,A954
sup,A78,A425
sup,A78,A536
sup,A78,A2294
sup,A78,A2410
sup,A78,A2329
sup,A80,A603
sup,A80,A934
sup,A80,A343
sup,A83,A2477
sup,A83,A1672
sup,A83,A1837
sup,A83,A1249
sup,A83,A1240
sup,A83,A2511
sup,A83,A1687
sup,A83,A2059
sup,A84,A507
sup,A84,A624
sup,A84,A1031
sup,A84,A1428
sup,A84,A185
sup,A84,A2399
sup,A84,A1514
sup,A84,A2098
sup,A84,A2166
sup,A84,A1079
sup,A84,A1940
sup,A84,A1431
sup,A84,A1030
sup,A84,A543
sup,A84,A713
sup,A84,A2317
sup,A84,A1553
sup,A84,A79
sup,A84,A1598
sup,A84,A459
sup,A84,A1165
sup,A84,A139
sup,A86,A2163
sup,A86,A2123
sup,A86,A810
sup,A86,A1789
sup,A86,A1435
sup,A86,A751
sup,A86,A1637
sup,A86,A1428
sup,A86,A1102
sup,A86,A14
sup,A86,A1810
sup,A86,A1320
sup,A86,A1002
sup,A87,A1270
sup,A87,A1862
sup,A87,A421
sup,A87,A2037
sup,A87,A2580
sup,A87,A2378
sup,A87,A289
sup,A87,A1127
sup,A87,A64
sup,A87,A1142
sup,A87,A992
sup,A87,A51
sup,A87,A1752
sup,A87,A772
sup,A87,A242
sup,A87,A1975
sup,A87,A1043
sup,A87,A2208
sup,A87,A2097
sup,A87,A1966
sup,A87,A1433
sup,A87,A1842
sup,A89,A117
sup,A89,A1007
sup,A89,A244
sup,A89,A2404
sup,A89,A480
sup,A89,A1296
sup,A89,A1454
sup,A89,A1458
sup,A89,A1637
sup,A89,A1558
sup,A89,A2509
sup,A89,A1858
sup,A89,A86
sup,A89,A2192
sup,A89,A894
sup,A89,A1011
sup,A89,A1129
sup,A89,A1671
sup,A89,A2215
sup,A90,A63
sup,A90,A640
sup,A90,A1170
sup,A90,A1835
sup,A90,A846
sup,A90,A232
sup,A90,A224
sup,A90,A1342
sup,A90,A1150
sup,A90,A1800
sup,A90,A1194
sup,A92,A2209
sup,A92,A747
sup,A92,A1465
sup,A92,A1204
sup,A92,A2460
sup,A92,A1128
sup,A92,A686
sup,A92,A1976
sup,A92,A1615
sup,A92,A337
sup,A92,A16
sup,A92,A171
sup,A94,A584
sup,A94,A1295
sup,A94,A934
sup,A95,A2458
sup,A95,A2522
sup,A95,A511
sup,A95,A1950
sup,A95,A1938
sup,A96,A474
sup,A96,A160
sup,A96,A393
sup,A96,A1106
sup,A96,A213
sup,A96,A1887
sup,A96,A2402
sup,A96,A2350
sup,A96,A1820
sup,A96,A1154
sup,A96,A935
sup,A98,A2247
sup,A98,A1778
sup,A98,A1430
sup,A98,A69
sup,A98,A461
sup,A98,A596
sup,A98,A497
sup,A98,A1771
sup,A98,A510
sup,A98,A757
sup,A98,A2372
sup,A98,A255
sup,A98,A16
sup,A98,A1196
sup,A99,A2230
sup,A99,A379
sup,A99,A103
sup,A99,A892
sup,A99,A2532
sup,A99,A1160
sup,A99,A2051
sup,A99,A1885
sup,A99,A1783
sup,A100,A1367
sup,A100,A563
sup,A100,A1014
sup,A100,A30
sup,A100,A1096
sup,A100,A953
sup,A100,A2157
sup,A100,A1054
sup,A100,A2213
sup,A100,A2089
sup,A100,A1673
sup,A100,A300
sup,A100,A2067
sup,A100,A177
sup,A100,A2526
sup,A100,A2297
sup,A100,A487
sup,A102,A63
sup,A102,A1174
sup,A102,A1485
sup,A102,A9
sup,A102,A1519
sup,A102,A75
sup,A102,A797
sup,A102,A891
sup,A102,A513
sup,A102,A1639
sup,A102,A1560
sup,A102,A1980
sup,A102,A1945
sup,A102,A2277
sup,A102,A2492
sup,A102,A78
sup,A102,A21
sup,A102,A1262
sup,A102,A1932
sup,A102,A1706
sup,A102,A411
sup,A102,A1431
sup,A102,A2046
sup,A102,A812
sup,A104,A2563
sup,A104,A918
sup,A104,A1596
sup,A104,A1841
sup,A104,A565
sup,A104,A1923
sup,A104,A2079
sup,A104,A1456
sup,A104,A1506
sup,A104,A315
sup,A104,A1231
sup,A104,A2041
sup,A104,A1511
sup,A104,A2050
sup,A104,A2146
sup,A104,A1935
sup,A104,A1474
sup,A104,A387
sup,A104,A1227
sup,A104,A475
sup,A112,A173
sup,A113,A696
sup,A113,A492
sup,A115,A2141
sup,A115,A1236
sup,A115,A19
sup,A115,A132
sup,A115,A661
sup,A115,A1146
sup,A115,A687
sup,A115,A920
sup,A115,A1085
sup,A115,A68
sup,A115,A2284
sup,A115,A733
sup,A115,A1288
sup,A115,A1036
sup,A115,A454
sup,A115,A2129
sup,A115,A1708
sup,A115,A2115
sup,A115,A1720
sup,A115,A406
sup,A115,A2499
sup,A115,A8
sup,A115,A158
sup,A115,A482
sup,A115,A546
sup,A116,A2215
sup,A116,A1133
sup,A116,A126
sup,A116,A864
sup,A116,A1531
sup,A116,A1836
sup,A116,A2522
sup,A116,A40
sup,A116,A1326
sup,A116,A505
sup,A116,A2169
sup,A116,A603
sup,A116,A693
sup,A116,A934
sup,A116,A1026
sup,A116,A1127
sup,A116,A2523
sup,A116,A887
sup,A116,A717
sup,A116,A1078
sup,A116,A2004
sup,A116,A1336
sup,A116,A1467
sup,A116,A166
sup,A116,A2520
sup,A116,A2168
sup,A117,A537
sup,A117,A558
sup,A117,A2159
sup,A117,A2022
sup,A117,A928
sup,A117,A549
sup,A117,A2106
sup,A117,A2350
sup,A117,A797
sup,A117,A2376
sup,A117,A1055
sup,A117,A1456
sup,A117,A2110
sup,A117,A1351
sup,A117,A2588
sup,A117,A1082
sup,A117,A1121
sup,A117,A800
sup,A117,A2542
sup,A117,A2357
sup,A117,A1701
sup,A117,A2179
sup,A117,A1969
sup,A117,A104
sup,A117,A1954
sup,A117,A2142
sup,A117,A2217
sup,A118,A1957
sup,A118,A8
sup,A118,A1336
sup,A118,A2064
sup,A118,A2232
sup,A118,A2413
sup,A118,A1292
sup,A119,A2052
sup,A119,A2262
sup,A119,A176
sup,A119,A2141
sup,A119,A1018
sup,A119,A2540
sup,A119,A959
sup,A119,A2004
sup,A119,A547
sup,A119,A322
sup,A119,A2549
sup,A119,A1995
sup,A119,A99
sup,A119,A1737
sup,A119,A581
sup,A119,A471
sup,A125,A16
sup,A125,A240
sup,A125,A2144
sup,A125,A23
sup,A125,A182
sup,A125,A1303
sup,A125,A2459
sup,A125,A418
sup,A125,A661
sup,A131,A1650
sup,A131,A859
sup,A131,A147
sup,A131,A2090
sup,A131,A2313
sup,A131,A1928
sup,A131,A1869
sup,A131,A952
sup,A131,A966
sup,A131,A1614
sup,A131,A2202
sup,A131,A518
sup,A131,A1162
sup,A131,A129
sup,A131,A1065
sup,A131,A1115
sup,A131,A1085
sup,A131,A2594
sup,A132,A1877
sup,A133,A758
sup,A133,A2254
sup,A133,A20
sup,A134,A732
sup,A134,A1977
sup,A134,A1864
sup,A134,A25
sup,A134,A1125
sup,A134,A355
sup,A134,A869
sup,A134,A2530
sup,A134,A1151
sup,A134,A1297
sup,A134,A1463
sup,A134,A1136
sup,A134,A2598
sup,A135,A725
sup,A135,A1697
sup,A135,A1614
sup,A135,A264
sup,A135,A904
sup,A135,A957
sup,A135,A2034
sup,A135,A1887
sup,A135,A741
sup,A135,A2148
sup,A135,A2546
sup,A135,A401
sup,A135,A2027
sup,A135,A2191
sup,A135,A1195
sup,A135,A1795
sup,A135,A699
sup,A135,A393
sup,A135,A1080
sup,A135,A2388
sup,A139,A952
sup,A139,A2376
sup,A139,A1667
sup,A139,A109
sup,A139,A1837
sup,A139,A1955
sup,A139,A1373
sup,A139,A979
sup,A139,A205
sup,A139,A1153
sup,A139,A2100
sup,A139,A61
sup,A139,A1531
sup,A139,A1956
sup,A139,A1740
sup,A139,A1975
sup,A141,A1502
sup,A141,A1555
sup,A141,A1781
sup,A141,A1527
sup,A141,A2491
sup,A141,A1380
sup,A141,A1016
sup,A141,A2440
sup,A141,A121
sup,A141,A968
sup,A141,A1372
sup,A141,A1114
sup,A141,A1471
sup,A141,A1010
sup,A141,A1072
sup,A141,A559
sup,A141,A2430
sup,A141,A1231
sup,A142,A789
sup,A142,A251
sup,A146,A1328
sup,A146,A2057
sup,A146,A801
sup,A146,A728
sup,A146,A2334
sup,A146,A2587
sup,A146,A1317
sup,A146,A969
sup,A146,A1183
sup,A146,A413
sup,A146,A1357
sup,A146,A2212
sup,A146,A780
sup,A146,A2189
sup,A146,A2306
sup,A146,A814
sup,A146,A2388
sup,A146,A2127
sup,A146,A1877
sup,A148,A212
sup,A148,A1035
sup,A148,A1508
sup,A148,A660
sup,A148,A527
sup,A148,A1323
sup,A148,A1742
sup,A148,A45
sup,A148,A2292
sup,A148,A289
sup,A148,A2052
sup,A148,A663
sup,A148,A1011
sup,A151,A1811
sup,A151,A646
sup,A151,A1232
sup,A151,A1173
sup,A151,A1705
sup,A151,A1893
sup,A151,A1276
sup,A151,A1834
sup,A151,A2518
sup,A151,A141
sup,A151,A2032
sup,A151,A2483
sup,A151,A1556
sup,A151,A1508
sup,A151,A2503
sup,A151,A1121
sup,A151,A1718
sup,A151,A130
sup,A151,A1930
sup,A151,A1128
sup,A151,A2062
sup,A151,A2105
sup,A151,A661
sup,A151,A2339
sup,A151,A290
sup,A152,A825
sup,A152,A62
sup,A152,A1072
sup,A152,A2467
sup,A152,A2160
sup,A152,A1229
sup,A152,A461
sup,A152,A426
sup,A152,A678
sup,A152,A1514
sup,A152,A894
sup,A152,A864
sup,A154,A2186
sup,A154,A2346
sup,A154,A2078
sup,A154,A967
sup,A154,A2220
sup,A154,A230
sup,A154,A1142
sup,A154,A1162
sup,A154,A1360
sup,A154,A449
sup,A154,A2560
sup,A154,A124
sup,A154,A348
sup,A156,A828
sup,A156,A2392
sup,A156,A1859
sup,A156,A1266
sup,A156,A2408
sup,A156,A889
sup,A160,A937
sup,A160,A2054
sup,A160,A1973
sup,A163,A550
sup,A163,A1704
sup,A163,A1981
sup,A163,A2526
sup,A163,A473
sup,A163,A347
sup,A163,A369
sup,A163,A2214
sup,A163,A961
sup,A163,A2383
sup,A163,A928
sup,A163,A405
sup,A163,A397
sup,A163,A2523
sup,A163,A2243
sup,A163,A1663
sup,A164,A1222
sup,A164,A626
sup,A164,A818
sup,A169,A1513
sup,A169,A2446
sup,A169,A211
sup,A170,A675
sup,A170,A628
sup,A170,A1408
sup,A170,A1056
sup,A171,A918
sup,A171,A1628
sup,A171,A393
sup,A171,A1061
sup,A171,A590
sup,A171,A369
sup,A171,A1487
sup,A171,A905
sup,A171,A2199
sup,A171,A815
sup,A171,A302
sup,A171,A81
sup,A171,A2204
sup,A171,A411
sup,A171,A2096
sup,A171,A2556
sup,A171,A1927
sup,A171,A635
sup,A171,A224
sup,A171,A545
sup,A171,A1078
sup,A171,A996
sup,A171,A1563
sup,A171,A1273
sup,A171,A1371
sup,A171,A627
sup,A171,A605
sup,A171,A740
sup,A171,A1186
sup,A171,A2230
sup,A175,A1512
sup,A175,A821
sup,A175,A1653
sup,A175,A1865
sup,A175,A311
sup,A175,A250
sup,A175,A375
sup,A175,A2176
sup,A175,A324
sup,A175,A1732
sup,A175,A1982
sup,A175,A864
sup,A175,A2309
sup,A175,A59
sup,A175,A1899
sup,A175,A97
sup,A175,A773
sup,A175,A271
sup,A175,A2331
sup,A175,A1055
sup,A175,A1360
sup,A175,A889
sup,A176,A1630
sup,A176,A1470
sup,A176,A562
sup,A176,A27
sup,A176,A2468
sup,A176,A1479
sup,A176,A2134
sup,A176,A2111
sup,A176,A1578
sup,A176,A2559
sup,A176,A411
sup,A176,A850
sup,A176,A416
sup,A176,A1169
sup,A176,A2410
sup,A176,A2165
sup,A176,A2077
sup,A176,A1157
sup,A176,A432
sup,A176,A110
sup,A176,A1415
sup,A176,A2038
sup,A176,A319
sup,A176,A888
sup,A176,A2025
sup,A176,A1611
sup,A176,A1348
sup,A179,A2041
sup,A179,A1706
sup,A179,A1154
sup,A179,A1845
sup,A179,A824
sup,A184,A2054
sup,A184,A1220
sup,A185,A103
sup,A185,A1297
sup,A185,A2485
sup,A185,A1807
sup,A185,A1537
sup,A187,A567
sup,A187,A885
sup,A187,A1234
sup,A187,A2410
sup,A187,A1398
sup,A187,A625
sup,A187,A570
sup,A187,A314
sup,A187,A841
sup,A187,A2421
sup,A187,A1529
sup,A187,A808
sup,A187,A2387
sup,A187,A1794
sup,A187,A1172
sup,A187,A1685
sup,A187,A1276
sup,A187,A990
sup,A188,A407
sup,A188,A931
sup,A188,A1632
sup,A188,A775
sup,A188,A1231
sup,A188,A1619
sup,A188,A1867
sup,A188,A875
sup,A188,A945
sup,A188,A2376
sup,A188,A2017
sup,A188,A490
sup,A188,A418
sup,A188,A256
sup,A188,A2576
sup,A188,A1897
sup,A189,A198
sup,A189,A2516
sup,A189,A2184
sup,A189,A131
sup,A189,A948
sup,A189,A2496
sup,A189,A1018
sup,A189,A1687
sup,A189,A2394
sup,A189,A1575
sup,A192,A246
sup,A192,A1998
sup,A192,A1234
sup,A192,A2021
sup,A192,A182
sup,A192,A1084
sup,A192,A128
sup,A192,A754
sup,A192,A671
sup,A192,A2310
sup,A192,A232
sup,A192,A2070
sup,A192,A660
sup,A193,A819
sup,A193,A153
sup,A193,A1318
sup,A193,A1099
sup,A193,A1472
sup,A193,A1920
sup,A193,A2496
sup,A193,A1144
sup,A193,A1026
sup,A193,A1004
sup,A193,A1735
sup,A193,A1803
sup,A193,A2097
sup,A193,A1988
sup,A193,A81
sup,A193,A2292
sup,A193,A1936
sup,A193,A9
sup,A193,A1628
sup,A193,A986
sup,A193,A1369
sup,A193,A1747
sup,A193,A532
sup,A193,A1064
sup,A193,A1282
sup,A193,A286
sup,A195,A1536
sup,A195,A1561
sup,A195,A169
sup,A195,A1811
sup,A195,A797
sup,A195,A1770
sup,A195,A55
sup,A195,A2317
sup,A198,A2562
sup,A198,A1872
sup,A198,A1966
sup,A198,A88
sup,A198,A122
sup,A198,A2583
sup,A198,A495
sup,A198,A1611
sup,A198,A2156
sup,A198,A1553
sup,A198,A2577
sup,A198,A721
sup,A198,A1819
sup,A198,A2363
sup,A198,A630
sup,A198,A1963
sup,A198,A2229
sup,A203,A1998
sup,A203,A971
sup,A203,A105
sup,A203,A558
sup,A203,A182
sup,A204,A134
sup,A204,A2329
sup,A204,A2538
sup,A204,A988
sup,A204,A2183
sup,A204,A1131
sup,A204,A724
sup,A204,A940
sup,A204,A831
sup,A204,A18
sup,A204,A2483
sup,A204,A1055
sup,A204,A1109
sup,A204,A948
sup,A204,A1509
sup,A204,A858
sup,A204,A794
sup,A204,A1705
sup,A204,A866
sup,A205,A98
sup,A205,A2184
sup,A205,A1769
sup,A205,A1385
sup,A205,A1167
sup,A205,A1828
sup,A205,A241
sup,A205,A143
sup,A205,A758
sup,A205,A918
sup,A205,A626
sup,A205,A567
sup,A206,A557
sup,A206,A17
sup,A206,A911
sup,A206,A646
sup,A206,A1019
sup,A206,A150
sup,A206,A1562
sup,A206,A2540
sup,A206,A50
sup,A207,A686
sup,A207,A2260
sup,A207,A749
sup,A207,A1854
sup,A207,A2178
sup,A207,A137
sup,A207,A1602
sup,A207,A1735
sup,A207,A1235
sup,A208,A1085
sup,A208,A705
sup,A208,A2243
sup,A208,A487
sup,A208,A2049
sup,A208,A398
sup,A208,A1273
sup,A208,A283
sup,A208,A2460
sup,A208,A328
sup,A208,A1848
sup,A208,A324
sup,A208,A1182
sup,A208,A2289
sup,A208,A32
sup,A208,A919
sup,A208,A1732
sup,A208,A1726
sup,A208,A937
sup,A208,A998
sup,A208,A402
sup,A208,A101
sup,A208,A1389
sup,A208,A2076
sup,A209,A509
sup,A209,A882
sup,A209,A712
sup,A209,A1450
sup,A209,A555
sup,A209,A2529
sup,A209,A1083
sup,A209,A1695
sup,A209,A534
sup,A209,A1570
sup,A209,A786
sup,A209,A2039
sup,A209,A1449
sup,A209,A565
sup,A209,A1298
sup,A209,A759
sup,A209,A2068
sup,A209,A1550
sup,A209,A1929
sup,A210,A1964
sup,A210,A2507
sup,A210,A2317
sup,A210,A248
sup,A210,A322
sup,A210,A2050
sup,A210,A349
sup,A210,A1190
sup,A210,A493
sup,A210,A2573
sup,A211,A1587
sup,A211,A246
sup,A211,A2059
sup,A212,A1739
sup,A212,A14
sup,A212,A2131
sup,A212,A2043
sup,A212,A1696
sup,A212,A2544
sup,A212,A2523
sup,A212,A135
sup,A212,A1324
sup,A212,A1190
sup,A212,A1891
sup,A212,A1400
sup,A212,A1790
sup,A212,A555
sup,A212,A1781
sup,A212,A1963
sup,A212,A2119
sup,A212,A1530
sup,A212,A806
sup,A212,A1386
sup,A212,A161
sup,A212,A264
sup,A212,A2223
sup,A215,A499
sup,A220,A472
sup,A220,A830
sup,A220,A703
sup,A220,A1213
sup,A220,A1058
sup,A220,A514
sup,A220,A834
sup,A220,A1928
sup,A220,A2235
sup,A220,A1449
sup,A220,A2332
sup,A220,A2436
sup,A220,A1870
sup,A220,A601
sup,A220,A2039
sup,A220,A2439
sup,A220,A2290
sup,A220,A1941
sup,A220,A2133
sup,A220,A479
sup,A220,A2227
sup,A220,A886
sup,A221,A1131
sup,A221,A1109
sup,A221,A279
sup,A221,A1690
sup,A221,A2328
sup,A221,A1057
sup,A221,A1562
sup,A221,A1982
sup,A221,A1474
sup,A221,A1008
sup,A221,A1354
sup,A221,A900
sup,A221,A1980
sup,A221,A1353
sup,A221,A2164
sup,A221,A2248
sup,A221,A396
sup,A221,A493
sup,A221,A948
sup,A221,A1939
sup,A221,A1468
sup,A221,A391
sup,A221,A2413
sup,A221,A1495
sup,A223,A1939
sup,A223,A2152
sup,A223,A1095
sup,A223,A2355
sup,A223,A2452
sup,A223,A2255
sup,A230,A169
sup,A231,A996
sup,A231,A35
sup,A231,A1260
sup,A231,A362
sup,A231,A2108
sup,A231,A2169
sup,A231,A1509
sup,A231,A1821
sup,A231,A2407
sup,A231,A272
sup,A231,A2180
sup,A231,A180
sup,A231,A1492
sup,A231,A162
sup,A231,A1601
sup,A231,A1687
sup,A231,A373
sup,A231,A646
sup,A232,A1992
sup,A232,A1101
sup,A232,A890
sup,A232,A1602
sup,A232,A1339
sup,A232,A1815
sup,A232,A1805
sup,A232,A1527
sup,A232,A629
sup,A232,A482
sup,A232,A1746
sup,A232,A1463
sup,A232,A1709
sup,A237,A959
sup,A237,A2198
sup,A237,A2183
sup,A237,A1218
sup,A237,A2132
sup,A237,A455
sup,A237,A1215
sup,A237,A1131
sup,A237,A2214
sup,A237,A1217
sup,A237,A1359
sup,A237,A1995
sup,A237,A834
sup,A237,A1788
sup,A237,A296
sup,A237,A911
sup,A237,A529
sup,A237,A1853
sup,A237,A1445
sup,A238,A2578
sup,A238,A1646
sup,A238,A693
sup,A238,A2236
sup,A239,A1418
sup,A239,A1895
sup,A239,A435
sup,A239,A881
sup,A239,A720
sup,A239,A773
sup,A239,A2259
sup,A239,A116
sup,A239,A995
sup,A239,A1547
sup,A239,A2262
sup,A239,A1839
sup,A239,A2344
sup,A239,A199
sup,A241,A356
sup,A241,A1088
sup,A241,A2548
sup,A242,A2433
sup,A242,A546
sup,A242,A982
sup,A242,A922
sup,A242,A1223
sup,A242,A495
sup,A245,A973
sup,A245,A2485
sup,A245,A532
sup,A245,A1349
sup,A245,A793
sup,A245,A551
sup,A245,A1670
sup,A245,A2535
sup,A245,A817
sup,A245,A2463
sup,A245,A866
sup,A245,A758
sup,A245,A1734
sup,A245,A405
sup,A245,A1976
sup,A246,A2177
sup,A246,A668
sup,A246,A1618
sup,A246,A237
sup,A246,A495
sup,A246,A1739
sup,A246,A1083
sup,A246,A1585
sup,A246,A1619
sup,A246,A1553
sup,A246,A765
sup,A246,A984
sup,A246,A2170
sup,A246,A1661
sup,A246,A1841
sup,A246,A2079
sup,A246,A2594
sup,A246,A307
sup,A246,A398
sup,A246,A385
sup,A248,A51
sup,A248,A1405
sup,A248,A2094
sup,A248,A228
sup,A248,A532
sup,A248,A1452
sup,A248,A508
sup,A248,A585
sup,A248,A122
sup,A248,A678
sup,A248,A301
sup,A248,A540
sup,A248,A2160
sup,A248,A774
sup,A248,A1097
sup,A251,A907
sup,A251,A743
sup,A251,A79
sup,A251,A1962
sup,A251,A1165
sup,A251,A752
sup,A251,A1568
sup,A251,A2507
sup,A251,A2592
sup,A252,A1286
sup,A252,A2312
sup,A252,A255
sup,A252,A1867
sup,A252,A1381
sup,A252,A159
sup,A252,A1909
sup,A252,A2511
sup,A252,A96
sup,A252,A2577
sup,A253,A2476
sup,A254,A408
sup,A254,A1083
sup,A254,A467
sup,A254,A1314
sup,A254,A1800
sup,A254,A1033
sup,A254,A1827
sup,A254,A420
sup,A254,A1917
sup,A254,A2560
sup,A254,A683
sup,A254,A1481
sup,A254,A874
sup,A254,A451
sup,A254,A1154
sup,A254,A1673
sup,A254,A654
sup,A254,A1859
sup,A256,A2414
sup,A256,A1694
sup,A256,A2066
sup,A256,A2401
sup,A256,A2323
sup,A256,A1236
sup,A256,A2039
sup,A256,A345
sup,A256,A994
sup,A256,A2144
sup,A256,A425
sup,A256,A1382
sup,A256,A659
sup,A256,A1129
sup,A256,A1878
sup,A256,A475
sup,A256,A114
sup,A256,A1710
sup,A256,A519
sup,A256,A1745
sup,A256,A2512
sup,A256,A163
sup,A256,A506
sup,A258,A2045
sup,A258,A1039
sup,A258,A1558
sup,A259,A2571
sup,A259,A1165
sup,A259,A306
sup,A259,A415
sup,A259,A1749
sup,A259,A1900
sup,A259,A2134
sup,A259,A1101
sup,A259,A1761
sup,A259,A612
sup,A262,A733
sup,A262,A1223
sup,A262,A878
sup,A262,A2439
sup,A262,A165
sup,A262,A1257
sup,A262,A1215
sup,A262,A2157
sup,A262,A1967
sup,A262,A592
sup,A262,A1845
sup,A262,A1052
sup,A262,A1382
sup,A262,A363
sup,A262,A314
sup,A262,A2414
sup,A262,A298
sup,A262,A2591
sup,A262,A2091
sup,A262,A1857
sup,A262,A1377
sup,A262,A1930
sup,A268,A791
sup,A268,A2163
sup,A268,A737
sup,A268,A1985
sup,A268,A883
sup,A268,A2268
sup,A268,A151
sup,A268,A503
sup,A269,A960
sup,A269,A256
sup,A269,A1506
sup,A269,A746
sup,A269,A1500
sup,A269,A1282
sup,A269,A1026
sup,A269,A795
sup,A269,A410
sup,A270,A1033
sup,A270,A2272
sup,A270,A2485
sup,A270,A1618
sup,A270,A1713
sup,A270,A2085
sup,A270,A1473
sup,A270,A2191
sup,A270,A1084
sup,A270,A23
sup,A270,A405
sup,A270,A728
sup,A270,A2148
sup,A270,A646
sup,A270,A1586
sup,A270,A400
sup,A271,A34
sup,A271,A1989
sup,A271,A2025
sup,A271,A372
sup,A271,A2296
sup,A271,A886
sup,A271,A1040
sup,A271,A2198
sup,A271,A1556
sup,A271,A1152
sup,A271,A809
sup,A271,A46
sup,A271,A2282
sup,A275,A37
sup,A275,A525
sup,A275,A1900
sup,A275,A1308
sup,A277,A2195
sup,A277,A502
sup,A277,A758
sup,A277,A1224
sup,A277,A364
sup,A280,A14
sup,A280,A1305
sup,A280,A232
sup,A280,A1980
sup,A280,A1869
sup,A280,A2413
sup,A280,A86
sup,A280,A2090
sup,A280,A2254
sup,A280,A1902
sup,A280,A199
sup,A280,A425
sup,A280,A781
sup,A280,A1143
sup,A280,A2055
sup,A280,A2085
sup,A280,A971
sup,A280,A1439
sup,A282,A1804
sup,A285,A1838
sup,A285,A1230
sup,A285,A1803
sup,A285,A262
sup,A285,A2380
sup,A285,A1100
sup,A285,A1714
sup,A285,A1956
sup,A285,A2353
sup,A285,A1374
sup,A285,A636
sup,A285,A877
sup,A285,A1829
sup,A285,A929
sup,A285,A48
sup,A286,A1489
sup,A286,A991
sup,A286,A2385
sup,A286,A846
sup,A286,A2407
sup,A286,A849
sup,A286,A0
sup,A286,A1533
sup,A286,A1042
sup,A286,A576
sup,A286,A761
sup,A286,A2417
sup,A286,A675
sup,A286,A680
sup,A286,A611
sup,A286,A1832
sup,A286,A427
sup,A286,A18
sup,A286,A128
sup,A286,A2498
sup,A286,A780
sup,A286,A2285
sup,A286,A1737
sup,A286,A1020
sup,A286,A596
sup,A286,A1439
sup,A286,A2052
sup,A286,A2065
sup,A286,A909
sup,A287,A490
sup,A287,A2275
sup,A287,A1531
sup,A287,A633
sup,A287,A2581
sup,A287,A479
sup,A287,A1728
sup,A287,A1709
sup,A287,A1202
sup,A287,A1152
sup,A287,A1675
sup,A287,A1177
sup,A287,A1933
sup,A287,A2024
sup,A287,A1309
sup,A287,A907
sup,A287,A1879
sup,A287,A1990
sup,A287,A464
sup,A287,A884
sup,A287,A243
sup,A288,A378
sup,A288,A541
sup,A288,A2228
sup,A288,A2305
sup,A288,A2156
sup,A289,A33
sup,A289,A96
sup,A289,A1846
sup,A289,A214
sup,A289,A1563
sup,A289,A1596
sup,A289,A921
sup,A289,A2348
sup,A289,A2232
sup,A289,A22
sup,A289,A2034
sup,A289,A190
sup,A289,A659
sup,A289,A1916
sup,A290,A909
sup,A290,A138
sup,A290,A2263
sup,A290,A2553
sup,A290,A1150
sup,A290,A1573
sup,A290,A372
sup,A290,A2531
sup,A290,A1234
sup,A290,A495
sup,A290,A599
sup,A290,A2448
sup,A290,A2094
sup,A290,A1704
sup,A290,A979
sup,A290,A263
sup,A290,A1520
sup,A290,A1727
sup,A290,A1444
sup,A290,A2543
sup,A290,A1798
sup,A290,A69
sup,A292,A1063
sup,A292,A1951
sup,A292,A963
sup,A292,A150
sup,A292,A2512
sup,A292,A1118
sup,A292,A1949
sup,A292,A2386
sup,A292,A2268
sup,A292,A656
sup,A292,A2454
sup,A292,A1421
sup,A292,A1893
sup,A292,A641
sup,A292,A242
sup,A292,A2371
sup,A292,A1206
sup,A293,A1776
sup,A293,A154
sup,A293,A563
sup,A293,A1510
sup,A293,A155
sup,A293,A1751
sup,A293,A1203
sup,A293,A93
sup,A293,A726
sup,A293,A1071
sup,A293,A1958
sup,A293,A67
sup,A299,A1655
sup,A299,A1596
sup,A299,A665
sup,A299,A2544
sup,A299,A1239
sup,A299,A998
sup,A299,A1595
sup,A299,A618
sup,A300,A1741
sup,A300,A1775
sup,A300,A835
sup,A300,A1832
sup,A300,A248
sup,A300,A1376
sup,A300,A162
sup,A300,A1193
sup,A300,A443
sup,A300,A617
sup,A300,A1537
sup,A300,A2461
sup,A300,A366
sup,A300,A1325
sup,A300,A1604
sup,A300,A2283
sup,A300,A2039
sup,A300,A2355
sup,A300,A513
sup,A300,A1750
sup,A300,A1215
sup,A300,A58
sup,A302,A219
sup,A302,A2308
sup,A305,A1649
sup,A305,A182
sup,A305,A1288
sup,A305,A1545
sup,A305,A1404
sup,A305,A1719
sup,A305,A1421
sup,A305,A849
sup,A305,A2048
sup,A305,A505
sup,A305,A2407
sup,A305,A130
sup,A305,A2377
sup,A305,A1018
sup,A305,A1242
sup,A305,A206
sup,A305,A1347
sup,A305,A1900
sup,A305,A2388
sup,A305,A1871
sup,A305,A2073
sup,A305,A371
sup,A306,A927
sup,A306,A1979
sup,A306,A1518
sup,A306,A1452
sup,A306,A1996
sup,A306,A1763
sup,A306,A1138
sup,A306,A1277
sup,A306,A1072
sup,A306,A197
sup,A306,A1661
sup,A306,A862
sup,A306,A321
sup,A306,A1874
sup,A307,A1485
sup,A307,A2247
sup,A307,A231
sup,A307,A940
sup,A307,A1467
sup,A307,A2148
sup,A307,A154
sup,A307,A502
sup,A308,A1869
sup,A308,A405
sup,A308,A1947
sup,A308,A1820
sup,A308,A1001
sup,A308,A2569
sup,A308,A2558
sup,A308,A1395
sup,A308,A1293
sup,A308,A2362
sup,A308,A2178
sup,A308,A617
sup,A308,A1193
sup,A308,A2528
sup,A308,A98
sup,A308,A2581
sup,A308,A2490
sup,A308,A1419
sup,A308,A390
sup,A308,A2179
sup,A308,A1614
sup,A308,A1786
sup,A308,A1469
sup,A308,A1993
sup,A308,A2019
sup,A308,A1097
sup,A308,A1922
sup,A308,A1501
sup,A308,A910
sup,A308,A1309
sup,A310,A1730
sup,A310,A764
sup,A310,A1554
sup,A310,A198
sup,A310,A905
sup,A310,A2445
sup,A310,A2416
sup,A310,A2129
sup,A315,A196
sup,A315,A1868
sup,A315,A986
sup,A315,A1145
sup,A316,A65
sup,A316,A778
sup,A316,A2238
sup,A316,A1395
sup,A316,A511
sup,A316,A1944
sup,A316,A2085
sup,A316,A824
sup,A316,A1789
sup,A317,A1521
sup,A318,A513
sup,A318,A1273
sup,A318,A1910
sup,A318,A1809
sup,A318,A1577
sup,A318,A483
sup,A318,A2260
sup,A318,A557
sup,A318,A2532
sup,A318,A2509
sup,A318,A2137
sup,A318,A262
sup,A318,A1569
sup,A318,A1621
sup,A318,A1530
sup,A318,A340
sup,A318,A957
sup,A319,A451
sup,A319,A1940
sup,A319,A676
sup,A319,A1541
sup,A319,A1226
sup,A319,A1604
sup,A319,A2183
sup,A319,A152
sup,A319,A2171
sup,A319,A354
sup,A319,A291
sup,A319,A1473
sup,A319,A1644
sup,A321,A2370
sup,A321,A579
sup,A321,A2584
sup,A321,A691
sup,A321,A1735
sup,A321,A1409
sup,A321,A1274
sup,A321,A1694
sup,A321,A428
sup,A321,A2521
sup,A321,A2300
sup,A321,A1710
sup,A321,A2499
sup,A322,A527
sup,A322,A92
sup,A322,A294
sup,A322,A2034
sup,A322,A1207
sup,A322,A477
sup,A322,A2227
sup,A322,A1191
sup,A322,A12
sup,A322,A1646
sup,A322,A2509
sup,A322,A2170
sup,A322,A163
sup,A322,A1854
sup,A322,A2513
sup,A322,A2568
sup,A322,A614
sup,A322,A2216
sup,A322,A1737
sup,A322,A1081
sup,A322,A168
sup,A322,A1848
sup,A324,A1583
sup,A324,A1272
sup,A324,A963
sup,A324,A1384
sup,A324,A856
sup,A324,A2303
sup,A324,A1149
sup,A324,A1150
sup,A324,A1854
sup,A324,A908
sup,A324,A1109
sup,A324,A124
sup,A328,A2102
sup,A328,A2536
sup,A328,A571
sup,A328,A1274
sup,A328,A824
sup,A328,A998
sup,A328,A2254
sup,A328,A1730
sup,A328,A541
sup,A328,A1279
sup,A330,A2316
sup,A330,A1709
sup,A330,A1121
sup,A330,A78
sup,A331,A600
sup,A331,A824
sup,A331,A2345
sup,A331,A1065
sup,A332,A475
sup,A332,A1925
sup,A332,A1500
sup,A332,A2560
sup,A332,A303
sup,A332,A360
sup,A332,A129
sup,A332,A2569
sup,A332,A2535
sup,A332,A2263
sup,A334,A1520
sup,A334,A608
sup,A334,A2060
sup,A334,A2085
sup,A334,A1447
sup,A334,A1198
sup,A334,A1487
sup,A334,A2213
sup,A334,A1364
sup,A334,A1577
sup,A334,A917
sup,A337,A813
sup,A337,A143
sup,A337,A161
sup,A337,A873
sup,A337,A1122
sup,A337,A22
sup,A337,A909
sup,A337,A366
sup,A337,A1502
sup,A337,A2134
sup,A337,A1811
sup,A337,A2280
sup,A337,A1562
sup,A337,A2366
sup,A337,A2487
sup,A337,A63
sup,A337,A2218
sup,A337,A326
sup,A337,A2557
sup,A337,A412
sup,A337,A2068
sup,A337,A1334
sup,A337,A277
sup,A337,A1501
sup,A339,A870
sup,A339,A147
sup,A339,A1166
sup,A339,A1062
sup,A339,A244
sup,A339,A2146
sup,A339,A165
sup,A340,A966
sup,A340,A2066
sup,A340,A538
sup,A340,A1042
sup,A340,A35
sup,A340,A213
sup,A341,A1100
sup,A341,A215
sup,A341,A1270
sup,A341,A451
sup,A341,A655
sup,A341,A2280
sup,A341,A57
sup,A341,A1821
sup,A341,A2500
sup,A341,A1401
sup,A341,A1632
sup,A341,A8
sup,A341,A228
sup,A341,A276
sup,A341,A268
sup,A341,A1717
sup,A341,A494
sup,A341,A2557
sup,A341,A447
sup,A341,A1084
sup,A341,A2300
sup,A341,A2164
sup,A343,A657
sup,A343,A749
sup,A346,A1434
sup,A346,A1462
sup,A346,A1364
sup,A346,A1339
sup,A346,A1552
sup,A346,A2061
sup,A346,A2430
sup,A346,A1068
sup,A346,A384
sup,A350,A170
sup,A350,A935
sup,A350,A2092
sup,A350,A1613
sup,A350,A2493
sup,A350,A537
sup,A350,A2502
sup,A350,A271
sup,A350,A1535
sup,A350,A204
sup,A350,A988
sup,A350,A1991
sup,A350,A354
sup,A353,A1266
sup,A353,A527
sup,A353,A742
sup,A353,A1820
sup,A353,A124
sup,A353,A1421
sup,A353,A1027
sup,A353,A1098
sup,A354,A413
sup,A354,A2434
sup,A354,A1702
sup,A354,A2169
sup,A354,A983
sup,A354,A1760
sup,A354,A230
sup,A354,A56
sup,A354,A2422
sup,A354,A2558
sup,A354,A1275
sup,A354,A203
sup,A354,A334
sup,A354,A1454
sup,A354,A2257
sup,A354,A114
sup,A354,A2594
sup,A354,A2006
sup,A354,A65
sup,A354,A1384
sup,A354,A1214
sup,A354,A33
sup,A354,A1073
sup,A356,A48
sup,A356,A1524
sup,A356,A1764
sup,A356,A144
sup,A356,A2230
sup,A356,A171
sup,A356,A1497
sup,A356,A1201
sup,A356,A188
sup,A356,A2276
sup,A356,A1048
sup,A356,A1461
sup,A356,A2284
sup,A356,A743
sup,A356,A2019
sup,A356,A387
sup,A356,A190
sup,A356,A2570
sup,A356,A1427
sup,A357,A2552
sup,A357,A2072
sup,A357,A1677
sup,A357,A2541
sup,A357,A2077
sup,A357,A1034
sup,A357,A1903
sup,A357,A706
sup,A360,A846
sup,A360,A449
sup,A360,A426
sup,A360,A2058
sup,A360,A2476
sup,A360,A510
sup,A360,A2291
sup,A360,A1288
sup,A360,A127
sup,A360,A260
sup,A360,A1475
sup,A360,A1200
sup,A360,A285
sup,A360,A942
sup,A360,A1052
sup,A362,A1218
sup,A362,A1168
sup,A362,A1038
sup,A362,A978
sup,A362,A2321
sup,A362,A1997
sup,A362,A2328
sup,A362,A335
sup,A362,A2551
sup,A362,A1831
sup,A362,A1403
sup,A362,A285
sup,A362,A2227
sup,A362,A2409
sup,A362,A1616
sup,A362,A1555
sup,A364,A1685
sup,A364,A1531
sup,A364,A2271
sup,A364,A2166
sup,A364,A2554
sup,A364,A2105
sup,A364,A857
sup,A364,A317
sup,A364,A1206
sup,A364,A355
sup,A364,A2277
sup,A364,A851
sup,A364,A2231
sup,A364,A1863
sup,A364,A1504
sup,A364,A2298
sup,A364,A563
sup,A364,A789
sup,A364,A538
sup,A364,A594
sup,A367,A645
sup,A367,A1290
sup,A367,A574
sup,A371,A125
sup,A371,A733
sup,A371,A541
sup,A371,A1274
sup,A371,A1118
sup,A371,A1073
sup,A371,A708
sup,A371,A629
sup,A371,A9
sup,A371,A57
sup,A371,A1017
sup,A371,A1320
sup,A371,A301
sup,A371,A1315
sup,A373,A2011
sup,A373,A1899
sup,A373,A1247
sup,A373,A319
sup,A373,A1411
sup,A373,A1856
sup,A373,A2359
sup,A373,A889
sup,A373,A200
sup,A373,A1154
sup,A373,A1883
sup,A373,A1647
sup,A373,A2278
sup,A373,A1422
sup,A373,A280
sup,A373,A2545
sup,A373,A716
sup,A373,A199
sup,A373,A305
sup,A373,A1086
sup,A373,A2500
sup,A373,A1544
sup,A373,A754
sup,A373,A2163
sup,A375,A390
sup,A375,A1561
sup,A375,A1545
sup,A375,A1664
sup,A375,A51
sup,A375,A2015
sup,A375,A579
sup,A375,A350
sup,A375,A442
sup,A375,A1836
sup,A375,A1307
sup,A375,A2342
sup,A375,A1942
sup,A375,A942
sup,A375,A105
sup,A375,A1776
sup,A375,A413
sup,A375,A1171
sup,A375,A2187
sup,A375,A1981
sup,A375,A1884
sup,A375,A399
sup,A376,A2228
sup,A376,A1477
sup,A376,A2257
sup,A376,A1909
sup,A376,A1320
sup,A378,A2427
sup,A380,A2048
sup,A380,A2351
sup,A380,A1887
sup,A381,A391
sup,A381,A1669
sup,A381,A1460
sup,A382,A55
sup,A382,A1301
sup,A382,A1446
sup,A382,A4
sup,A383,A1518
sup,A383,A1936
sup,A383,A755
sup,A383,A1164
sup,A383,A509
sup,A385,A1549
sup,A385,A2212
sup,A385,A2279
sup,A385,A356
sup,A385,A806
sup,A385,A2344
sup,A385,A1198
sup,A385,A1892
sup,A385,A1496
sup,A385,A2180
sup,A386,A640
sup,A386,A1058
sup,A386,A2565
sup,A386,A2423
sup,A386,A1720
sup,A386,A2345
sup,A386,A1031
sup,A386,A1011
sup,A386,A979
sup,A386,A1319
sup,A386,A422
sup,A386,A2541
sup,A386,A1842
sup,A386,A1120
sup,A386,A827
sup,A386,A1241
sup,A386,A533
sup,A386,A1029
sup,A386,A1355
sup,A386,A1836
sup,A386,A826
sup,A386,A160
sup,A387,A2343
sup,A387,A2461
sup,A387,A882
sup,A388,A495
sup,A388,A1132
sup,A388,A207
sup,A388,A1751
sup,A388,A2055
sup,A388,A1121
sup,A388,A1403
sup,A388,A496
sup,A388,A380
sup,A388,A1276
sup,A388,A2491
sup,A388,A1821
sup,A388,A1706
sup,A388,A1071
sup,A388,A508
sup,A388,A621
sup,A388,A963
sup,A388,A2340
sup,A388,A1658
sup,A388,A1657
sup,A388,A471
sup,A390,A250
sup,A390,A2143
sup,A390,A1557
sup,A390,A2173
sup,A390,A5
sup,A390,A2339
sup,A392,A563
sup,A392,A1373
sup,A392,A1537
sup,A392,A109
sup,A392,A223
sup,A392,A1837
sup,A392,A1091
sup,A392,A2232
sup,A392,A1704
sup,A392,A2449
sup,A392,A35
sup,A392,A1058
sup,A392,A1286
sup,A392,A1835
sup,A392,A1440
sup,A392,A1999
sup,A392,A1715
sup,A392,A426
sup,A392,A2018
sup,A392,A1744
sup,A392,A1050
sup,A392,A1769
sup,A394,A820
sup,A394,A669
sup,A394,A757
sup,A394,A1464
sup,A394,A98
sup,A394,A551
sup,A394,A532
sup,A394,A2464
sup,A394,A139
sup,A394,A1559
sup,A394,A172
sup,A394,A2030
sup,A394,A855
sup,A394,A1061
sup,A394,A758
sup,A394,A811
sup,A395,A179
sup,A395,A1901
sup,A395,A141
sup,A395,A57
sup,A399,A1344
sup,A399,A423
sup,A399,A930
sup,A399,A2478
sup,A399,A461
sup,A400,A2446
sup,A400,A2257
sup,A400,A255
sup,A400,A2480
sup,A400,A198
sup,A400,A385
sup,A400,A2103
sup,A400,A2532
sup,A400,A1974
sup,A400,A2182
sup,A400,A384
sup,A401,A128
sup,A401,A2258
sup,A401,A989
sup,A401,A145
sup,A401,A2310
sup,A401,A813
sup,A402,A1202
sup,A402,A2144
sup,A402,A2585
sup,A402,A1390
sup,A402,A989
sup,A402,A1400
sup,A402,A938
sup,A402,A1651
sup,A402,A19
sup,A402,A2466
sup,A402,A1436
sup,A402,A545
sup,A402,A826
sup,A402,A2477
sup,A402,A1886
sup,A402,A1940
sup,A402,A907
sup,A402,A84
sup,A402,A1876
sup,A402,A1703
sup,A402,A393
sup,A402,A2000
sup,A404,A833
sup,A404,A2063
sup,A404,A2194
sup,A404,A2170
sup,A404,A1845
sup,A404,A1113
sup,A404,A1978
sup,A404,A387
sup,A408,A554
sup,A408,A1208
sup,A408,A993
sup,A408,A2120
sup,A408,A1085
sup,A408,A1788
sup,A408,A884
sup,A408,A2486
sup,A408,A1575
sup,A408,A1116
sup,A408,A1144
sup,A408,A630
sup,A408,A2227
sup,A411,A1684
sup,A411,A111
sup,A411,A2334
sup,A411,A1704
sup,A411,A2076
sup,A411,A237
sup,A411,A1013
sup,A411,A2104
sup,A411,A952
sup,A411,A2568
sup,A411,A589
sup,A411,A447
sup,A411,A2223
sup,A411,A1746
sup,A411,A292
sup,A411,A2250
sup,A411,A1678
sup,A411,A2146
sup,A411,A543
sup,A411,A2492
sup,A411,A1857
sup,A413,A2547
sup,A413,A2150
sup,A413,A533
sup,A413,A2354
sup,A413,A2016
sup,A413,A2413
sup,A413,A275
sup,A413,A626
sup,A413,A519
sup,A413,A648
sup,A415,A2248
sup,A415,A2422
sup,A415,A715
sup,A415,A2110
sup,A415,A1135
sup,A415,A1665
sup,A415,A575
sup,A415,A1241
sup,A415,A2374
sup,A415,A1016
sup,A415,A63
sup,A415,A1192
sup,A415,A1014
sup,A416,A2588
sup,A416,A968
sup,A416,A758
sup,A416,A2293
sup,A416,A1785
sup,A416,A1268
sup,A416,A2357
sup,A416,A29
sup,A416,A315
sup,A416,A1996
sup,A416,A1582
sup,A416,A2103
sup,A416,A127
sup,A416,A422
sup,A416,A1395
sup,A416,A1417
sup,A416,A1259
sup,A416,A2223
sup,A421,A2221
sup,A421,A2149
sup,A421,A1497
sup,A421,A466
sup,A421,A2287
sup,A421,A1071
sup,A421,A487
sup,A422,A1863
sup,A422,A1340
sup,A425,A1282
sup,A425,A1097
sup,A425,A510
sup,A425,A2212
sup,A425,A861
sup,A425,A2278
sup,A425,A1538
sup,A425,A1089
sup,A425,A1276
sup,A425,A1629
sup,A427,A1375
sup,A427,A1185
sup,A427,A1027
sup,A427,A2357
sup,A427,A209
sup,A427,A1579
sup,A427,A117
sup,A427,A2316
sup,A427,A1890
sup,A430,A501
sup,A430,A567
sup,A430,A2403
sup,A430,A1885
sup,A430,A244
sup,A431,A2171
sup,A431,A1129
sup,A431,A2083
sup,A431,A815
sup,A431,A1013
sup,A431,A2508
sup,A431,A1199
sup,A431,A445
sup,A431,A2429
sup,A431,A656
sup,A432,A1842
sup,A432,A539
sup,A432,A2068
sup,A432,A185
sup,A432,A552
sup,A432,A1476
sup,A432,A423
sup,A432,A1456
sup,A432,A229
sup,A432,A363
sup,A432,A1323
sup,A438,A801
sup,A438,A2209
sup,A438,A842
sup,A438,A1081
sup,A438,A2081
sup,A438,A2452
sup,A439,A1232
sup,A439,A1254
sup,A439,A63
sup,A442,A2203
sup,A442,A1908
sup,A442,A1244
sup,A442,A2442
sup,A442,A2292
sup,A442,A2272
sup,A442,A639
sup,A442,A1806
sup,A442,A841
sup,A442,A770
sup,A443,A1303
sup,A443,A609
sup,A443,A1107
sup,A443,A12
sup,A443,A1543
sup,A443,A2191
sup,A443,A2439
sup,A443,A1019
sup,A443,A1396
sup,A443,A1260
sup,A443,A2578
sup,A443,A1126
sup,A443,A2245
sup,A443,A518
sup,A443,A917
sup,A443,A873
sup,A443,A77
sup,A443,A1372
sup,A443,A2284
sup,A446,A747
sup,A446,A331
sup,A446,A2340
sup,A449,A1616
sup,A449,A1689
sup,A449,A785
sup,A449,A220
sup,A449,A1733
sup,A449,A345
sup,A449,A271
sup,A449,A2025
sup,A449,A1206
sup,A449,A2495
sup,A449,A1769
sup,A449,A625
sup,A449,A675
sup,A449,A24
sup,A449,A1307
sup,A449,A54
sup,A449,A2056
sup,A449,A492
sup,A449,A2350
sup,A449,A877
sup,A449,A1592
sup,A449,A1432
sup,A449,A2053
sup,A449,A1756
sup,A449,A1948
sup,A449,A2583
sup,A449,A2226
sup,A453,A967
sup,A453,A338
sup,A453,A2592
sup,A453,A1707
sup,A453,A2107
sup,A453,A2085
sup,A453,A1883
sup,A453,A1038
sup,A453,A1080
sup,A453,A97
sup,A453,A704
sup,A453,A1557
sup,A453,A677
sup,A453,A1057
sup,A453,A519
sup,A453,A2177
sup,A453,A1606
sup,A453,A441
sup,A453,A1914
sup,A453,A412
sup,A453,A1202
sup,A453,A53
sup,A453,A1577
sup,A453,A1183
sup,A453,A995
sup,A453,A1196
sup,A454,A446
sup,A454,A1752
sup,A454,A1739
sup,A454,A496
sup,A454,A1911
sup,A454,A2122
sup,A454,A923
sup,A454,A2412
sup,A454,A2551
sup,A454,A689
sup,A454,A1450
sup,A454,A524
sup,A454,A96
sup,A454,A476
sup,A454,A1521
sup,A454,A2040
sup,A454,A1298
sup,A454,A517
sup,A454,A1148
sup,A456,A719
sup,A456,A1036
sup,A456,A101
sup,A456,A1565
sup,A456,A2084
sup,A456,A1216
sup,A456,A246
sup,A456,A783
sup,A456,A2578
sup,A456,A782
sup,A456,A1611
sup,A456,A791
sup,A456,A1109
sup,A456,A2265
sup,A456,A1942
sup,A456,A93
sup,A456,A2048
sup,A456,A1275
sup,A456,A1164
sup,A456,A1496
sup,A456,A984
sup,A458,A41
sup,A458,A2173
sup,A458,A1019
sup,A458,A125
sup,A458,A1831
sup,A458,A2268
sup,A458,A1438
sup,A458,A370
sup,A458,A1115
sup,A458,A1424
sup,A458,A989
sup,A458,A1885
sup,A458,A15
sup,A458,A324
sup,A458,A323
sup,A458,A1268
sup,A458,A2262
sup,A458,A1175
sup,A458,A1044
sup,A458,A1714
sup,A458,A2543
sup,A458,A1877
sup,A458,A2584
sup,A458,A2381
sup,A458,A1170
sup,A460,A245
sup,A460,A289
sup,A460,A1494
sup,A460,A453
sup,A460,A1845
sup,A460,A1355
sup,A460,A1740
sup,A460,A192
sup,A460,A182
sup,A460,A2224
sup,A460,A148
sup,A460,A2512
sup,A460,A1047
sup,A460,A1556
sup,A461,A1299
sup,A461,A166
sup,A461,A2007
sup,A461,A489
sup,A461,A1084
sup,A461,A422
sup,A461,A1475
sup,A461,A877
sup,A463,A113
sup,A463,A1379
sup,A463,A2489
sup,A463,A1639
sup,A463,A630
sup,A463,A905
sup,A463,A1659
sup,A463,A930
sup,A465,A1311
sup,A465,A1730
sup,A465,A561
sup,A466,A2497
sup,A466,A2041
sup,A466,A2242
sup,A466,A911
sup,A466,A2518
sup,A466,A2522
sup,A466,A1648
sup,A466,A1605
sup,A466,A1892
sup,A466,A82
sup,A466,A1805
sup,A466,A1639
sup,A466,A880
sup,A466,A111
sup,A466,A2124
sup,A466,A2189
sup,A466,A495
sup,A466,A1372
sup,A466,A780
sup,A466,A1757
sup,A466,A1131
sup,A466,A1319
sup,A466,A607
sup,A466,A464
sup,A471,A927
sup,A471,A868
sup,A471,A2289
sup,A471,A2155
sup,A471,A1403
sup,A471,A719
sup,A471,A2138
sup,A471,A2067
sup,A471,A2444
sup,A471,A1845
sup,A471,A90
sup,A473,A1704
sup,A473,A2521
sup,A473,A1847
sup,A473,A2239
sup,A473,A1183
sup,A473,A452
sup,A473,A187
sup,A473,A489
sup,A473,A562
sup,A473,A1602
sup,A474,A869
sup,A474,A640
sup,A474,A1973
sup,A474,A410
sup,A474,A1556
sup,A474,A379
sup,A474,A746
sup,A474,A1825
sup,A474,A273
sup,A474,A2167
sup,A474,A362
sup,A474,A2005
sup,A478,A223
sup,A478,A2169
sup,A478,A1017
sup,A478,A1215
sup,A478,A2259
sup,A478,A1872
sup,A478,A917
sup,A478,A1563
sup,A478,A631
sup,A478,A1623
sup,A482,A1206
sup,A482,A629
sup,A486,A678
sup,A486,A494
sup,A486,A1525
sup,A486,A867
sup,A486,A1232
sup,A486,A613
sup,A486,A2260
sup,A486,A116
sup,A486,A615
sup,A491,A1442
sup,A491,A1810
sup,A491,A303
sup,A495,A17
sup,A495,A925
sup,A495,A1699
sup,A495,A1707
sup,A495,A25
sup,A495,A2333
sup,A495,A1514
sup,A495,A1556
sup,A495,A551
sup,A498,A345
sup,A498,A1732
sup,A498,A1362
sup,A498,A50
sup,A498,A147
sup,A498,A1829
sup,A498,A1622
sup,A503,A1305
sup,A503,A1219
sup,A504,A178
sup,A504,A1584
sup,A504,A91
sup,A504,A1457
sup,A504,A1835
sup,A504,A2338
sup,A504,A2290
sup,A504,A2327
sup,A504,A856
sup,A504,A932
sup,A504,A240
sup,A504,A332
sup,A504,A1845
sup,A504,A2440
sup,A504,A601
sup,A504,A1967
sup,A504,A1275
sup,A504,A375
sup,A504,A1958
sup,A504,A681
sup,A505,A1518
sup,A505,A522
sup,A505,A689
sup,A505,A91
sup,A505,A1203
sup,A505,A391
sup,A505,A2538
sup,A505,A2380
sup,A505,A191
sup,A505,A1044
sup,A505,A1814
sup,A505,A1563
sup,A505,A1471
sup,A506,A1951
sup,A506,A1873
sup,A506,A1803
sup,A506,A2470
sup,A506,A2277
sup,A506,A1699
sup,A506,A1756
sup,A506,A139
sup,A506,A704
sup,A506,A336
sup,A506,A2337
sup,A506,A508
sup,A506,A307
sup,A506,A770
sup,A506,A1371
sup,A506,A2399
sup,A506,A1806
sup,A506,A1074
sup,A506,A2303
sup,A506,A1970
sup,A506,A816
sup,A506,A1999
sup,A506,A221
sup,A506,A1425
sup,A506,A1138
sup,A506,A715
sup,A506,A2443
sup,A506,A218
sup,A507,A1856
sup,A507,A258
sup,A507,A236
sup,A507,A818
sup,A507,A350
sup,A507,A1274
sup,A507,A2463
sup,A507,A1271
sup,A507,A1402
sup,A507,A2058
sup,A507,A671
sup,A507,A1110
sup,A507,A850
sup,A507,A705
sup,A511,A1174
sup,A511,A2406
sup,A511,A1732
sup,A511,A661
sup,A511,A2056
sup,A511,A909
sup,A511,A2416
sup,A511,A561
sup,A511,A2579
sup,A513,A445
sup,A514,A1629
sup,A514,A1388
sup,A514,A1939
sup,A514,A1524
sup,A514,A844
sup,A514,A2210
sup,A514,A386
sup,A514,A374
sup,A514,A1319
sup,A514,A2003
sup,A514,A1457
sup,A514,A1782
sup,A514,A1920
sup,A514,A1762
sup,A514,A796
sup,A514,A2037
sup,A514,A1327
sup,A514,A2479
sup,A514,A278
sup,A514,A741
sup,A515,A839
sup,A515,A1563
sup,A515,A95
sup,A515,A1153
sup,A515,A1248
sup,A515,A1167
sup,A515,A1796
sup,A515,A2599
sup,A515,A898
sup,A515,A729
sup,A515,A1146
sup,A515,A1818
sup,A515,A1629
sup,A515,A251
sup,A515,A1767
sup,A515,A1812
sup,A519,A162
sup,A519,A693
sup,A519,A1389
sup,A519,A473
sup,A519,A2386
sup,A519,A1021
sup,A519,A672
sup,A519,A34
sup,A519,A648
sup,A519,A2008
sup,A519,A577
sup,A519,A453
sup,A519,A1197
sup,A519,A744
sup,A519,A1139
sup,A519,A1520
sup,A519,A2531
sup,A519,A2381
sup,A519,A1968
sup,A519,A2485
sup,A519,A935
sup,A519,A2456
sup,A519,A1952
sup,A519,A589
sup,A519,A654
sup,A520,A1992
sup,A520,A238
sup,A520,A2288
sup,A520,A1482
sup,A520,A1195
sup,A520,A2197
sup,A520,A2187
sup,A520,A2218
sup,A520,A1201
sup,A520,A927
sup,A520,A1052
sup,A520,A1295
sup,A520,A2072
sup,A520,A2287
sup,A520,A375
sup,A520,A2267
sup,A520,A1253
sup,A522,A749
sup,A522,A2259
sup,A522,A708
sup,A522,A1562
sup,A522,A494
sup,A522,A64
sup,A522,A155
sup,A522,A2212
sup,A522,A942
sup,A522,A2504
sup,A523,A1544
sup,A523,A640
sup,A523,A1207
sup,A523,A1285
sup,A523,A2087
sup,A523,A180
sup,A523,A1813
sup,A524,A727
sup,A524,A319
sup,A524,A2483
sup,A524,A811
sup,A524,A295
sup,A524,A756
sup,A524,A1327
sup,A524,A2409
sup,A524,A1372
sup,A524,A687
sup,A524,A656
sup,A524,A2105
sup,A526,A1331
sup,A526,A52
sup,A526,A1806
sup,A526,A2185
sup,A526,A2405
sup,A526,A554
sup,A526,A773
sup,A527,A343
sup,A527,A1560
sup,A527,A488
sup,A527,A1437
sup,A527,A1715
sup,A527,A227
sup,A527,A1444
sup,A527,A1745
sup,A527,A1344
sup,A527,A1303
sup,A527,A1774
sup,A527,A1789
sup,A530,A915
sup,A530,A854
sup,A530,A59
sup,A530,A211
sup,A530,A1537
sup,A531,A1342
sup,A531,A2292
sup,A531,A700
sup,A531,A701
sup,A531,A2123
sup,A531,A395
sup,A531,A1539
sup,A531,A965
sup,A531,A1596
sup,A531,A155
sup,A531,A2171
sup,A531,A1813
sup,A534,A2436
sup,A534,A1765
sup,A534,A1731
sup,A534,A659
sup,A534,A1891
sup,A534,A1794
sup,A534,A463
sup,A534,A1808
sup,A534,A2284
sup,A534,A717
sup,A534,A1245
sup,A534,A2582
sup,A534,A1425
sup,A534,A669
sup,A534,A145
sup,A534,A2096
sup,A534,A651
sup,A534,A1273
sup,A534,A1474
sup,A536,A1795
sup,A536,A2387
sup,A536,A879
sup,A536,A2485
sup,A536,A1289
sup,A536,A1245
sup,A537,A2030
sup,A537,A489
sup,A537,A2492
sup,A537,A503
sup,A537,A1527
sup,A538,A1412
sup,A538,A1336
sup,A538,A1912
sup,A538,A2236
sup,A538,A1057
sup,A538,A991
sup,A538,A1267
sup,A540,A924
sup,A540,A2015
sup,A540,A465
sup,A540,A185
sup,A540,A2017
sup,A540,A189
sup,A540,A371
sup,A540,A230
sup,A540,A331
sup,A542,A315
sup,A542,A267
sup,A542,A1692
sup,A542,A170
sup,A542,A1796
sup,A542,A2378
sup,A542,A551
sup,A542,A976
sup,A542,A1467
sup,A542,A1051
sup,A542,A340
sup,A542,A66
sup,A542,A2267
sup,A542,A224
sup,A544,A1221
sup,A544,A972
sup,A544,A790
sup,A544,A1609
sup,A544,A1385
sup,A544,A415
sup,A544,A623
sup,A544,A2580
sup,A544,A1612
sup,A544,A1147
sup,A544,A199
sup,A544,A2363
sup,A544,A673
sup,A544,A2597
sup,A544,A1620
sup,A544,A1284
sup,A544,A80
sup,A544,A2027
sup,A544,A1292
sup,A544,A2449
sup,A544,A290
sup,A544,A1287
sup,A544,A132
sup,A544,A2247
sup,A544,A1504
sup,A545,A227
sup,A545,A1484
sup,A545,A1271
sup,A545,A2004
sup,A545,A201
sup,A545,A586
sup,A545,A2368
sup,A545,A2044
sup,A545,A592
sup,A546,A1570
sup,A548,A1650
sup,A548,A2029
sup,A548,A599
sup,A548,A405
sup,A549,A2122
sup,A549,A1437
sup,A549,A89
sup,A549,A1684
sup,A549,A418
sup,A549,A710
sup,A549,A1005
sup,A549,A1219
sup,A549,A2317
sup,A549,A2225
sup,A549,A1393
sup,A549,A215
sup,A549,A1825
sup,A549,A559
sup,A549,A2043
sup,A549,A1544
sup,A549,A2168
sup,A549,A2572
sup,A553,A1872
sup,A553,A1159
sup,A553,A542
sup,A554,A131
sup,A554,A1214
sup,A554,A1009
sup,A554,A1486
sup,A554,A2089
sup,A554,A1742
sup,A554,A994
sup,A554,A2069
sup,A554,A1839
sup,A554,A1418
sup,A554,A382
sup,A554,A1082
sup,A554,A904
sup,A554,A1550
sup,A554,A748
sup,A554,A995
sup,A554,A13
sup,A554,A208
sup,A554,A2310
sup,A554,A2123
sup,A554,A1109
sup,A558,A2454
sup,A561,A1457
sup,A561,A1042
sup,A561,A1816
sup,A561,A214
sup,A561,A460
sup,A561,A140
sup,A561,A323
sup,A561,A2469
sup,A561,A2298
sup,A561,A1901
sup,A561,A957
sup,A561,A2505
sup,A561,A870
sup,A561,A999
sup,A561,A1665
sup,A564,A2593
sup,A564,A1254
sup,A565,A1614
sup,A565,A1947
sup,A565,A563
sup,A565,A2451
sup,A565,A602
sup,A565,A920
sup,A565,A1811
sup,A565,A2462
sup,A565,A1082
sup,A565,A982
sup,A565,A1559
sup,A565,A2433
sup,A565,A287
sup,A565,A1550
sup,A567,A777
sup,A567,A69
sup,A567,A1169
sup,A567,A1665
sup,A567,A62
sup,A567,A1783
sup,A567,A2485
sup,A567,A1943
sup,A567,A1116
sup,A567,A1867
sup,A567,A2315
sup,A567,A1186
sup,A567,A2546
sup,A568,A336
sup,A568,A1197
sup,A568,A1436
sup,A568,A2557
sup,A568,A230
sup,A568,A118
sup,A568,A891
sup,A568,A2284
sup,A568,A66
sup,A568,A2076
sup,A568,A796
sup,A568,A249
sup,A568,A2003
sup,A568,A223
sup,A568,A780
sup,A568,A534
sup,A568,A1908
sup,A568,A60
sup,A568,A2054
sup,A568,A2103
sup,A569,A946
sup,A569,A522
sup,A569,A1414
sup,A569,A1211
sup,A569,A1692
sup,A569,A635
sup,A573,A1447
sup,A573,A2266
sup,A573,A481
sup,A573,A1225
sup,A573,A1532
sup,A573,A1490
sup,A573,A1184
sup,A573,A472
sup,A573,A962
sup,A573,A1158
sup,A573,A1715
sup,A573,A13
sup,A573,A2465
sup,A573,A1948
sup,A573,A1097
sup,A573,A1577
sup,A573,A1252
sup,A573,A1949
sup,A573,A54
sup,A573,A2443
sup,A579,A1920
sup,A579,A2026
sup,A579,A1411
sup,A579,A857
sup,A579,A1439
sup,A579,A210
sup,A582,A306
sup,A582,A2226
sup,A582,A1807
sup,A582,A2019
sup,A582,A1865
sup,A586,A553
sup,A586,A1565
sup,A586,A2297
sup,A586,A511
sup,A587,A772
sup,A588,A209
sup,A588,A1332
sup,A588,A615
sup,A588,A1475
sup,A588,A1653
sup,A588,A1073
sup,A588,A89
sup,A588,A456
sup,A588,A2397
sup,A588,A1637
sup,A588,A357
sup,A588,A2578
sup,A588,A2520
sup,A591,A1325
sup,A591,A1319
sup,A591,A539
sup,A591,A1532
sup,A591,A1400
sup,A591,A2373
sup,A591,A2040
sup,A591,A585
sup,A591,A9
sup,A591,A190
sup,A591,A794
sup,A591,A362
sup,A591,A1754
sup,A591,A268
sup,A591,A1962
sup,A591,A1380
sup,A593,A1500
sup,A593,A2489
sup,A593,A1630
sup,A593,A1599
sup,A593,A480
sup,A593,A1340
sup,A593,A2485
sup,A593,A1169
sup,A593,A2416
sup,A593,A399
sup,A593,A387
sup,A593,A22
sup,A593,A577
sup,A593,A2398
sup,A594,A1356
sup,A594,A1268
sup,A594,A1800
sup,A594,A1215
sup,A594,A2087
sup,A594,A2235
sup,A594,A421
sup,A594,A1435
sup,A594,A122
sup,A594,A2454
sup,A594,A114
sup,A594,A1849
sup,A594,A2162
sup,A594,A1384
sup,A594,A1630
sup,A594,A1571
sup,A594,A145
sup,A594,A1205
sup,A594,A566
sup,A594,A1505
sup,A594,A357
sup,A594,A1464
sup,A594,A416
sup,A594,A67
sup,A595,A356
sup,A595,A1507
sup,A595,A994
sup,A595,A693
sup,A595,A299
sup,A595,A2330
sup,A595,A450
sup,A595,A1687
sup,A595,A1496
sup,A595,A550
sup,A595,A1949
sup,A596,A1557
sup,A596,A264
sup,A596,A2308
sup,A596,A975
sup,A596,A1149
sup,A596,A2481
sup,A596,A813
sup,A596,A654
sup,A596,A2503
sup,A596,A971
sup,A596,A2562
sup,A596,A404
sup,A596,A1227
sup,A596,A1371
sup,A596,A2316
sup,A596,A542
sup,A596,A129
sup,A597,A2027
sup,A597,A1896
sup,A597,A1054
sup,A597,A2584
sup,A597,A2497
sup,A597,A91
sup,A597,A2587
sup,A597,A1065
sup,A597,A687
sup,A597,A883
sup,A597,A2304
sup,A597,A658
sup,A597,A2259
sup,A600,A1085
sup,A600,A323
sup,A600,A1553
sup,A600,A1534
sup,A600,A145
sup,A600,A920
sup,A600,A1531
sup,A602,A580
sup,A602,A2471
sup,A602,A2434
sup,A602,A1959
sup,A602,A2362
sup,A604,A378
sup,A604,A2076
sup,A604,A82
sup,A604,A1211
sup,A604,A912
sup,A604,A1598
sup,A604,A1307
sup,A604,A1203
sup,A604,A2239
sup,A604,A452
sup,A604,A709
sup,A604,A657
sup,A604,A2554
sup,A604,A1701
sup,A604,A2589
sup,A604,A1683
sup,A604,A1872
sup,A604,A212
sup,A604,A1462
sup,A604,A2513
sup,A604,A483
sup,A604,A889
sup,A606,A2552
sup,A606,A1930
sup,A606,A1011
sup,A606,A798
sup,A606,A1892
sup,A606,A753
sup,A606,A690
sup,A606,A1888
sup,A606,A812
sup,A606,A165
sup,A606,A2323
sup,A606,A2104
sup,A606,A75
sup,A608,A1603
sup,A608,A1124
sup,A608,A620
sup,A608,A188
sup,A608,A1806
sup,A608,A2295
sup,A608,A1531
sup,A608,A149
sup,A608,A3
sup,A608,A884
sup,A608,A467
sup,A609,A746
sup,A609,A2575
sup,A609,A2085
sup,A609,A2386
sup,A609,A2238
sup,A609,A2056
sup,A609,A2363
sup,A609,A1919
sup,A609,A37
sup,A609,A1412
sup,A609,A5
sup,A609,A310
sup,A609,A2173
sup,A609,A2133
sup,A609,A2507
sup,A609,A2371
sup,A609,A841
sup,A609,A1776
sup,A612,A2200
sup,A612,A1497
sup,A612,A619
sup,A612,A1231
sup,A612,A121
sup,A612,A2509
sup,A612,A439
sup,A612,A1815
sup,A612,A2542
sup,A612,A2256
sup,A612,A241
sup,A612,A747
sup,A612,A1373
sup,A612,A2315
sup,A612,A1562
sup,A612,A1877
sup,A613,A153
sup,A613,A422
sup,A613,A462
sup,A613,A1943
sup,A613,A424
sup,A614,A1463
sup,A614,A1900
sup,A614,A871
sup,A614,A1818
sup,A614,A1381
sup,A616,A1754
sup,A616,A1342
sup,A616,A1375
sup,A616,A1809
sup,A616,A441
sup,A618,A1334
sup,A618,A689
sup,A618,A2254
sup,A618,A1039
sup,A618,A1057
sup,A618,A2515
sup,A618,A622
sup,A618,A324
sup,A618,A961
sup,A618,A225
sup,A618,A398
sup,A618,A1945
sup,A618,A582
sup,A618,A971
sup,A618,A495
sup,A619,A2401
sup,A619,A1126
sup,A619,A2279
sup,A619,A1508
sup,A619,A1475
sup,A619,A1739
sup,A619,A1711
sup,A619,A574
sup,A619,A1283
sup,A619,A1379
sup,A619,A641
sup,A622,A1000
sup,A622,A870
sup,A622,A1235
sup,A622,A2373
sup,A622,A338
sup,A622,A1628
sup,A622,A1017
sup,A622,A1914
sup,A622,A218
sup,A622,A2440
sup,A622,A1718
sup,A622,A557
sup,A622,A1025
sup,A622,A1152
sup,A622,A327
sup,A622,A1953
sup,A622,A2541
sup,A622,A152
sup,A622,A453
sup,A623,A2177
sup,A623,A744
sup,A623,A1604
sup,A623,A1900
sup,A623,A1565
sup,A623,A939
sup,A626,A1531
sup,A626,A275
sup,A629,A688
sup,A629,A135
sup,A629,A2335
sup,A629,A597
sup,A629,A2208
sup,A629,A992
sup,A629,A2214
sup,A629,A2363
sup,A629,A2413
sup,A629,A271
sup,A629,A1442
sup,A629,A120
sup,A629,A662
sup,A629,A532
sup,A629,A1555
sup,A629,A1989
sup,A629,A529
sup,A629,A1937
sup,A629,A1385
sup,A629,A901
sup,A629,A1708
sup,A629,A33
sup,A629,A1761
sup,A629,A1183
sup,A629,A1784
sup,A629,A2364
sup,A629,A931
sup,A629,A827
sup,A632,A509
sup,A632,A1200
sup,A632,A156
sup,A632,A1253
sup,A632,A641
sup,A632,A543
sup,A632,A2136
sup,A632,A150
sup,A632,A830
sup,A632,A1223
sup,A632,A1053
sup,A632,A1520
sup,A632,A1735
sup,A632,A1884
sup,A632,A1629
sup,A632,A1314
sup,A632,A1024
sup,A632,A1510
sup,A632,A582
sup,A633,A73
sup,A633,A2183
sup,A633,A7
sup,A633,A2479
sup,A633,A588
sup,A633,A2011
sup,A633,A1106
sup,A633,A463
sup,A633,A570
sup,A633,A149
sup,A633,A375
sup,A633,A1026
sup,A633,A2082
sup,A633,A71
sup,A633,A1948
sup,A633,A1413
sup,A633,A308
sup,A633,A2050
sup,A633,A2542
sup,A639,A1975
sup,A639,A448
sup,A639,A837
sup,A639,A2314
sup,A639,A543
sup,A639,A1125
sup,A639,A2290
sup,A639,A1001
sup,A639,A2009
sup,A639,A2429
sup,A639,A1635
sup,A639,A62
sup,A639,A1129
sup,A639,A1558
sup,A639,A695
sup,A639,A2459
sup,A639,A46
sup,A640,A1039
sup,A640,A1579
sup,A640,A1860
sup,A640,A229
sup,A640,A1213
sup,A640,A90
sup,A640,A2109
sup,A640,A1848
sup,A640,A1413
sup,A640,A1938
sup,A640,A2347
sup,A641,A1902
sup,A641,A1184
sup,A641,A2510
sup,A641,A1993
sup,A641,A1651
sup,A642,A2578
sup,A642,A615
sup,A642,A84
sup,A642,A1410
sup,A642,A1592
sup,A642,A1792
sup,A642,A789
sup,A642,A1377
sup,A642,A8
sup,A642,A1216
sup,A642,A819
sup,A642,A1642
sup,A642,A2113
sup,A642,A1106
sup,A642,A604
sup,A643,A1015
sup,A643,A2525
sup,A643,A839
sup,A643,A2286
sup,A643,A1805
sup,A643,A2058
sup,A644,A2040
sup,A644,A78
sup,A644,A1836
sup,A644,A935
sup,A644,A47
sup,A644,A1303
sup,A644,A1701
sup,A644,A2415
sup,A644,A2382
sup,A644,A1831
sup,A644,A1712
sup,A644,A2477
sup,A644,A765
sup,A644,A1299
sup,A644,A2036
sup,A644,A2116
sup,A644,A1362
sup,A644,A1204
sup,A644,A523
sup,A645,A244
sup,A645,A1336
sup,A645,A2460
sup,A645,A937
sup,A645,A1319
sup,A645,A2420
sup,A645,A2489
sup,A645,A1599
sup,A645,A638
sup,A645,A455
sup,A645,A1131
sup,A645,A2218
sup,A645,A950
sup,A645,A2328
sup,A645,A2149
sup,A645,A1737
sup,A645,A1799
sup,A645,A2215
sup,A645,A173
sup,A645,A1723
sup,A646,A1152
sup,A646,A1353
sup,A647,A332
sup,A647,A1946
sup,A647,A927
sup,A647,A2087
sup,A647,A491
sup,A647,A1320
sup,A647,A223
sup,A647,A2088
sup,A647,A2163
sup,A647,A1488
sup,A647,A963
sup,A647,A239
sup,A647,A174
sup,A647,A2060
sup,A647,A209
sup,A647,A474
sup,A647,A1558
sup,A647,A2278
sup,A647,A56
sup,A647,A190
sup,A647,A529
sup,A648,A1450
sup,A648,A73
sup,A648,A1199
sup,A648,A863
sup,A648,A1242
sup,A648,A545
sup,A648,A313
sup,A648,A585
sup,A648,A1070
sup,A648,A2505
sup,A648,A839
sup,A658,A2339
sup,A658,A1419
sup,A658,A2232
sup,A658,A1213
sup,A658,A590
sup,A658,A1195
sup,A658,A65
sup,A658,A2109
sup,A658,A1973
sup,A658,A511
sup,A658,A1646
sup,A658,A1526
sup,A658,A1118
sup,A661,A1705
sup,A661,A1703
sup,A661,A1751
sup,A661,A513
sup,A661,A2245
sup,A661,A1964
sup,A661,A780
sup,A661,A1374
sup,A661,A2254
sup,A661,A1399
sup,A661,A1383
sup,A661,A348
sup,A661,A42
sup,A661,A734
sup,A661,A1253
sup,A661,A937
sup,A661,A1397
sup,A661,A507
sup,A661,A2273
sup,A662,A2129
sup,A662,A2225
sup,A662,A221
sup,A662,A1792
sup,A662,A1482
sup,A662,A2405
sup,A662,A1974
sup,A662,A1687
sup,A663,A256
sup,A663,A1830
sup,A663,A2574
sup,A663,A1729
sup,A663,A2391
sup,A663,A1012
sup,A663,A1766
sup,A663,A601
sup,A663,A1153
sup,A664,A968
sup,A665,A396
sup,A665,A1697
sup,A665,A1533
sup,A665,A2597
sup,A665,A2243
sup,A666,A1206
sup,A666,A2116
sup,A666,A2407
sup,A666,A2099
sup,A666,A1343
sup,A666,A2007
sup,A666,A405
sup,A666,A1513
sup,A666,A2402
sup,A666,A643
sup,A666,A46
sup,A666,A779
sup,A666,A2244
sup,A666,A753
sup,A666,A646
sup,A667,A768
sup,A667,A1397
sup,A667,A365
sup,A667,A2544
sup,A667,A1377
sup,A667,A1649
sup,A667,A1555
sup,A667,A2265
sup,A668,A1338
sup,A668,A1000
sup,A668,A314
sup,A668,A2439
sup,A668,A1324
sup,A668,A1282
sup,A668,A13
sup,A668,A2515
sup,A668,A2003
sup,A668,A1684
sup,A668,A828
sup,A669,A2076
sup,A669,A524
sup,A669,A1788
sup,A669,A254
sup,A669,A1550
sup,A669,A1918
sup,A669,A2434
sup,A669,A1590
sup,A669,A1574
sup,A669,A2147
sup,A669,A1472
sup,A669,A139
sup,A669,A12
sup,A669,A1887
sup,A669,A528
sup,A669,A1321
sup,A669,A1558
sup,A669,A1090
sup,A669,A1054
sup,A669,A404
sup,A669,A1021
sup,A669,A552
sup,A669,A920
sup,A669,A9
sup,A669,A1136
sup,A669,A2477
sup,A670,A360
sup,A670,A2597
sup,A670,A2064
sup,A670,A2358
sup,A670,A2552
sup,A670,A1295
sup,A670,A247
sup,A671,A2209
sup,A671,A1355
sup,A671,A1963
sup,A671,A1288
sup,A671,A1702
sup,A671,A159
sup,A671,A1094
sup,A671,A1751
sup,A673,A1507
sup,A673,A837
sup,A674,A816
sup,A674,A1171
sup,A674,A176
sup,A674,A1323
sup,A674,A79
sup,A676,A535
sup,A676,A1732
sup,A676,A1954
sup,A676,A737
sup,A678,A1812
sup,A678,A744
sup,A678,A1873
sup,A678,A2519
sup,A678,A921
sup,A678,A2214
sup,A678,A200
sup,A678,A821
sup,A678,A1917
sup,A678,A1400
sup,A678,A494
sup,A678,A2120
sup,A678,A2340
sup,A678,A162
sup,A684,A1658
sup,A684,A2171
sup,A684,A498
sup,A684,A2471
sup,A684,A142
sup,A684,A864
sup,A684,A816
sup,A684,A774
sup,A684,A753
sup,A684,A2023
sup,A684,A2198
sup,A684,A2007
sup,A684,A1604
sup,A684,A2013
sup,A686,A459
sup,A686,A1983
sup,A686,A448
sup,A686,A540
sup,A686,A526
sup,A686,A2414
sup,A686,A507
sup,A686,A270
sup,A686,A17
sup,A686,A2463
sup,A686,A1419
sup,A686,A921
sup,A686,A335
sup,A686,A391
sup,A686,A643
sup,A686,A694
sup,A686,A132
sup,A686,A1684
sup,A686,A1228
sup,A686,A1780
sup,A686,A97
sup,A686,A635
sup,A686,A945
sup,A686,A1523
sup,A686,A2219
sup,A687,A2444
sup,A687,A862
sup,A687,A1414
sup,A687,A1793
sup,A687,A2235
sup,A687,A374
sup,A687,A384
sup,A687,A1894
sup,A687,A1951
sup,A687,A2346
sup,A687,A259
sup,A687,A746
sup,A687,A692
sup,A687,A2352
sup,A687,A1537
sup,A687,A1828
sup,A687,A597
sup,A687,A1302
sup,A689,A1984
sup,A689,A1184
sup,A689,A2188
sup,A689,A2320
sup,A689,A2340
sup,A689,A2103
sup,A689,A1522
sup,A689,A1758
sup,A689,A747
sup,A689,A757
sup,A689,A87
sup,A689,A1735
sup,A689,A2376
sup,A689,A1271
sup,A689,A947
sup,A689,A2301
sup,A689,A1285
sup,A689,A1519
sup,A690,A1
sup,A690,A2273
sup,A690,A122
sup,A690,A259
sup,A690,A509
sup,A690,A156
sup,A690,A2596
sup,A690,A355
sup,A690,A627
sup,A690,A25
sup,A691,A2250
sup,A691,A1727
sup,A691,A561
sup,A691,A1793
sup,A691,A1950
sup,A691,A560
sup,A691,A2231
sup,A691,A260
sup,A691,A926
sup,A691,A12
sup,A691,A1041
sup,A691,A2483
sup,A691,A1103
sup,A691,A1721
sup,A691,A1817
sup,A691,A947
sup,A691,A986
sup,A691,A1383
sup,A691,A411
sup,A691,A333
sup,A692,A1495
sup,A692,A589
sup,A692,A1013
sup,A692,A1507
sup,A692,A443
sup,A692,A1097
sup,A692,A1668
sup,A692,A1322
sup,A692,A2197
sup,A692,A2018
sup,A692,A1141
sup,A692,A578
sup,A692,A2160
sup,A692,A757
sup,A692,A1876
sup,A692,A2423
sup,A692,A658
sup,A692,A2091
sup,A692,A248
sup,A692,A1450
sup,A694,A1078
sup,A694,A814
sup,A695,A2565
sup,A695,A2422
sup,A695,A2116
sup,A695,A1339
sup,A695,A2002
sup,A695,A1407
sup,A696,A2190
sup,A696,A1793
sup,A696,A875
sup,A696,A1532
sup,A696,A1015
sup,A696,A1499
sup,A696,A965
sup,A696,A1268
sup,A698,A1059
sup,A698,A97
sup,A698,A1905
sup,A698,A315
sup,A698,A2326
sup,A698,A629
sup,A699,A2316
sup,A699,A1136
sup,A699,A1897
sup,A699,A2491
sup,A699,A1407
sup,A699,A713
sup,A699,A2311
sup,A699,A16
sup,A699,A300
sup,A699,A590
sup,A700,A1597
sup,A700,A1771
sup,A700,A2205
sup,A700,A2185
sup,A702,A660
sup,A702,A2364
sup,A702,A647
sup,A702,A708
sup,A704,A921
sup,A704,A891
sup,A704,A666
sup,A704,A283
sup,A704,A608
sup,A704,A1586
sup,A704,A2578
sup,A704,A2323
sup,A704,A1104
sup,A704,A565
sup,A704,A444
sup,A704,A2305
sup,A704,A1627
sup,A704,A556
sup,A704,A528
sup,A704,A2324
sup,A704,A2044
sup,A704,A3
sup,A705,A451
sup,A705,A867
sup,A705,A950
sup,A705,A228
sup,A705,A1262
sup,A705,A87
sup,A705,A1146
sup,A705,A249
sup,A705,A1562
sup,A705,A2074
sup,A705,A1497
sup,A705,A1626
sup,A705,A268
sup,A705,A491
sup,A705,A1590
sup,A705,A1595
sup,A705,A1416
sup,A705,A1069
sup,A705,A288
sup,A705,A2316
sup,A705,A236
sup,A705,A2566
sup,A705,A1932
sup,A705,A75
sup,A705,A1991
sup,A706,A1388
sup,A706,A235
sup,A706,A2527
sup,A706,A248
sup,A706,A1975
sup,A706,A682
sup,A706,A2002
sup,A706,A1013
sup,A706,A2557
sup,A706,A398
sup,A706,A93
sup,A706,A170
sup,A706,A1638
sup,A706,A788
sup,A706,A296
sup,A706,A960
sup,A707,A1325
sup,A707,A2480
sup,A707,A387
sup,A707,A2096
sup,A707,A412
sup,A707,A1470
sup,A707,A2576
sup,A707,A1297
sup,A707,A1949
sup,A707,A2350
sup,A707,A210
sup,A707,A1098
sup,A707,A578
sup,A707,A2223
sup,A707,A605
sup,A707,A2220
sup,A707,A2075
sup,A707,A1904
sup,A707,A365
sup,A707,A2309
sup,A708,A736
sup,A708,A1335
sup,A708,A2208
sup,A708,A599
sup,A708,A2204
sup,A708,A2463
sup,A708,A1706
sup,A708,A2555
sup,A708,A2284
sup,A708,A989
sup,A708,A1057
sup,A708,A2523
sup,A708,A500
sup,A708,A148
sup,A708,A359
sup,A708,A1340
sup,A708,A2424
sup,A708,A2126
sup,A708,A2014
sup,A710,A42
sup,A711,A1406
sup,A711,A2485
sup,A711,A2549
sup,A711,A239
sup,A711,A1173
sup,A711,A555
sup,A712,A1370
sup,A712,A506
sup,A712,A1705
sup,A712,A1186
sup,A712,A166
sup,A712,A346
sup,A712,A1616
sup,A712,A870
sup,A712,A1853
sup,A712,A1509
sup,A712,A2264
sup,A712,A105
sup,A712,A1462
sup,A712,A1768
sup,A712,A1563
sup,A712,A2061
sup,A712,A1591
sup,A712,A756
sup,A712,A85
sup,A712,A505
sup,A712,A733
sup,A712,A1171
sup,A712,A2515
sup,A714,A2065
sup,A714,A2232
sup,A714,A166
sup,A714,A303
sup,A714,A1169
sup,A714,A1201
sup,A714,A2437
sup,A714,A1107
sup,A714,A379
sup,A714,A2315
sup,A714,A1367
sup,A714,A1293
sup,A714,A1535
sup,A714,A2095
sup,A714,A1777
sup,A714,A1570
sup,A714,A2201
sup,A714,A1191
sup,A714,A2060
sup,A714,A1869
sup,A714,A1942
sup,A714,A312
sup,A714,A686
sup,A718,A1956
sup,A718,A170
sup,A718,A1597
sup,A718,A885
sup,A718,A2048
sup,A718,A1516
sup,A718,A1765
sup,A718,A1869
sup,A718,A310
sup,A718,A783
sup,A718,A532
sup,A718,A2240
sup,A718,A1549
sup,A719,A310
sup,A719,A1398
sup,A719,A1988
sup,A719,A714
sup,A719,A1958
sup,A719,A570
sup,A719,A527
sup,A719,A328
sup,A719,A2446
sup,A719,A2185
sup,A719,A1145
sup,A719,A1738
sup,A719,A335
sup,A719,A2400
sup,A719,A1590
sup,A719,A1767
sup,A719,A2288
sup,A719,A285
sup,A719,A1560
sup,A719,A2252
sup,A719,A893
sup,A719,A1272
sup,A719,A634
sup,A719,A960
sup,A720,A544
sup,A720,A1848
sup,A720,A3
sup,A720,A2528
sup,A720,A1022
sup,A720,A82
sup,A720,A1667
sup,A721,A2432
sup,A721,A737
sup,A722,A1794
sup,A722,A485
sup,A722,A1859
sup,A722,A1119
sup,A722,A2393
sup,A722,A1010
sup,A722,A267
sup,A722,A1678
sup,A722,A1064
sup,A722,A2158
sup,A722,A2294
sup,A722,A1171
sup,A722,A199
sup,A722,A605
sup,A722,A358
sup,A722,A1335
sup,A722,A1110
sup,A722,A1039
sup,A722,A679
sup,A722,A1215
sup,A722,A1965
sup,A722,A553
sup,A722,A832
sup,A722,A2371
sup,A722,A1269
sup,A723,A210
sup,A723,A1826
sup,A723,A939
sup,A723,A2565
sup,A723,A2268
sup,A723,A1976
sup,A723,A48
sup,A723,A791
sup,A723,A2102
sup,A723,A2134
sup,A723,A2050
sup,A723,A1857
sup,A723,A1141
sup,A723,A1333
sup,A723,A1223
sup,A723,A1840
sup,A723,A975
sup,A723,A1238
sup,A723,A1837
sup,A723,A14
sup,A723,A2005
sup,A723,A1897
sup,A723,A513
sup,A723,A961
sup,A724,A1155
sup,A724,A2410
sup,A724,A1038
sup,A724,A54
sup,A724,A336
sup,A724,A845
sup,A724,A2425
sup,A724,A2420
sup,A724,A1990
sup,A727,A1088
sup,A727,A898
sup,A727,A914
sup,A727,A1747
sup,A727,A2176
sup,A727,A767
sup,A730,A177
sup,A730,A661
sup,A730,A377
sup,A730,A185
sup,A730,A628
sup,A730,A66
sup,A730,A1616
sup,A730,A2379
sup,A730,A509
sup,A730,A1324
sup,A730,A3
sup,A730,A873
sup,A730,A1174
sup,A733,A424
sup,A733,A1217
sup,A733,A849
sup,A733,A845
sup,A733,A2053
sup,A733,A608
sup,A733,A2088
sup,A733,A1417
sup,A733,A2017
sup,A733,A2570
sup,A733,A2542
sup,A733,A1669
sup,A733,A163
sup,A733,A996
sup,A733,A1609
sup,A733,A2489
sup,A733,A232
sup,A733,A2522
sup,A733,A2216
sup,A733,A417
sup,A736,A1407
sup,A736,A291
sup,A736,A1601
sup,A736,A62
sup,A736,A623
sup,A736,A57
sup,A736,A2287
sup,A736,A289
sup,A736,A2327
sup,A736,A1433
sup,A736,A1717
sup,A737,A2490
sup,A737,A232
sup,A737,A1974
sup,A737,A1543
sup,A737,A1379
sup,A737,A946
sup,A737,A1182
sup,A737,A836
sup,A737,A2134
sup,A737,A1574
sup,A737,A480
sup,A737,A1891
sup,A737,A672
sup,A737,A1050
sup,A737,A1139
sup,A737,A2590
sup,A737,A1666
sup,A737,A183
sup,A737,A622
sup,A737,A1231
sup,A737,A1996
sup,A739,A2423
sup,A739,A1186
sup,A739,A2555
sup,A739,A216
sup,A739,A666
sup,A739,A2275
sup,A739,A2075
sup,A739,A356
sup,A740,A507
sup,A740,A78
sup,A740,A2162
sup,A740,A732
sup,A740,A2567
sup,A740,A1725
sup,A740,A2411
sup,A740,A1082
sup,A740,A1994
sup,A740,A2363
sup,A740,A1363
sup,A740,A1341
sup,A740,A2458
sup,A740,A1517
sup,A740,A1842
sup,A740,A59
sup,A740,A1055
sup,A740,A182
sup,A740,A318
sup,A740,A2004
sup,A740,A743
sup,A740,A1639
sup,A740,A984
sup,A740,A1642
sup,A740,A334
sup,A742,A354
sup,A742,A1190
sup,A742,A159
sup,A742,A574
sup,A742,A2019
sup,A742,A244
sup,A742,A8
sup,A742,A1134
sup,A742,A1133
sup,A742,A1124
sup,A742,A2576
sup,A744,A1581
sup,A744,A2010
sup,A744,A583
sup,A744,A2331
sup,A744,A1747
sup,A744,A471
sup,A744,A1213
sup,A744,A2244
sup,A744,A507
sup,A744,A2190
sup,A744,A2346
sup,A744,A2119
sup,A744,A624
sup,A744,A768
sup,A744,A1510
sup,A744,A1313
sup,A744,A2124
sup,A744,A937
sup,A744,A1679
sup,A744,A1200
sup,A744,A990
sup,A744,A1648
sup,A745,A1096
sup,A745,A873
sup,A745,A1409
sup,A745,A2040
sup,A745,A440
sup,A745,A2150
sup,A745,A1762
sup,A745,A2335
sup,A745,A455
sup,A745,A1975
sup,A745,A327
sup,A745,A1447
sup,A745,A2378
sup,A745,A1390
sup,A745,A179
sup,A745,A2240
sup,A745,A2211
sup,A745,A832
sup,A745,A2256
sup,A745,A2548
sup,A745,A2447
sup,A745,A180
sup,A747,A872
sup,A747,A1296
sup,A747,A384
sup,A747,A2002
sup,A747,A142
sup,A747,A68
sup,A747,A2265
sup,A747,A1953
sup,A748,A1196
sup,A748,A1802
sup,A748,A1189
sup,A748,A2366
sup,A748,A1330
sup,A748,A1887
sup,A748,A1297
sup,A750,A2111
sup,A750,A865
sup,A750,A2369
sup,A750,A1
sup,A750,A2338
sup,A750,A2150
sup,A750,A1799
sup,A750,A1213
sup,A750,A280
sup,A750,A1789
sup,A750,A2379
sup,A751,A793
sup,A751,A1667
sup,A751,A54
sup,A751,A836
sup,A751,A1224
sup,A751,A2583
sup,A751,A1981
sup,A751,A100
sup,A751,A2188
sup,A751,A41
sup,A751,A2535
sup,A751,A212
sup,A751,A2001
sup,A751,A1107
sup,A751,A219
sup,A751,A1422
sup,A751,A2325
sup,A752,A1835
sup,A752,A2367
sup,A752,A1972
sup,A752,A534
sup,A752,A2308
sup,A752,A786
sup,A752,A2401
sup,A752,A1409
sup,A752,A1300
sup,A752,A2299
sup,A752,A587
sup,A752,A1942
sup,A752,A1720
sup,A752,A2179
sup,A756,A383
sup,A756,A1775
sup,A756,A2096
sup,A756,A2412
sup,A756,A1124
sup,A756,A2369
sup,A756,A321
sup,A756,A194
sup,A756,A170
sup,A756,A836
sup,A756,A90
sup,A756,A874
sup,A763,A1898
sup,A763,A1919
sup,A763,A987
sup,A763,A585
sup,A763,A1202
sup,A763,A2015
sup,A763,A2273
sup,A763,A1544
sup,A763,A509
sup,A765,A2360
sup,A765,A857
sup,A765,A2326
sup,A765,A1888
sup,A765,A2096
sup,A765,A53
sup,A765,A373
sup,A765,A1390
sup,A765,A657
sup,A765,A1163
sup,A765,A2266
sup,A765,A972
sup,A765,A2131
sup,A765,A116
sup,A765,A1994
sup,A765,A369
sup,A765,A708
sup,A765,A1001
sup,A768,A2375
sup,A768,A590
sup,A768,A455
sup,A768,A2289
sup,A768,A50
sup,A768,A295
sup,A768,A1426
sup,A768,A1374
sup,A768,A1675
sup,A768,A376
sup,A768,A2110
sup,A768,A1179
sup,A768,A1359
sup,A768,A830
sup,A768,A1153
sup,A768,A246
sup,A768,A925
sup,A768,A513
sup,A768,A2544
sup,A768,A2079
sup,A768,A389
sup,A768,A616
sup,A769,A31
sup,A769,A254
sup,A769,A2599
sup,A769,A1066
sup,A769,A1737
sup,A769,A1226
sup,A769,A967
sup,A769,A1842
sup,A769,A717
sup,A769,A497
sup,A769,A210
sup,A769,A996
sup,A769,A2323
sup,A769,A1325
sup,A769,A1180
sup,A769,A229
sup,A769,A2294
sup,A769,A1684
sup,A769,A937
sup,A769,A974
sup,A770,A1519
sup,A770,A571
sup,A771,A1128
sup,A774,A374
sup,A774,A631
sup,A774,A1068
sup,A774,A1195
sup,A774,A1173
sup,A774,A751
sup,A774,A2280
sup,A774,A2373
sup,A774,A2001
sup,A776,A31
sup,A776,A2343
sup,A776,A1789
sup,A776,A2290
sup,A776,A1522
sup,A776,A1517
sup,A776,A761
sup,A780,A1538
sup,A780,A319
sup,A780,A313
sup,A780,A62
sup,A780,A2092
sup,A780,A2551
sup,A780,A214
sup,A780,A1071
sup,A780,A229
sup,A780,A1204
sup,A780,A796
sup,A780,A804
sup,A780,A315
sup,A780,A1408
sup,A780,A256
sup,A780,A2397
sup,A780,A2496
sup,A780,A1773
sup,A780,A1654
sup,A784,A869
sup,A784,A1203
sup,A784,A317
sup,A784,A565
sup,A784,A1601
sup,A784,A1991
sup,A784,A1069
sup,A787,A1224
sup,A787,A2588
sup,A787,A70
sup,A787,A2338
sup,A787,A2414
sup,A787,A817
sup,A787,A157
sup,A787,A57
sup,A787,A1042
sup,A787,A1422
sup,A787,A2021
sup,A787,A1620
sup,A787,A1847
sup,A787,A81
sup,A787,A251
sup,A787,A653
sup,A787,A1151
sup,A787,A268
sup,A787,A1294
sup,A787,A756
sup,A787,A1429
sup,A787,A623
sup,A787,A749
sup,A787,A183
sup,A787,A404
sup,A791,A1872
sup,A791,A94
sup,A791,A736
sup,A791,A1877
sup,A791,A231
sup,A791,A1332
sup,A791,A1825
sup,A791,A567
sup,A791,A2072
sup,A792,A2571
sup,A792,A769
sup,A792,A800
sup,A792,A2489
sup,A792,A2479
sup,A792,A562
sup,A792,A805
sup,A792,A1395
sup,A792,A62
sup,A792,A1085
sup,A792,A1558
sup,A793,A2598
sup,A793,A179
sup,A793,A2498
sup,A793,A400
sup,A793,A1999
sup,A793,A2387
sup,A793,A108
sup,A793,A1177
sup,A793,A2318
sup,A793,A1818
sup,A793,A30
sup,A793,A2408
sup,A793,A920
sup,A793,A1745
sup,A795,A231
sup,A795,A1490
sup,A795,A830
sup,A795,A1773
sup,A795,A2336
sup,A795,A538
sup,A795,A1931
sup,A795,A1341
sup,A795,A1091
sup,A795,A1396
sup,A795,A1356
sup,A795,A1032
sup,A795,A717
sup,A795,A1533
sup,A795,A541
sup,A795,A1317
sup,A795,A2247
sup,A795,A1687
sup,A795,A1579
sup,A795,A2055
sup,A795,A1974
sup,A795,A1651
sup,A795,A813
sup,A796,A2432
sup,A796,A2371
sup,A797,A312
sup,A797,A2002
sup,A797,A1065
sup,A797,A1584
sup,A797,A1965
sup,A797,A1880
sup,A797,A1143
sup,A797,A1071
sup,A797,A1011
sup,A797,A803
sup,A797,A325
sup,A797,A1846
sup,A798,A2520
sup,A798,A709
sup,A798,A2481
sup,A799,A1128
sup,A799,A1737
sup,A799,A2365
sup,A799,A806
sup,A799,A2594
sup,A799,A2176
sup,A799,A1225
sup,A799,A381
sup,A799,A1397
sup,A799,A1028
sup,A799,A1553
sup,A799,A597
sup,A799,A126
sup,A799,A512
sup,A799,A658
sup,A799,A2395
sup,A799,A1458
sup,A799,A1759
sup,A799,A2284
sup,A799,A2381
sup,A799,A2041
sup,A806,A2290
sup,A806,A2414
sup,A806,A2079
sup,A806,A974
sup,A806,A1103
sup,A806,A530
sup,A806,A1784
sup,A806,A1398
sup,A806,A1823
sup,A806,A1294
sup,A806,A1879
sup,A806,A2324
sup,A807,A2425
sup,A807,A748
sup,A807,A328
sup,A807,A2223
sup,A807,A1105
sup,A807,A1934
sup,A807,A607
sup,A807,A257
sup,A807,A12
sup,A807,A788
sup,A807,A1005
sup,A807,A176
sup,A807,A881
sup,A807,A2028
sup,A807,A1141
sup,A807,A1434
sup,A810,A2108
sup,A810,A2448
sup,A810,A1254
sup,A810,A1257
sup,A810,A1815
sup,A810,A686
sup,A810,A321
sup,A810,A1803
sup,A810,A1578
sup,A810,A1083
sup,A810,A2176
sup,A810,A1344
sup,A810,A1602
sup,A810,A469
sup,A810,A1553
sup,A810,A2527
sup,A810,A1762
sup,A812,A183
sup,A812,A921
sup,A812,A2236
sup,A812,A2084
sup,A812,A1554
sup,A812,A2175
sup,A812,A909
sup,A812,A148
sup,A812,A2444
sup,A812,A246
sup,A812,A519
sup,A812,A1235
sup,A812,A603
sup,A812,A2123
sup,A812,A1387
sup,A812,A1100
sup,A812,A783
sup,A812,A845
sup,A812,A773
sup,A812,A1375
sup,A812,A1488
sup,A812,A2366
sup,A812,A1260
sup,A814,A357
sup,A814,A2519
sup,A814,A164
sup,A814,A724
sup,A814,A1416
sup,A814,A1847
sup,A814,A2188
sup,A814,A1027
sup,A814,A716
sup,A814,A1345
sup,A814,A190
sup,A814,A1005
sup,A814,A791
sup,A814,A578
sup,A814,A2316
sup,A814,A2205
sup,A814,A658
sup,A814,A1758
sup,A816,A1257
sup,A816,A1969
sup,A816,A1625
sup,A816,A904
sup,A816,A1824
sup,A816,A2131
sup,A816,A1707
sup,A816,A1927
sup,A816,A208
sup,A816,A576
sup,A816,A1474
sup,A816,A1810
sup,A816,A790
sup,A816,A2011
sup,A818,A100
sup,A818,A1331
sup,A818,A993
sup,A818,A1492
sup,A818,A1468
sup,A818,A1925
sup,A818,A1648
sup,A818,A458
sup,A820,A2148
sup,A820,A1437
sup,A820,A105
sup,A820,A1157
sup,A820,A1918
sup,A820,A177
sup,A821,A595
sup,A821,A1776
sup,A821,A1883
sup,A821,A1293
sup,A821,A2332
sup,A821,A1354
sup,A821,A71
sup,A821,A850
sup,A822,A1969
sup,A822,A242
sup,A822,A1438
sup,A822,A2594
sup,A822,A1149
sup,A824,A1463
sup,A824,A1012
sup,A824,A974
sup,A824,A754
sup,A824,A47
sup,A824,A889
sup,A824,A1304
sup,A824,A258
sup,A824,A2048
sup,A824,A709
sup,A824,A1938
sup,A824,A1063
sup,A824,A1896
sup,A827,A1834
sup,A827,A2343
sup,A827,A733
sup,A827,A1331
sup,A827,A1637
sup,A827,A140
sup,A827,A276
sup,A827,A1837
sup,A827,A1008
sup,A827,A2108
sup,A828,A2080
sup,A828,A285
sup,A828,A1901
sup,A828,A667
sup,A828,A950
sup,A828,A384
sup,A828,A1248
sup,A828,A966
sup,A828,A1365
sup,A828,A1702
sup,A828,A1152
sup,A828,A2006
sup,A828,A1679
sup,A828,A2478
sup,A829,A590
sup,A829,A1728
sup,A829,A1572
sup,A829,A2009
sup,A829,A730
sup,A829,A1965
sup,A829,A1534
sup,A830,A409
sup,A830,A2121
sup,A830,A230
sup,A830,A1077
sup,A830,A1657
sup,A830,A1698
sup,A830,A121
sup,A830,A337
sup,A830,A2599
sup,A830,A418
sup,A830,A174
sup,A830,A713
sup,A830,A890
sup,A830,A631
sup,A830,A589
sup,A830,A192
sup,A830,A2492
sup,A830,A183
sup,A830,A544
sup,A830,A458
sup,A830,A1167
sup,A836,A913
sup,A836,A267
sup,A836,A330
sup,A836,A1048
sup,A836,A1601
sup,A836,A1108
sup,A836,A247
sup,A837,A751
sup,A837,A580
sup,A837,A914
sup,A837,A1161
sup,A839,A730
sup,A839,A1512
sup,A839,A1285
sup,A839,A518
sup,A839,A499
sup,A839,A1353
sup,A839,A738
sup,A839,A1538
sup,A839,A1189
sup,A839,A1910
sup,A839,A77
sup,A839,A133
sup,A839,A1655
sup,A839,A2455
sup,A839,A1610
sup,A839,A892
sup,A839,A790
sup,A839,A1284
sup,A839,A1589
sup,A839,A919
sup,A839,A170
sup,A839,A2523
sup,A839,A868
sup,A839,A296
sup,A840,A64
sup,A840,A1762
sup,A840,A2502
sup,A840,A1766
sup,A840,A83
sup,A840,A2050
sup,A840,A1804
sup,A840,A1684
sup,A840,A2528
sup,A840,A2344
sup,A840,A2588
sup,A840,A179
sup,A840,A1522
sup,A840,A21
sup,A840,A1572
sup,A843,A825
sup,A843,A594
sup,A846,A2346
sup,A846,A2046
sup,A847,A892
sup,A847,A490
sup,A847,A718
sup,A847,A1598
sup,A847,A2453
sup,A847,A929
sup,A847,A1481
sup,A847,A1008
sup,A847,A369
sup,A847,A774
sup,A847,A1457
sup,A847,A1781
sup,A847,A501
sup,A847,A1767
sup,A847,A22
sup,A850,A2497
sup,A850,A990
sup,A850,A120
sup,A850,A511
sup,A850,A156
sup,A850,A975
sup,A850,A361
sup,A850,A1407
sup,A850,A2120
sup,A850,A262
sup,A850,A1134
sup,A850,A2006
sup,A850,A893
sup,A850,A317
sup,A850,A904
sup,A850,A1628
sup,A850,A1620
sup,A850,A439
sup,A850,A414
sup,A850,A217
sup,A850,A922
sup,A850,A2326
sup,A850,A2003
sup,A850,A1881
sup,A850,A737
sup,A850,A252
sup,A850,A2549
sup,A850,A1088
sup,A852,A2128
sup,A852,A708
sup,A852,A2360
sup,A852,A53
sup,A852,A1302
sup,A852,A1770
sup,A852,A880
sup,A852,A165
sup,A852,A2196
sup,A852,A1351
sup,A852,A1437
sup,A852,A58
sup,A852,A1021
sup,A852,A2135
sup,A852,A1419
sup,A852,A158
sup,A852,A2505
sup,A852,A881
sup,A853,A1081
sup,A853,A1963
sup,A853,A1200
sup,A853,A1241
sup,A853,A2505
sup,A853,A1640
sup,A853,A541
sup,A853,A2283
sup,A853,A1017
sup,A853,A2353
sup,A853,A146
sup,A853,A2025
sup,A853,A1220
sup,A853,A1049
sup,A853,A2453
sup,A853,A2520
sup,A853,A1729
sup,A853,A513
sup,A853,A1136
sup,A853,A1977
sup,A853,A794
sup,A853,A1268
sup,A853,A107
sup,A853,A252
sup,A855,A2006
sup,A855,A897
sup,A855,A2289
sup,A855,A1969
sup,A855,A2160
sup,A855,A2590
sup,A855,A2078
sup,A855,A1353
sup,A855,A2513
sup,A855,A2341
sup,A855,A1205
sup,A855,A157
sup,A855,A257
sup,A855,A1243
sup,A855,A1405
sup,A855,A1176
sup,A857,A716
sup,A857,A1848
sup,A857,A1986
sup,A857,A1079
sup,A857,A1430
sup,A857,A1573
sup,A857,A572
sup,A857,A1746
sup,A857,A1490
sup,A858,A1726
sup,A858,A771
sup,A858,A592
sup,A858,A2522
sup,A858,A694
sup,A858,A2212
sup,A858,A1861
sup,A858,A2147
sup,A858,A2360
sup,A858,A591
sup,A858,A2268
sup,A858,A750
sup,A859,A978
sup,A859,A95
sup,A860,A2264
sup,A860,A836
sup,A860,A380
sup,A860,A1704
sup,A860,A543
sup,A860,A1438
sup,A860,A917
sup,A860,A391
sup,A860,A652
sup,A860,A1890
sup,A860,A1286
sup,A860,A2555
sup,A860,A1825
sup,A860,A1441
sup,A860,A1318
sup,A862,A334
sup,A862,A2000
sup,A862,A469
sup,A862,A1898
sup,A862,A2414
sup,A862,A88
sup,A862,A1510
sup,A863,A805
sup,A863,A535
sup,A863,A1135
sup,A863,A2355
sup,A863,A412
sup,A863,A1465
sup,A863,A2566
sup,A863,A70
sup,A863,A1059
sup,A863,A1646
sup,A863,A1552
sup,A863,A1227
sup,A863,A1960
sup,A864,A1747
sup,A864,A168
sup,A864,A722
sup,A864,A451
sup,A864,A1733
sup,A864,A1418
sup,A864,A2570
sup,A864,A2257
sup,A864,A877
sup,A864,A853
sup,A864,A748
sup,A864,A1208
sup,A864,A2068
sup,A864,A1190
sup,A864,A505
sup,A864,A1299
sup,A867,A254
sup,A867,A1741
sup,A867,A1577
sup,A867,A1708
sup,A869,A2265
sup,A869,A1942
sup,A869,A1485
sup,A869,A556
sup,A869,A2030
sup,A869,A386
sup,A869,A607
sup,A869,A122
sup,A869,A1970
sup,A869,A205
sup,A869,A912
sup,A869,A1107
sup,A869,A939
sup,A869,A2281
sup,A870,A1505
sup,A870,A1594
sup,A870,A477
sup,A870,A48
sup,A870,A122
sup,A870,A813
sup,A871,A90
sup,A871,A1660
sup,A871,A2261
sup,A871,A1272
sup,A871,A889
sup,A871,A1463
sup,A871,A185
sup,A871,A1676
sup,A871,A229
sup,A871,A2121
sup,A871,A1513
sup,A871,A1531
sup,A871,A175
sup,A871,A139
sup,A871,A1458
sup,A871,A159
sup,A871,A584
sup,A871,A1597
sup,A871,A238
sup,A871,A2172
sup,A872,A1815
sup,A872,A1812
sup,A872,A1813
sup,A872,A63
sup,A874,A2326
sup,A874,A2066
sup,A874,A531
sup,A874,A116
sup,A874,A667
sup,A874,A622
sup,A874,A1592
sup,A874,A2158
sup,A874,A180
sup,A874,A2146
sup,A874,A671
sup,A874,A354
sup,A874,A1315
sup,A874,A2202
sup,A875,A2081
sup,A875,A454
sup,A875,A1452
sup,A875,A1913
sup,A875,A991
sup,A875,A1053
sup,A875,A918
sup,A875,A686
sup,A875,A606
sup,A875,A1868
sup,A875,A2578
sup,A875,A118
sup,A875,A901
sup,A875,A441
sup,A875,A1641
sup,A875,A1440
sup,A875,A1279
sup,A875,A2065
sup,A875,A1605
sup,A875,A1929
sup,A875,A1027
sup,A875,A595
sup,A875,A817
sup,A876,A1984
sup,A876,A2406
sup,A876,A1923
sup,A876,A1077
sup,A876,A2217
sup,A876,A746
sup,A876,A902
sup,A876,A1730
sup,A876,A2131
sup,A876,A86
sup,A876,A295
sup,A876,A1977
sup,A876,A1460
sup,A876,A1270
sup,A876,A1922
sup,A876,A1642
sup,A876,A1793
sup,A878,A398
sup,A878,A2196
sup,A878,A1337
sup,A878,A1518
sup,A878,A1058
sup,A878,A2486
sup,A878,A1111
sup,A878,A2402
sup,A878,A2065
sup,A878,A2116
sup,A878,A510
sup,A878,A353
sup,A879,A145
sup,A879,A257
sup,A879,A826
sup,A879,A2567
sup,A879,A847
sup,A879,A802
sup,A879,A487
sup,A879,A1008
sup,A879,A1745
sup,A879,A850
sup,A880,A2520
sup,A880,A1724
sup,A880,A1537
sup,A880,A1516
sup,A883,A1785
sup,A886,A1616
sup,A886,A2165
sup,A886,A1269
sup,A886,A1427
sup,A886,A1805
sup,A886,A508
sup,A886,A549
sup,A886,A1449
sup,A886,A1912
sup,A886,A1871
sup,A886,A2155
sup,A886,A2331
sup,A886,A836
sup,A886,A2113
sup,A886,A451
sup,A886,A1690
sup,A886,A1573
sup,A886,A812
sup,A886,A577
sup,A886,A182
sup,A886,A1500
sup,A886,A2167
sup,A886,A124
sup,A887,A146
sup,A887,A1729
sup,A887,A2441
sup,A887,A1405
sup,A887,A1258
sup,A887,A225
sup,A887,A658
sup,A887,A2235
sup,A887,A1596
sup,A888,A2287
sup,A888,A439
sup,A888,A233
sup,A888,A905
sup,A888,A1578
sup,A888,A906
sup,A888,A1366
sup,A888,A2476
sup,A888,A639
sup,A888,A2163
sup,A888,A483
sup,A888,A2040
sup,A888,A1978
sup,A888,A1990
sup,A888,A10
sup,A888,A2565
sup,A888,A2428
sup,A888,A2144
sup,A888,A930
sup,A888,A204
sup,A888,A1857
sup,A888,A710
sup,A888,A1727
sup,A888,A268
sup,A888,A1344
sup,A888,A667
sup,A888,A340
sup,A888,A545
sup,A888,A1290
sup,A888,A1192
sup,A889,A2146
sup,A889,A1752
sup,A889,A195
sup,A889,A987
sup,A889,A1002
sup,A889,A230
sup,A889,A1596
sup,A889,A1979
sup,A889,A557
sup,A889,A679
sup,A889,A1618
sup,A889,A1477
sup,A889,A181
sup,A889,A184
sup,A889,A2443
sup,A889,A388
sup,A890,A1716
sup,A890,A1486
sup,A890,A1399
sup,A890,A1229
sup,A890,A1214
sup,A890,A1083
sup,A890,A1054
sup,A890,A153
sup,A890,A661
sup,A890,A1129
sup,A890,A2521
sup,A890,A2512
sup,A890,A1938
sup,A890,A650
sup,A890,A484
sup,A890,A1174
sup,A890,A257
sup,A890,A2285
sup,A891,A2256
sup,A891,A2092
sup,A891,A243
sup,A891,A1505
sup,A891,A1278
sup,A891,A125
sup,A891,A1678
sup,A891,A944
sup,A891,A1292
sup,A891,A753
sup,A891,A1237
sup,A891,A1980
sup,A891,A747
sup,A891,A1830
sup,A891,A970
sup,A891,A1203
sup,A891,A167
sup,A891,A1092
sup,A891,A2526
sup,A891,A2269
sup,A891,A1338
sup,A891,A1354
sup,A891,A684
sup,A891,A1000
sup,A891,A2231
sup,A891,A958
sup,A895,A287
sup,A895,A1756
sup,A895,A2455
sup,A895,A895
sup,A895,A94
sup,A896,A1280
sup,A896,A1443
sup,A896,A1316
sup,A896,A247
sup,A896,A1143
sup,A896,A28
sup,A896,A2315
sup,A896,A2226
sup,A896,A31
sup,A896,A1529
sup,A896,A362
sup,A896,A2420
sup,A896,A2292
sup,A896,A66
sup,A896,A1541
sup,A896,A1791
sup,A896,A2046
sup,A897,A1641
sup,A897,A2429
sup,A897,A1017
sup,A897,A2254
sup,A897,A719
sup,A897,A2510
sup,A897,A2224
sup,A897,A1265
sup,A897,A1542
sup,A897,A1471
sup,A897,A2240
sup,A897,A1268
sup,A897,A1206
sup,A897,A396
sup,A897,A669
sup,A897,A313
sup,A897,A935
sup,A897,A2410
sup,A897,A1061
sup,A897,A1968
sup,A897,A1324
sup,A897,A1019
sup,A897,A1517
sup,A897,A1365
sup,A897,A1801
sup,A898,A707
sup,A898,A75
sup,A898,A1072
sup,A898,A625
sup,A898,A1220
sup,A898,A768
sup,A898,A212
sup,A898,A2541
sup,A898,A244
sup,A898,A161
sup,A898,A2426
sup,A898,A1532
sup,A899,A1279
sup,A899,A1206
sup,A899,A1764
sup,A899,A1300
sup,A899,A699
sup,A899,A774
sup,A899,A579
sup,A899,A2370
sup,A899,A464
sup,A899,A1725
sup,A899,A1138
sup,A899,A1074
sup,A899,A53
sup,A899,A172
sup,A899,A2023
sup,A899,A1051
sup,A899,A901
sup,A899,A2377
sup,A899,A2102
sup,A899,A1850
sup,A899,A250
sup,A899,A2198
sup,A899,A1610
sup,A899,A2066
sup,A901,A1812
sup,A901,A965
sup,A901,A562
sup,A901,A2231
sup,A901,A439
sup,A901,A457
sup,A901,A2012
sup,A901,A1068
sup,A901,A169
sup,A901,A1227
sup,A901,A328
sup,A901,A1679
sup,A903,A783
sup,A903,A1750
sup,A903,A2516
sup,A903,A2262
sup,A903,A1970
sup,A903,A798
sup,A903,A289
sup,A903,A55
sup,A903,A2074
sup,A903,A805
sup,A903,A1928
sup,A903,A2306
sup,A905,A470
sup,A905,A781
sup,A905,A256
sup,A905,A2065
sup,A905,A875
sup,A905,A418
sup,A905,A2413
sup,A905,A2101
sup,A905,A2220
sup,A905,A736
sup,A905,A1237
sup,A905,A1461
sup,A905,A1820
sup,A906,A38
sup,A906,A1471
sup,A906,A1117
sup,A906,A82
sup,A906,A1874
sup,A906,A2426
sup,A906,A2381
sup,A906,A1232
sup,A906,A60
sup,A906,A1362
sup,A906,A1000
sup,A906,A2488
sup,A906,A2005
sup,A906,A1523
sup,A906,A25
sup,A913,A1820
sup,A913,A1230
sup,A913,A2189
sup,A913,A2420
sup,A913,A2446
sup,A913,A705
sup,A913,A882
sup,A915,A729
sup,A915,A281
sup,A915,A1115
sup,A915,A495
sup,A915,A714
sup,A915,A2157
sup,A915,A1766
sup,A915,A1573
sup,A915,A2385
sup,A915,A125
sup,A915,A813
sup,A915,A929
sup,A915,A1741
sup,A915,A1512
sup,A915,A86
sup,A915,A1953
sup,A915,A1116
sup,A915,A1166
sup,A919,A2300
sup,A919,A1735
sup,A919,A2351
sup,A919,A1774
sup,A919,A1343
sup,A919,A637
sup,A919,A2209
sup,A920,A1680
sup,A922,A1554
sup,A922,A1952
sup,A922,A140
sup,A922,A2080
sup,A922,A960
sup,A922,A417
sup,A922,A1557
sup,A922,A2358
sup,A922,A2101
sup,A922,A2053
sup,A922,A1880
sup,A924,A805
sup,A924,A2540
sup,A924,A1367
sup,A924,A685
sup,A924,A962
sup,A924,A1037
sup,A924,A852
sup,A924,A218
sup,A924,A1410
sup,A924,A330
sup,A924,A171
sup,A926,A486
sup,A926,A908
sup,A926,A1024
sup,A926,A718
sup,A926,A779
sup,A926,A1808
sup,A926,A227
sup,A926,A1709
sup,A926,A142
sup,A926,A878
sup,A926,A1774
sup,A926,A1459
sup,A927,A1178
sup,A927,A2015
sup,A927,A644
sup,A927,A1180
sup,A927,A1387
sup,A927,A242
sup,A927,A1453
sup,A927,A1371
sup,A927,A2268
sup,A927,A1089
sup,A927,A1683
sup,A927,A313
sup,A927,A953
sup,A927,A1952
sup,A927,A1950
sup,A927,A1008
sup,A927,A1298
sup,A927,A2253
sup,A927,A834
sup,A927,A908
sup,A927,A1054
sup,A927,A727
sup,A927,A901
sup,A927,A1895
sup,A927,A1753
sup,A927,A652
sup,A928,A1613
sup,A929,A2097
sup,A929,A1323
sup,A929,A1799
sup,A929,A2399
sup,A929,A89
sup,A929,A323
sup,A931,A1645
sup,A931,A1706
sup,A935,A27
sup,A935,A1651
sup,A935,A693
sup,A935,A347
sup,A935,A1812
sup,A935,A1802
sup,A935,A1248
sup,A935,A697
sup,A935,A1221
sup,A935,A107
sup,A935,A2042
sup,A936,A1507
sup,A936,A2103
sup,A936,A1515
sup,A936,A2534
sup,A936,A200
sup,A936,A1223
sup,A936,A2029
sup,A936,A2163
sup,A936,A1060
sup,A936,A758
sup,A936,A1679
sup,A936,A131
sup,A936,A1608
sup,A936,A1636
sup,A938,A1161
sup,A938,A55
sup,A938,A537
sup,A938,A2366
sup,A938,A516
sup,A938,A994
sup,A938,A422
sup,A938,A1091
sup,A938,A2534
sup,A938,A1777
sup,A939,A2293
sup,A939,A1226
sup,A939,A1039
sup,A939,A397
sup,A939,A2477
sup,A939,A1291
sup,A940,A789
sup,A940,A1971
sup,A940,A1840
sup,A940,A569
sup,A940,A432
sup,A940,A2318
sup,A940,A2016
sup,A940,A1557
sup,A941,A1834
sup,A941,A1995
sup,A941,A804
sup,A943,A2024
sup,A943,A2051
sup,A943,A1818
sup,A943,A1839
sup,A943,A1334
sup,A943,A1754
sup,A943,A583
sup,A943,A2483
sup,A945,A2387
sup,A945,A2133
sup,A945,A288
sup,A945,A783
sup,A945,A2360
sup,A946,A437
sup,A946,A1603
sup,A949,A2030
sup,A949,A1205
sup,A949,A689
sup,A949,A2411
sup,A949,A1617
sup,A949,A820
sup,A949,A141
sup,A949,A1115
sup,A952,A1728
sup,A952,A1430
sup,A952,A884
sup,A952,A2579
sup,A952,A2521
sup,A952,A2079
sup,A952,A276
sup,A952,A10
sup,A953,A625
sup,A953,A2430
sup,A956,A257
sup,A956,A2281
sup,A956,A1257
sup,A956,A212
sup,A956,A1298
sup,A956,A1970
sup,A956,A2382
sup,A956,A2378
sup,A956,A1936
sup,A956,A1284
sup,A956,A1604
sup,A956,A2193
sup,A956,A1645
sup,A956,A1741
sup,A956,A736
sup,A956,A1607
sup,A956,A1723
sup,A956,A440
sup,A956,A2029
sup,A956,A1596
sup,A956,A2304
sup,A956,A1042
sup,A956,A1646
sup,A956,A1293
sup,A956,A2455
sup,A957,A394
sup,A957,A2237
sup,A957,A154
sup,A957,A2461
sup,A957,A1180
sup,A957,A1171
sup,A957,A223
sup,A957,A48
sup,A957,A2264
sup,A957,A765
sup,A957,A502
sup,A957,A2249
sup,A957,A2296
sup,A957,A2551
sup,A957,A376
sup,A957,A655
sup,A960,A748
sup,A960,A2081
sup,A960,A2052
sup,A960,A755
sup,A960,A1041
sup,A961,A39
sup,A961,A958
sup,A961,A1164
sup,A961,A382
sup,A961,A1977
sup,A961,A366
sup,A961,A2547
sup,A961,A213
sup,A961,A678
sup,A961,A763
sup,A961,A1710
sup,A961,A1816
sup,A961,A1628
sup,A961,A2066
sup,A961,A1065
sup,A961,A1931
sup,A961,A1131
sup,A961,A771
sup,A961,A2556
sup,A961,A876
sup,A961,A2085
sup,A961,A2306
sup,A963,A22
sup,A963,A220
sup,A963,A706
sup,A965,A132
sup,A965,A599
sup,A965,A2446
sup,A965,A2166
sup,A965,A2591
sup,A965,A1480
sup,A965,A1671
sup,A965,A976
sup,A965,A1401
sup,A965,A1352
sup,A965,A2140
sup,A965,A1007
sup,A965,A2118
sup,A965,A2293
sup,A965,A485
sup,A965,A1583
sup,A969,A2490
sup,A969,A452
sup,A969,A2096
sup,A969,A2558
sup,A969,A2033
sup,A969,A2213
sup,A971,A158
sup,A971,A2541
sup,A971,A1277
sup,A971,A150
sup,A971,A748
sup,A971,A869
sup,A971,A619
sup,A971,A2283
sup,A971,A228
sup,A971,A1979
sup,A971,A454
sup,A971,A2528
sup,A971,A902
sup,A971,A174
sup,A971,A1803
sup,A971,A2415
sup,A971,A1788
sup,A971,A2579
sup,A971,A323
sup,A971,A1930
sup,A971,A2411
sup,A971,A413
sup,A971,A1117
sup,A971,A975
sup,A972,A264
sup,A972,A1214
sup,A972,A1722
sup,A972,A2190
sup,A972,A810
sup,A972,A2505
sup,A972,A962
sup,A972,A1146
sup,A972,A1573
sup,A972,A1935
sup,A972,A2549
sup,A972,A1887
sup,A972,A2084
sup,A972,A802
sup,A972,A2031
sup,A972,A2011
sup,A972,A184
sup,A972,A1648
sup,A972,A2583
sup,A972,A1919
sup,A972,A1134
sup,A972,A218
sup,A972,A43
sup,A973,A1243
sup,A973,A1247
sup,A973,A1724
sup,A973,A524
sup,A973,A2593
sup,A973,A2023
sup,A973,A2462
sup,A973,A767
sup,A973,A810
sup,A973,A1743
sup,A973,A1203
sup,A973,A750
sup,A973,A1977
sup,A973,A180
sup,A973,A1457
sup,A973,A410
sup,A973,A336
sup,A973,A1917
sup,A973,A1907
sup,A974,A2009
sup,A974,A349
sup,A974,A811
sup,A974,A2238
sup,A979,A146
sup,A979,A644
sup,A979,A2216
sup,A979,A407
sup,A979,A1981
sup,A979,A331
sup,A979,A1493
sup,A979,A1757
sup,A979,A1243
sup,A979,A156
sup,A979,A2509
sup,A979,A2452
sup,A979,A1762
sup,A979,A1334
sup,A979,A2582
sup,A979,A349
sup,A980,A426
sup,A980,A1145
sup,A980,A1634
sup,A980,A677
sup,A982,A975
sup,A982,A1687
sup,A982,A1089
sup,A982,A1080
sup,A982,A981
sup,A982,A1923
sup,A982,A1953
sup,A982,A1720
sup,A982,A1301
sup,A982,A2049
sup,A982,A1405
sup,A982,A126
sup,A982,A1960
sup,A982,A1655
sup,A982,A2539
sup,A982,A1237
sup,A983,A997
sup,A983,A930
sup,A983,A850
sup,A983,A303
sup,A983,A1836
sup,A983,A1325
sup,A983,A1199
sup,A983,A2281
sup,A983,A542
sup,A983,A518
sup,A983,A458
sup,A983,A372
sup,A983,A1986
sup,A983,A237
sup,A983,A2586
sup,A983,A713
sup,A983,A1563
sup,A983,A1006
sup,A983,A2144
sup,A983,A1949
sup,A983,A1904
sup,A983,A1578
sup,A983,A1594
sup,A986,A986
sup,A986,A2062
sup,A986,A1811
sup,A986,A469
sup,A986,A2434
sup,A986,A2505
sup,A986,A566
sup,A986,A836
sup,A986,A2245
sup,A986,A2284
sup,A986,A1055
sup,A986,A2055
sup,A986,A1680
sup,A986,A898
sup,A986,A1869
sup,A986,A477
sup,A986,A770
sup,A988,A1697
sup,A988,A1881
sup,A990,A721
sup,A990,A2037
sup,A990,A2043
sup,A990,A107
sup,A990,A1175
sup,A990,A2034
sup,A990,A233
sup,A990,A1471
sup,A990,A1397
sup,A990,A2507
sup,A990,A2216
sup,A990,A134
sup,A990,A1428
sup,A990,A1725
sup,A990,A528
sup,A990,A1469
sup,A990,A1186
sup,A990,A2422
sup,A990,A1017
sup,A990,A601
sup,A990,A1909
sup,A990,A662
sup,A990,A1260
sup,A990,A1820
sup,A992,A2497
sup,A992,A1356
sup,A992,A1190
sup,A992,A2308
sup,A992,A703
sup,A992,A2433
sup,A992,A2147
sup,A992,A1972
sup,A992,A2421
sup,A992,A1778
sup,A992,A928
sup,A992,A2347
sup,A992,A1869
sup,A992,A2541
sup,A992,A1122
sup,A992,A746
sup,A992,A2203
sup,A992,A1457
sup,A992,A659
sup,A992,A1932
sup,A992,A131
sup,A996,A24
sup,A996,A442
sup,A996,A2056
sup,A996,A615
sup,A996,A1163
sup,A996,A1017
sup,A996,A292
sup,A996,A1522
sup,A996,A144
sup,A997,A793
sup,A997,A806
sup,A997,A91
sup,A997,A2511
sup,A997,A2019
sup,A997,A2582
sup,A997,A2212
sup,A997,A285
sup,A997,A94
sup,A997,A2502
sup,A997,A1768
sup,A997,A614
sup,A997,A378
sup,A997,A1538
sup,A997,A2202
sup,A998,A1834
sup,A998,A726
sup,A998,A2040
sup,A998,A1165
sup,A998,A2449
sup,A998,A1317
sup,A998,A2072
sup,A998,A1028
sup,A998,A898
sup,A998,A1014
sup,A998,A1554
sup,A998,A1930
sup,A998,A568
sup,A999,A311
sup,A999,A819
sup,A999,A1970
sup,A999,A2306
sup,A999,A1586
sup,A999,A161
sup,A999,A1503
sup,A999,A1468
sup,A999,A2376
sup,A999,A2051
sup,A999,A1176
sup,A999,A1078
sup,A999,A1522
sup,A999,A1866
sup,A999,A1622
sup,A999,A827
sup,A1001,A583
sup,A1001,A987
sup,A1001,A1565
sup,A1001,A311
sup,A1001,A1414
sup,A1001,A1952
sup,A1001,A115
sup,A1001,A2539
sup,A1001,A970
sup,A1001,A1312
sup,A1001,A2488
sup,A1001,A2105
sup,A1001,A2335
sup,A1001,A1029
sup,A1001,A449
sup,A1003,A2317
sup,A1003,A242
sup,A1003,A1733
sup,A1003,A2083
sup,A1003,A2419
sup,A1003,A450
sup,A1003,A2379
sup,A1003,A1234
sup,A1003,A740
sup,A1003,A7
sup,A1003,A1564
sup,A1003,A68
sup,A1004,A2270
sup,A1004,A2573
sup,A1004,A763
sup,A1004,A1078
sup,A1004,A2466
sup,A1004,A1762
sup,A1004,A262
sup,A1004,A1336
sup,A1004,A1987
sup,A1004,A400
sup,A1004,A584
sup,A1004,A1206
sup,A1004,A1052
sup,A1004,A1297
sup,A1004,A2140
sup,A1004,A2513
sup,A1004,A18
sup,A1004,A260
sup,A1004,A382
sup,A1004,A1389
sup,A1004,A1898
sup,A1004,A733
sup,A1004,A2335
sup,A1006,A2523
sup,A1006,A158
sup,A1006,A694
sup,A1006,A422
sup,A1006,A1153
sup,A1006,A114
sup,A1006,A1351
sup,A1006,A2561
sup,A1006,A1119
sup,A1006,A530
sup,A1006,A967
sup,A1006,A557
sup,A1006,A266
sup,A1006,A743
sup,A1006,A68
sup,A1006,A1386
sup,A1006,A680
sup,A1006,A1614
sup,A1006,A1480
sup,A1006,A2502
sup,A1006,A2222
sup,A1006,A137
sup,A1006,A1880
sup,A1006,A774
sup,A1006,A937
sup,A1008,A2325
sup,A1008,A1662
sup,A1010,A1086
sup,A1010,A1791
sup,A1010,A124
sup,A1010,A973
sup,A1010,A1736
sup,A1010,A2558
sup,A1010,A787
sup,A1010,A2526
sup,A1010,A846
sup,A1010,A229
sup,A1010,A2369
sup,A1011,A2225
sup,A1011,A2283
sup,A1011,A1245
sup,A1011,A667
sup,A1011,A2158
sup,A1011,A1408
sup,A1011,A1655
sup,A1011,A282
sup,A1011,A2223
sup,A1011,A1142
sup,A1011,A879
sup,A1011,A2145
sup,A1011,A242
sup,A1011,A2581
sup,A1011,A2595
sup,A1011,A2502
sup,A1012,A1937
sup,A1012,A2531
sup,A1012,A407
sup,A1012,A935
sup,A1012,A2401
sup,A1012,A926
sup,A1012,A2471
sup,A1012,A197
sup,A1012,A1250
sup,A1012,A2487
sup,A1012,A1464
sup,A1013,A287
sup,A1013,A1077
sup,A1013,A1258
sup,A1013,A929
sup,A1013,A1644
sup,A1013,A399
sup,A1013,A1803
sup,A1013,A2202
sup,A1013,A2315
sup,A1013,A1170
sup,A1013,A1257
sup,A1013,A2404
sup,A1013,A210
sup,A1013,A944
sup,A1013,A1380
sup,A1013,A488
sup,A1013,A179
sup,A1013,A1662
sup,A1013,A1962
sup,A1013,A817
sup,A1013,A957
sup,A1013,A1679
sup,A1014,A1101
sup,A1014,A2101
sup,A1014,A345
sup,A1014,A779
sup,A1014,A2114
sup,A1014,A2380
sup,A1014,A663
sup,A1014,A1205
sup,A1014,A1374
sup,A1014,A2316
sup,A1014,A328
sup,A1014,A2588
sup,A1014,A506
sup,A1014,A1229
sup,A1014,A1414
sup,A1014,A649
sup,A1014,A4
sup,A1014,A741
sup,A1014,A2335
sup,A1014,A111
sup,A1014,A572
sup,A1016,A1639
sup,A1016,A1277
sup,A1016,A885
sup,A1016,A754
sup,A1018,A1778
sup,A1018,A1072
sup,A1018,A1836
sup,A1018,A2136
sup,A1018,A1573
sup,A1018,A898
sup,A1018,A2535
sup,A1018,A1303
sup,A1018,A1034
sup,A1018,A488
sup,A1018,A866
sup,A1018,A1508
sup,A1018,A7
sup,A1018,A374
sup,A1018,A1228
sup,A1018,A1821
sup,A1018,A241
sup,A1018,A1077
sup,A1018,A2597
sup,A1018,A524
sup,A1018,A1325
sup,A1018,A1665
sup,A1018,A1783
sup,A1018,A1705
sup,A1018,A899
sup,A1018,A1321
sup,A1019,A2018
sup,A1019,A968
sup,A1019,A2296
sup,A1019,A1967
sup,A1019,A29
sup,A1019,A1164
sup,A1019,A2443
sup,A1019,A2046
sup,A1019,A2197
sup,A1019,A472
sup,A1019,A134
sup,A1019,A1434
sup,A1019,A1272
sup,A1019,A2093
sup,A1019,A147
sup,A1019,A46
sup,A1019,A1111
sup,A1019,A1061
sup,A1019,A320
sup,A1020,A1852
sup,A1020,A2141
sup,A1020,A1697
sup,A1020,A633
sup,A1020,A1041
sup,A1020,A712
sup,A1020,A579
sup,A1020,A1564
sup,A1020,A1063
sup,A1020,A57
sup,A1020,A1879
sup,A1020,A2287
sup,A1020,A1151
sup,A1020,A2509
sup,A1020,A1287
sup,A1020,A667
sup,A1020,A1416
sup,A1020,A987
sup,A1022,A379
sup,A1022,A1090
sup,A1023,A988
sup,A1023,A525
sup,A1023,A1701
sup,A1023,A1326
sup,A1023,A1967
sup,A1023,A1818
sup,A1023,A840
sup,A1023,A454
sup,A1023,A476
sup,A1023,A1156
sup,A1023,A83
sup,A1024,A1488
sup,A1024,A1532
sup,A1024,A42
sup,A1024,A1579
sup,A1024,A2065
sup,A1024,A1507
sup,A1024,A2315
sup,A1024,A652
sup,A1024,A352
sup,A1024,A362
sup,A1024,A1618
sup,A1024,A1554
sup,A1024,A1881
sup,A1024,A387
sup,A1024,A360
sup,A1024,A918
sup,A1024,A65
sup,A1024,A413
sup,A1024,A2312
sup,A1024,A2151
sup,A1026,A2230
sup,A1026,A106
sup,A1026,A320
sup,A1026,A1205
sup,A1026,A1718
sup,A1026,A504
sup,A1026,A1101
sup,A1027,A1011
sup,A1027,A2032
sup,A1027,A1061
sup,A1027,A149
sup,A1027,A820
sup,A1027,A1019
sup,A1027,A437
sup,A1027,A1094
sup,A1027,A1279
sup,A1027,A2067
sup,A1027,A169
sup,A1030,A1509
sup,A1030,A1461
sup,A1030,A297
sup,A1030,A648
sup,A1030,A561
sup,A1030,A2381
sup,A1030,A2239
sup,A1030,A1825
sup,A1030,A2327
sup,A1030,A564
sup,A1030,A801
sup,A1031,A1182
sup,A1031,A1039
sup,A1031,A333
sup,A1031,A1985
sup,A1031,A1183
sup,A1031,A1265
sup,A1031,A2559
sup,A1031,A11
sup,A1031,A733
sup,A1031,A1632
sup,A1031,A1693
sup,A1031,A2196
sup,A1031,A290
sup,A1031,A1043
sup,A1031,A2407
sup,A1031,A64
sup,A1031,A1403
sup,A1031,A1018
sup,A1031,A903
sup,A1032,A378
sup,A1032,A1095
sup,A1032,A1434
sup,A1032,A2463
sup,A1032,A1191
sup,A1032,A1265
sup,A1032,A1351
sup,A1032,A1003
sup,A1032,A175
sup,A1032,A2095
sup,A1032,A931
sup,A1032,A1116
sup,A1033,A1421
sup,A1033,A1088
sup,A1033,A1672
sup,A1033,A2141
sup,A1033,A1018
sup,A1033,A1044
sup,A1033,A625
sup,A1033,A1110
sup,A1033,A265
sup,A1033,A1436
sup,A1033,A2497
sup,A1033,A1546
sup,A1033,A640
sup,A1033,A2515
sup,A1033,A2111
sup,A1033,A693
sup,A1033,A989
sup,A1033,A2232
sup,A1033,A579
sup,A1034,A175
sup,A1034,A225
sup,A1034,A507
sup,A1034,A1863
sup,A1034,A334
sup,A1034,A690
sup,A1034,A2204
sup,A1034,A174
sup,A1034,A2134
sup,A1034,A874
sup,A1034,A712
sup,A1034,A1355
sup,A1034,A786
sup,A1034,A1271
sup,A1034,A1056
sup,A1034,A920
sup,A1035,A1077
sup,A1035,A557
sup,A1035,A72
sup,A1035,A2393
sup,A1035,A958
sup,A1035,A1327
sup,A1035,A2531
sup,A1035,A1963
sup,A1035,A1407
sup,A1035,A1885
sup,A1035,A2341
sup,A1035,A2310
sup,A1035,A217
sup,A1036,A475
sup,A1036,A85
sup,A1036,A2059
sup,A1036,A639
sup,A1036,A839
sup,A1036,A911
sup,A1036,A1001
sup,A1036,A1716
sup,A1036,A2194
sup,A1036,A2210
sup,A1036,A1817
sup,A1036,A2234
sup,A1036,A1457
sup,A1036,A632
sup,A1037,A1672
sup,A1037,A1871
sup,A1037,A1277
sup,A1037,A1770
sup,A1037,A820
sup,A1037,A2117
sup,A1037,A2482
sup,A1037,A1216
sup,A1037,A2079
sup,A1037,A2471
sup,A1037,A1874
sup,A1037,A2302
sup,A1037,A572
sup,A1037,A2485
sup,A1037,A2156
sup,A1037,A2210
sup,A1040,A1853
sup,A1040,A1192
sup,A1040,A204
sup,A1040,A1565
sup,A1040,A2463
sup,A1040,A1841
sup,A1040,A58
sup,A1040,A614
sup,A1040,A1157
sup,A1040,A1095
sup,A1040,A1687
sup,A1040,A2255
sup,A1040,A1396
sup,A1040,A1325
sup,A1040,A902
sup,A1040,A1885
sup,A1040,A2183
sup,A1040,A1929
sup,A1040,A2124
sup,A1040,A291
sup,A1041,A378
sup,A1041,A368
sup,A1041,A55
sup,A1041,A1532
sup,A1041,A18
sup,A1041,A246
sup,A1041,A1456
sup,A1041,A276
sup,A1041,A1661
sup,A1045,A2330
sup,A1045,A1463
sup,A1046,A527
sup,A1046,A630
sup,A1046,A2309
sup,A1046,A616
sup,A1047,A2071
sup,A1047,A2059
sup,A1047,A1498
sup,A1047,A2000
sup,A1047,A1590
sup,A1047,A565
sup,A1047,A1365
sup,A1047,A2485
sup,A1047,A1193
sup,A1047,A1727
sup,A1047,A2196
sup,A1050,A2333
sup,A1050,A2328
sup,A1050,A510
sup,A1050,A2493
sup,A1050,A1408
sup,A1050,A1705
sup,A1050,A1509
sup,A1050,A598
sup,A1050,A1254
sup,A1050,A257
sup,A1050,A1178
sup,A1050,A2494
sup,A1050,A1083
sup,A1050,A916
sup,A1050,A1569
sup,A1050,A714
sup,A1050,A387
sup,A1050,A753
sup,A1050,A1527
sup,A1050,A1126
sup,A1050,A1911
sup,A1050,A1688
sup,A1052,A424
sup,A1052,A2097
sup,A1052,A1361
sup,A1052,A1885
sup,A1054,A854
sup,A1054,A2065
sup,A1054,A1171
sup,A1054,A1064
sup,A1054,A1878
sup,A1054,A1821
sup,A1054,A773
sup,A1055,A1732
sup,A1055,A2579
sup,A1055,A2574
sup,A1055,A1157
sup,A1056,A2389
sup,A1056,A623
sup,A1056,A2075
sup,A1056,A196
sup,A1056,A1996
sup,A1056,A263
sup,A1056,A1237
sup,A1056,A1263
sup,A1056,A995
sup,A1056,A1774
sup,A1056,A55
sup,A1056,A619
sup,A1056,A1075
sup,A1056,A2416
sup,A1056,A525
sup,A1056,A252
sup,A1056,A1271
sup,A1056,A1842
sup,A1056,A2523
sup,A1061,A2488
sup,A1061,A1110
sup,A1061,A1111
sup,A1061,A2052
sup,A1061,A1859
sup,A1061,A1448
sup,A1061,A1975
sup,A1061,A721
sup,A1064,A1754
sup,A1064,A1032
sup,A1064,A441
sup,A1064,A1604
sup,A1064,A224
sup,A1064,A2044
sup,A1066,A2108
sup,A1066,A64
sup,A1066,A1250
sup,A1066,A2592
sup,A1066,A817
sup,A1066,A1776
sup,A1066,A2022
sup,A1066,A536
sup,A1066,A1281
sup,A1066,A1287
sup,A1066,A1452
sup,A1066,A1480
sup,A1066,A1005
sup,A1066,A673
sup,A1066,A87
sup,A1066,A241
sup,A1066,A1795
sup,A1066,A1271
sup,A1068,A2422
sup,A1068,A523
sup,A1068,A342
sup,A1068,A321
sup,A1068,A1693
sup,A1068,A652
sup,A1068,A668
sup,A1068,A1046
sup,A1068,A2428
sup,A1068,A1024
sup,A1068,A1752
sup,A1068,A1748
sup,A1068,A1201
sup,A1068,A1274
sup,A1068,A1181
sup,A1068,A2091
sup,A1068,A1662
sup,A1068,A1932
sup,A1068,A351
sup,A1068,A1855
sup,A1068,A610
sup,A1068,A1486
sup,A1071,A1070
sup,A1071,A1272
sup,A1071,A2586
sup,A1071,A2240
sup,A1071,A1375
sup,A1071,A1000
sup,A1072,A2474
sup,A1072,A1579
sup,A1072,A313
sup,A1072,A333
sup,A1072,A2235
sup,A1072,A802
sup,A1072,A56
sup,A1072,A559
sup,A1072,A1248
sup,A1072,A2582
sup,A1072,A2179
sup,A1072,A468
sup,A1075,A733
sup,A1075,A1447
sup,A1075,A1345
sup,A1075,A78
sup,A1079,A601
sup,A1079,A733
sup,A1079,A984
sup,A1079,A849
sup,A1079,A2303
sup,A1079,A1017
sup,A1079,A363
sup,A1079,A2597
sup,A1079,A390
sup,A1079,A667
sup,A1079,A1413
sup,A1079,A1121
sup,A1080,A54
sup,A1080,A848
sup,A1080,A2010
sup,A1080,A861
sup,A1080,A852
sup,A1080,A2575
sup,A1080,A1268
sup,A1080,A1083
sup,A1080,A2247
sup,A1080,A1934
sup,A1080,A2303
sup,A1080,A614
sup,A1080,A2199
sup,A1080,A2179
sup,A1080,A2138
sup,A1080,A905
sup,A1085,A1398
sup,A1085,A2572
sup,A1085,A64
sup,A1085,A691
sup,A1085,A2027
sup,A1085,A629
sup,A1085,A2147
sup,A1085,A1079
sup,A1085,A2363
sup,A1085,A1961
sup,A1085,A698
sup,A1085,A1989
sup,A1085,A741
sup,A1085,A511
sup,A1085,A1703
sup,A1085,A1399
sup,A1085,A152
sup,A1085,A2309
sup,A1085,A1950
sup,A1085,A1929
sup,A1085,A305
sup,A1085,A1492
sup,A1085,A0
sup,A1085,A1739
sup,A1085,A828
sup,A1085,A1542
sup,A1085,A2130
sup,A1085,A1222
sup,A1086,A756
sup,A1086,A1177
sup,A1086,A593
sup,A1087,A2315
sup,A1087,A1062
sup,A1087,A2409
sup,A1090,A2004
sup,A1093,A21
sup,A1093,A567
sup,A1093,A2556
sup,A1093,A193
sup,A1093,A712
sup,A1093,A1343
sup,A1093,A728
sup,A1093,A1265
sup,A1093,A343
sup,A1093,A597
sup,A1093,A1614
sup,A1093,A2540
sup,A1093,A2423
sup,A1093,A2425
sup,A1093,A243
sup,A1093,A1437
sup,A1093,A1273
sup,A1093,A1464
sup,A1093,A2546
sup,A1093,A2170
sup,A1093,A1460
sup,A1093,A2187
sup,A1093,A883
sup,A1094,A1993
sup,A1094,A1440
sup,A1094,A1037
sup,A1094,A775
sup,A1095,A99
sup,A1095,A62
sup,A1095,A1093
sup,A1095,A1205
sup,A1095,A417
sup,A1095,A582
sup,A1095,A866
sup,A1095,A2430
sup,A1095,A18
sup,A1095,A1578
sup,A1095,A662
sup,A1095,A354
sup,A1095,A1142
sup,A1096,A2518
sup,A1096,A2463
sup,A1096,A226
sup,A1096,A1517
sup,A1096,A1226
sup,A1096,A738
sup,A1096,A1314
sup,A1096,A2539
sup,A1096,A312
sup,A1096,A1429
sup,A1096,A33
sup,A1096,A2413
sup,A1096,A1946
sup,A1096,A759
sup,A1096,A1399
sup,A1096,A848
sup,A1096,A958
sup,A1096,A1151
sup,A1096,A946
sup,A1096,A1778
sup,A1096,A1873
sup,A1098,A2032
sup,A1098,A1598
sup,A1098,A121
sup,A1098,A705
sup,A1098,A642
sup,A1098,A575
sup,A1099,A2317
sup,A1099,A2234
sup,A1099,A633
sup,A1099,A2437
sup,A1099,A1036
sup,A1099,A2025
sup,A1099,A1346
sup,A1099,A2428
sup,A1099,A578
sup,A1099,A2556
sup,A1099,A2
sup,A1099,A2137
sup,A1099,A138
sup,A1099,A241
sup,A1099,A435
sup,A1099,A2438
sup,A1099,A1468
sup,A1099,A2389
sup,A1100,A558
sup,A1100,A1750
sup,A1100,A2022
sup,A1100,A2039
sup,A1100,A2586
sup,A1100,A483
sup,A1100,A872
sup,A1100,A638
sup,A1100,A1146
sup,A1100,A2397
sup,A1100,A957
sup,A1100,A66
sup,A1100,A2341
sup,A1100,A1065
sup,A1100,A1925
sup,A1100,A2212
sup,A1100,A2214
sup,A1100,A725
sup,A1100,A769
sup,A1100,A1859
sup,A1100,A263
sup,A1100,A2304
sup,A1100,A1574
sup,A1100,A984
sup,A1100,A2017
sup,A1100,A2472
sup,A1101,A2303
sup,A1101,A1343
sup,A1104,A771
sup,A1104,A1690
sup,A1105,A2152
sup,A1105,A2485
sup,A1105,A1687
sup,A1105,A677
sup,A1105,A1737
sup,A1105,A410
sup,A1105,A1151
sup,A1105,A2224
sup,A1106,A46
sup,A1106,A49
sup,A1106,A1512
sup,A1106,A1904
sup,A1106,A534
sup,A1106,A1624
sup,A1106,A1744
sup,A1106,A266
sup,A1106,A1409
sup,A1106,A320
sup,A1106,A189
sup,A1106,A2591
sup,A1106,A1630
sup,A1106,A1857
sup,A1106,A357
sup,A1106,A1014
sup,A1106,A2386
sup,A1106,A1803
sup,A1106,A774
sup,A1106,A1837
sup,A1106,A2535
sup,A1111,A2530
sup,A1111,A1629
sup,A1111,A2554
sup,A1111,A1128
sup,A1111,A973
sup,A1111,A1138
sup,A1111,A1642
sup,A1111,A112
sup,A1111,A735
sup,A1111,A1556
sup,A1111,A445
sup,A1111,A1870
sup,A1111,A1492
sup,A1111,A1321
sup,A1111,A2254
sup,A1111,A2054
sup,A1111,A753
sup,A1111,A282
sup,A1111,A1355
sup,A1111,A761
sup,A1111,A2294
sup,A1111,A1356
sup,A1111,A2408
sup,A1111,A1726
sup,A1111,A2129
sup,A1111,A1014
sup,A1114,A843
sup,A1114,A1525
sup,A1114,A766
sup,A1114,A2574
sup,A1114,A1038
sup,A1114,A889
sup,A1114,A878
sup,A1114,A1026
sup,A1114,A1404
sup,A1114,A2257
sup,A1114,A838
sup,A1114,A1052
sup,A1114,A1939
sup,A1114,A387
sup,A1114,A1021
sup,A1114,A732
sup,A1114,A2460
sup,A1114,A830
sup,A1114,A505
sup,A1114,A1529
sup,A1114,A1744
sup,A1114,A627
sup,A1114,A1712
sup,A1114,A1996
sup,A1114,A675
sup,A1115,A1885
sup,A1115,A19
sup,A1115,A236
sup,A1115,A747
sup,A1115,A329
sup,A1115,A1517
sup,A1115,A143
sup,A1115,A2574
sup,A1115,A2237
sup,A1115,A2169
sup,A1115,A1440
sup,A1115,A1455
sup,A1121,A1845
sup,A1121,A2121
sup,A1121,A1986
sup,A1121,A1492
sup,A1121,A109
sup,A1121,A1214
sup,A1121,A378
sup,A1121,A2227
sup,A1121,A1714
sup,A1121,A1430
sup,A1121,A2122
sup,A1121,A1826
sup,A1121,A131
sup,A1121,A1581
sup,A1121,A2327
sup,A1121,A1269
sup,A1121,A1972
sup,A1121,A1776
sup,A1121,A1147
sup,A1121,A1799
sup,A1123,A2046
sup,A1123,A731
sup,A1123,A155
sup,A1123,A787
sup,A1123,A2446
sup,A1123,A1000
sup,A1123,A1635
sup,A1123,A2455
sup,A1123,A1943
sup,A1123,A2139
sup,A1123,A1227
sup,A1123,A1553
sup,A1123,A589
sup,A1123,A1601
sup,A1123,A1552
sup,A1124,A1379
sup,A1124,A2170
sup,A1124,A1538
sup,A1124,A545
sup,A1124,A215
sup,A1124,A1338
sup,A1124,A326
sup,A1124,A743
sup,A1124,A13
sup,A1124,A1650
sup,A1124,A898
sup,A1124,A639
sup,A1124,A2049
sup,A1126,A1664
sup,A1126,A1607
sup,A1126,A551
sup,A1126,A685
sup,A1126,A1120
sup,A1126,A866
sup,A1126,A2263
sup,A1126,A2378
sup,A1126,A260
sup,A1126,A148
sup,A1126,A1628
sup,A1126,A2437
sup,A1126,A592
sup,A1126,A1199
sup,A1126,A229
sup,A1126,A1692
sup,A1126,A1082
sup,A1126,A1696
sup,A1126,A120
sup,A1126,A1406
sup,A1126,A1091
sup,A1127,A1576
sup,A1127,A2220
sup,A1127,A510
sup,A1127,A911
sup,A1127,A398
sup,A1127,A1597
sup,A1127,A985
sup,A1127,A1747
sup,A1127,A698
sup,A1127,A406
sup,A1127,A1889
sup,A1127,A1235
sup,A1127,A2434
sup,A1127,A1179
sup,A1127,A1440
sup,A1127,A1437
sup,A1127,A1092
sup,A1127,A1203
sup,A1127,A741
sup,A1127,A231
sup,A1127,A2228
sup,A1127,A961
sup,A1127,A2042
sup,A1127,A213
sup,A1129,A524
sup,A1129,A2495
sup,A1129,A1776
sup,A1129,A1346
sup,A1129,A2221
sup,A1129,A370
sup,A1129,A2400
sup,A1129,A2345
sup,A1129,A2547
sup,A1130,A1543
sup,A1130,A1709
sup,A1130,A2557
sup,A1130,A2474
sup,A1130,A1356
sup,A1130,A868
sup,A1130,A2582
sup,A1130,A2155
sup,A1130,A1749
sup,A1130,A162
sup,A1130,A340
sup,A1130,A1319
sup,A1131,A2059
sup,A1131,A2118
sup,A1131,A1363
sup,A1131,A345
sup,A1131,A1130
sup,A1131,A1895
sup,A1131,A2478
sup,A1131,A1503
sup,A1131,A2351
sup,A1131,A906
sup,A1131,A2364
sup,A1131,A832
sup,A1131,A1419
sup,A1131,A1134
sup,A1131,A1345
sup,A1133,A1133
sup,A1133,A122
sup,A1133,A2257
sup,A1133,A1400
sup,A1133,A1261
sup,A1133,A2275
sup,A1133,A524
sup,A1133,A2326
sup,A1133,A2524
sup,A1133,A391
sup,A1133,A1335
sup,A1133,A1389
sup,A1133,A1135
sup,A1133,A1805
sup,A1133,A1030
sup,A1133,A1329
sup,A1138,A2470
sup,A1138,A1384
sup,A1138,A2037
sup,A1138,A1034
sup,A1138,A1411
sup,A1138,A1003
sup,A1138,A949
sup,A1138,A1515
sup,A1138,A43
sup,A1138,A1506
sup,A1138,A1642
sup,A1138,A2269
sup,A1138,A550
sup,A1140,A1052
sup,A1140,A1927
sup,A1140,A993
sup,A1140,A1691
sup,A1140,A118
sup,A1140,A2045
sup,A1140,A749
sup,A1140,A1834
sup,A1140,A1916
sup,A1140,A1157
sup,A1140,A1145
sup,A1140,A2053
sup,A1140,A1607
sup,A1140,A942
sup,A1140,A1563
sup,A1140,A1208
sup,A1140,A1734
sup,A1140,A1165
sup,A1140,A1525
sup,A1140,A1897
sup,A1140,A1426
sup,A1142,A454
sup,A1142,A2456
sup,A1142,A859
sup,A1142,A1097
sup,A1142,A137
sup,A1142,A660
sup,A1142,A1740
sup,A1142,A899
sup,A1142,A1294
sup,A1144,A1152
sup,A1144,A33
sup,A1144,A2102
sup,A1144,A393
sup,A1144,A1521
sup,A1144,A1879
sup,A1144,A370
sup,A1145,A621
sup,A1145,A2017
sup,A1145,A2463
sup,A1145,A2504
sup,A1145,A2464
sup,A1145,A845
sup,A1145,A1201
sup,A1145,A2424
sup,A1145,A2013
sup,A1145,A1096
sup,A1145,A1924
sup,A1145,A2268
sup,A1145,A676
sup,A1145,A947
sup,A1145,A1509
sup,A1145,A2564
sup,A1145,A1020
sup,A1145,A739
sup,A1145,A204
sup,A1146,A485
sup,A1146,A557
sup,A1146,A656
sup,A1146,A1117
sup,A1146,A150
sup,A1146,A1148
sup,A1146,A1602
sup,A1146,A1555
sup,A1146,A2244
sup,A1146,A941
sup,A1146,A63
sup,A1146,A1713
sup,A1146,A153
sup,A1146,A1907
sup,A1146,A1662
sup,A1146,A2065
sup,A1146,A2047
sup,A1146,A1439
sup,A1146,A2266
sup,A1146,A2534
sup,A1146,A623
sup,A1146,A502
sup,A1146,A1683
sup,A1148,A1515
sup,A1148,A768
sup,A1148,A2115
sup,A1148,A190
sup,A1148,A589
sup,A1148,A1492
sup,A1148,A1248
sup,A1148,A714
sup,A1148,A702
sup,A1148,A757
sup,A1148,A1938
sup,A1148,A395
sup,A1148,A1064
sup,A1148,A1307
sup,A1148,A2122
sup,A1148,A892
sup,A1151,A1930
sup,A1151,A1198
sup,A1151,A1632
sup,A1151,A464
sup,A1151,A1528
sup,A1151,A1685
sup,A1151,A2404
sup,A1151,A828
sup,A1151,A2027
sup,A1151,A1155
sup,A1151,A56
sup,A1151,A108
sup,A1151,A2191
sup,A1153,A1074
sup,A1153,A1971
sup,A1153,A1052
sup,A1153,A1679
sup,A1153,A1958
sup,A1153,A1609
sup,A1153,A1471
sup,A1153,A324
sup,A1153,A681
sup,A1153,A1924
sup,A1153,A2055
sup,A1153,A814
sup,A1153,A2139
sup,A1153,A285
sup,A1153,A2519
sup,A1153,A1430
sup,A1153,A396
sup,A1153,A724
sup,A1155,A65
sup,A1155,A1265
sup,A1155,A235
sup,A1156,A1574
sup,A1156,A39
sup,A1156,A1061
sup,A1156,A1999
sup,A1156,A212
sup,A1156,A231
sup,A1156,A606
sup,A1156,A412
sup,A1156,A1588
sup,A1156,A676
sup,A1156,A1520
sup,A1156,A1136
sup,A1156,A69
sup,A1156,A766
sup,A1156,A1891
sup,A1156,A2485
sup,A1156,A776
sup,A1156,A707
sup,A1156,A1309
sup,A1156,A2526
sup,A1156,A1934
sup,A1156,A115
sup,A1156,A1777
sup,A1156,A2102
sup,A1156,A1209
sup,A1156,A2326
sup,A1156,A2389
sup,A1156,A1280
sup,A1156,A1629
sup,A1156,A2104
sup,A1157,A459
sup,A1157,A1723
sup,A1157,A2391
sup,A1157,A1840
sup,A1157,A1367
sup,A1157,A707
sup,A1157,A1534
sup,A1157,A2112
sup,A1157,A2591
sup,A1157,A458
sup,A1157,A1284
sup,A1157,A2457
sup,A1157,A2443
sup,A1157,A843
sup,A1157,A396
sup,A1157,A581
sup,A1158,A1854
sup,A1158,A426
sup,A1158,A1582
sup,A1158,A214
sup,A1158,A2373
sup,A1158,A1656
sup,A1158,A2592
sup,A1158,A1090
sup,A1158,A111
sup,A1158,A1663
sup,A1158,A1892
sup,A1158,A2444
sup,A1158,A2467
sup,A1158,A98
sup,A1158,A1639
sup,A1158,A1239
sup,A1158,A2552
sup,A1158,A1934
sup,A1159,A2230
sup,A1159,A744
sup,A1159,A1697
sup,A1159,A1737
sup,A1159,A2260
sup,A1159,A1753
sup,A1159,A1127
sup,A1159,A644
sup,A1159,A899
sup,A1159,A132
sup,A1159,A1301
sup,A1159,A689
sup,A1159,A2106
sup,A1159,A1069
sup,A1159,A362
sup,A1159,A273
sup,A1159,A1636
sup,A1159,A868
sup,A1159,A925
sup,A1159,A640
sup,A1159,A2286
sup,A1159,A1310
sup,A1161,A1588
sup,A1161,A1460
sup,A1161,A2092
sup,A1161,A1382
sup,A1161,A2366
sup,A1161,A792
sup,A1161,A522
sup,A1161,A1797
sup,A1161,A1635
sup,A1161,A1173
sup,A1161,A532
sup,A1161,A1704
sup,A1161,A784
sup,A1161,A196
sup,A1161,A590
sup,A1161,A1985
sup,A1161,A1168
sup,A1161,A2491
sup,A1161,A1020
sup,A1161,A2129
sup,A1161,A2311
sup,A1161,A24
sup,A1161,A362
sup,A1161,A1804
sup,A1163,A1183
sup,A1163,A2339
sup,A1163,A1905
sup,A1163,A2234
sup,A1163,A690
sup,A1163,A1897
sup,A1163,A2263
sup,A1163,A1136
sup,A1163,A1587
sup,A1163,A875
sup,A1163,A1827
sup,A1163,A1300
sup,A1163,A785
sup,A1169,A2120
sup,A1169,A578
sup,A1169,A2455
sup,A1169,A1031
sup,A1169,A413
sup,A1169,A1936
sup,A1169,A316
sup,A1169,A2380
sup,A1169,A450
sup,A1171,A600
sup,A1171,A272
sup,A1171,A1254
sup,A1171,A991
sup,A1171,A1086
sup,A1171,A1403
sup,A1171,A1167
sup,A1172,A1582
sup,A1172,A1566
sup,A1172,A2274
sup,A1172,A2329
sup,A1175,A2547
sup,A1175,A991
sup,A1175,A1612
sup,A1175,A1014
sup,A1175,A669
sup,A1175,A22
sup,A1175,A831
sup,A1175,A1082
sup,A1175,A2085
sup,A1176,A1192
sup,A1176,A2251
sup,A1176,A1852
sup,A1176,A2042
sup,A1176,A1048
sup,A1176,A725
sup,A1176,A580
sup,A1176,A1958
sup,A1176,A1701
sup,A1176,A273
sup,A1176,A716
sup,A1176,A1123
sup,A1176,A1799
sup,A1176,A2543
sup,A1176,A1815
sup,A1176,A2578
sup,A1176,A443
sup,A1176,A1460
sup,A1176,A435
sup,A1176,A1864
sup,A1176,A2545
sup,A1176,A359
sup,A1176,A1169
sup,A1180,A834
sup,A1180,A712
sup,A1180,A483
sup,A1180,A1344
sup,A1180,A1147
sup,A1180,A1633
sup,A1180,A1347
sup,A1180,A165
sup,A1180,A1022
sup,A1181,A1693
sup,A1181,A351
sup,A1181,A457
sup,A1181,A1965
sup,A1181,A2379
sup,A1181,A1409
sup,A1181,A895
sup,A1181,A650
sup,A1182,A403
sup,A1182,A1465
sup,A1182,A257
sup,A1182,A1941
sup,A1182,A1668
sup,A1182,A1315
sup,A1182,A2162
sup,A1182,A845
sup,A1182,A1521
sup,A1182,A1793
sup,A1182,A917
sup,A1182,A1661
sup,A1182,A658
sup,A1182,A73
sup,A1182,A199
sup,A1182,A643
sup,A1182,A1911
sup,A1182,A1358
sup,A1182,A468
sup,A1184,A1981
sup,A1184,A2545
sup,A1184,A1231
sup,A1184,A1601
sup,A1184,A763
sup,A1184,A2180
sup,A1184,A462
sup,A1184,A481
sup,A1184,A1075
sup,A1184,A952
sup,A1184,A1726
sup,A1189,A2413
sup,A1189,A2279
sup,A1189,A1275
sup,A1189,A817
sup,A1189,A628
sup,A1189,A1095
sup,A1189,A1179
sup,A1189,A1730
sup,A1189,A866
sup,A1189,A1075
sup,A1189,A884
sup,A1189,A2277
sup,A1189,A1109
sup,A1189,A1583
sup,A1189,A1000
sup,A1189,A178
sup,A1189,A175
sup,A1189,A1320
sup,A1189,A2378
sup,A1189,A1022
sup,A1190,A86
sup,A1190,A2387
sup,A1190,A602
sup,A1190,A2175
sup,A1190,A1276
sup,A1193,A699
sup,A1193,A313
sup,A1193,A1083
sup,A1193,A16
sup,A1193,A745
sup,A1193,A2532
sup,A1193,A1714
sup,A1193,A740
sup,A1193,A2
sup,A1193,A1624
sup,A1193,A1470
sup,A1193,A2152
sup,A1193,A1364
sup,A1193,A2432
sup,A1193,A231
sup,A1195,A2381
sup,A1195,A472
sup,A1195,A1639
sup,A1195,A1472
sup,A1195,A998
sup,A1195,A492
sup,A1195,A1561
sup,A1195,A2227
sup,A1195,A1392
sup,A1195,A1890
sup,A1195,A2570
sup,A1195,A144
sup,A1195,A372
sup,A1195,A1538
sup,A1195,A731
sup,A1197,A2381
sup,A1197,A979
sup,A1197,A2481
sup,A1197,A1030
sup,A1197,A2161
sup,A1197,A1887
sup,A1197,A282
sup,A1197,A2410
sup,A1197,A934
sup,A1197,A426
sup,A1197,A614
sup,A1197,A469
sup,A1197,A1921
sup,A1197,A1725
sup,A1197,A1041
sup,A1197,A411
sup,A1197,A2053
sup,A1197,A1073
sup,A1197,A2311
sup,A1197,A758
sup,A1197,A2377
sup,A1197,A892
sup,A1199,A1075
sup,A1199,A2566
sup,A1199,A554
sup,A1199,A760
sup,A1199,A2041
sup,A1199,A1508
sup,A1199,A93
sup,A1199,A2319
sup,A1199,A2269
sup,A1199,A1054
sup,A1199,A1772
sup,A1199,A78
sup,A1199,A2352
sup,A1199,A2456
sup,A1199,A957
sup,A1199,A659
sup,A1199,A592
sup,A1199,A1253
sup,A1199,A2320
sup,A1199,A1311
sup,A1199,A297
sup,A1200,A11
sup,A1200,A839
sup,A1200,A1606
sup,A1200,A918
sup,A1200,A2091
sup,A1200,A2123
sup,A1200,A1435
sup,A1200,A2530
sup,A1200,A2465
sup,A1200,A595
sup,A1200,A235
sup,A1200,A519
sup,A1200,A551
sup,A1200,A2283
sup,A1203,A1058
sup,A1203,A621
sup,A1203,A870
sup,A1203,A47
sup,A1203,A357
sup,A1203,A2546
sup,A1203,A2281
sup,A1203,A1905
sup,A1203,A903
sup,A1203,A967
sup,A1203,A873
sup,A1203,A516
sup,A1203,A25
sup,A1203,A2136
sup,A1203,A2267
sup,A1203,A690
sup,A1203,A723
sup,A1203,A1592
sup,A1203,A2170
sup,A1203,A607
sup,A1203,A647
sup,A1203,A587
sup,A1203,A2594
sup,A1203,A2124
sup,A1203,A133
sup,A1203,A2576
sup,A1205,A1986
sup,A1205,A1759
sup,A1205,A1039
sup,A1205,A2390
sup,A1205,A1149
sup,A1205,A2350
sup,A1205,A348
sup,A1205,A1619
sup,A1205,A1982
sup,A1205,A1842
sup,A1205,A1488
sup,A1205,A69
sup,A1205,A62
sup,A1205,A1889
sup,A1207,A2357
sup,A1207,A18
sup,A1207,A451
sup,A1207,A2026
sup,A1207,A1232
sup,A1207,A1596
sup,A1207,A1854
sup,A1207,A1415
sup,A1207,A1863
sup,A1207,A556
sup,A1207,A2302
sup,A1207,A524
sup,A1207,A1811
sup,A1211,A2215
sup,A1211,A433
sup,A1211,A1749
sup,A1211,A1619
sup,A1211,A301
sup,A1211,A335
sup,A1211,A968
sup,A1211,A862
sup,A1211,A437
sup,A1211,A2341
sup,A1211,A1777
sup,A1211,A1381
sup,A1211,A1961
sup,A1211,A1652
sup,A1211,A2108
sup,A1211,A2543
sup,A1211,A2109
sup,A1211,A105
sup,A1211,A63
sup,A1211,A1881
sup,A1211,A227
sup,A1214,A1087
sup,A1214,A852
sup,A1214,A2560
sup,A1214,A2304
sup,A1214,A326
sup,A1214,A1175
sup,A1214,A2585
sup,A1214,A2208
sup,A1214,A1950
sup,A1214,A2237
sup,A1214,A2185
sup,A1214,A2076
sup,A1214,A361
sup,A1214,A2540
sup,A1214,A2512
sup,A1214,A140
sup,A1214,A192
sup,A1214,A1159
sup,A1214,A2454
sup,A1214,A440
sup,A1215,A449
sup,A1215,A859
sup,A1215,A107
sup,A1215,A1467
sup,A1215,A938
sup,A1215,A1369
sup,A1215,A1234
sup,A1215,A1059
sup,A1215,A2436
sup,A1215,A2559
sup,A1220,A1130
sup,A1220,A1140
sup,A1220,A1253
sup,A1220,A1105
sup,A1220,A966
sup,A1220,A813
sup,A1220,A2232
sup,A1220,A1340
sup,A1220,A2096
sup,A1223,A2379
sup,A1223,A2264
sup,A1223,A1089
sup,A1223,A1685
sup,A1223,A305
sup,A1223,A284
sup,A1225,A94
sup,A1225,A2454
sup,A1225,A1964
sup,A1225,A1043
sup,A1225,A1219
sup,A1225,A2344
sup,A1225,A189
sup,A1225,A568
sup,A1225,A758
sup,A1225,A1875
sup,A1225,A2257
sup,A1225,A689
sup,A1225,A663
sup,A1225,A2455
sup,A1225,A433
sup,A1225,A331
sup,A1225,A16
sup,A1226,A665
sup,A1226,A1400
sup,A1226,A2468
sup,A1226,A2418
sup,A1226,A946
sup,A1226,A861
sup,A1226,A621
sup,A1226,A475
sup,A1226,A1119
sup,A1226,A2280
sup,A1226,A1869
sup,A1226,A1763
sup,A1226,A1573
sup,A1226,A321
sup,A1226,A1259
sup,A1226,A336
sup,A1226,A1232
sup,A1226,A2548
sup,A1226,A2180
sup,A1226,A1266
sup,A1226,A1576
sup,A1226,A373
sup,A1226,A1483
sup,A1226,A712
sup,A1226,A1472
sup,A1229,A2208
sup,A1229,A1841
sup,A1229,A595
sup,A1229,A1343
sup,A1229,A2447
sup,A1229,A273
sup,A1229,A1331
sup,A1229,A2592
sup,A1229,A2222
sup,A1230,A346
sup,A1230,A637
sup,A1230,A547
sup,A1230,A1067
sup,A1230,A2525
sup,A1230,A1091
sup,A1230,A799
sup,A1234,A254
sup,A1234,A1153
sup,A1234,A684
sup,A1234,A1297
sup,A1234,A1598
sup,A1240,A810
sup,A1240,A2388
sup,A1240,A98
sup,A1240,A1392
sup,A1240,A1107
sup,A1240,A814
sup,A1240,A349
sup,A1240,A259
sup,A1240,A404
sup,A1240,A1441
sup,A1240,A2345
sup,A1240,A1679
sup,A1240,A1366
sup,A1240,A2362
sup,A1240,A2240
sup,A1241,A1373
sup,A1241,A1281
sup,A1247,A1385
sup,A1247,A1575
sup,A1247,A2372
sup,A1247,A1555
sup,A1247,A2242
sup,A1247,A336
sup,A1248,A1366
sup,A1248,A2321
sup,A1248,A2195
sup,A1248,A1660
sup,A1248,A2496
sup,A1248,A1137
sup,A1248,A1632
sup,A1248,A400
sup,A1248,A1762
sup,A1248,A2111
sup,A1248,A13
sup,A1248,A1336
sup,A1248,A320
sup,A1248,A41
sup,A1248,A207
sup,A1248,A533
sup,A1248,A997
sup,A1248,A68
sup,A1248,A440
sup,A1248,A1327
sup,A1249,A2198
sup,A1249,A2421
sup,A1251,A802
sup,A1251,A138
sup,A1251,A1001
sup,A1251,A329
sup,A1251,A1208
sup,A1251,A188
sup,A1251,A410
sup,A1251,A758
sup,A1259,A230
sup,A1259,A2072
sup,A1259,A1019
sup,A1259,A126
sup,A1259,A1057
sup,A1259,A2496
sup,A1259,A1579
sup,A1259,A1665
sup,A1259,A1004
sup,A1259,A1905
sup,A1259,A273
sup,A1259,A2163
sup,A1259,A1296
sup,A1259,A2180
sup,A1260,A274
sup,A1260,A1865
sup,A1260,A666
sup,A1260,A1876
sup,A1260,A2076
sup,A1260,A2044
sup,A1260,A1411
sup,A1260,A971
sup,A1260,A1683
sup,A1260,A1227
sup,A1260,A2456
sup,A1260,A536
sup,A1260,A756
sup,A1260,A2530
sup,A1260,A1038
sup,A1260,A34
sup,A1260,A1946
sup,A1261,A431
sup,A1261,A1671
sup,A1261,A1528
sup,A1262,A1542
sup,A1263,A1369
sup,A1263,A590
sup,A1263,A1441
sup,A1263,A1516
sup,A1263,A2410
sup,A1264,A290
sup,A1264,A1000
sup,A1264,A2275
sup,A1264,A2224
sup,A1264,A991
sup,A1264,A981
sup,A1264,A904
sup,A1264,A1902
sup,A1265,A49
sup,A1265,A2195
sup,A1265,A1715
sup,A1265,A1518
sup,A1265,A1254
sup,A1265,A412
sup,A1267,A1627
sup,A1267,A393
sup,A1268,A2139
sup,A1268,A476
sup,A1270,A649
sup,A1270,A768
sup,A1270,A1219
sup,A1270,A2586
sup,A1270,A1202
sup,A1270,A2529
sup,A1270,A943
sup,A1271,A527
sup,A1271,A522
sup,A1271,A1180
sup,A1271,A1555
sup,A1271,A2452
sup,A1271,A539
sup,A1271,A1743
sup,A1271,A275
sup,A1271,A1387
sup,A1271,A1375
sup,A1271,A565
sup,A1271,A1757
sup,A1271,A2
sup,A1271,A2356
sup,A1271,A1614
sup,A1271,A706
sup,A1271,A1284
sup,A1271,A794
sup,A1271,A2596
sup,A1271,A692
sup,A1277,A1995
sup,A1277,A150
sup,A1277,A199
sup,A1277,A255
sup,A1277,A1731
sup,A1277,A1106
sup,A1277,A2100
sup,A1277,A373
sup,A1277,A354
sup,A1277,A655
sup,A1278,A1413
sup,A1278,A2566
sup,A1278,A847
sup,A1278,A2358
sup,A1278,A974
sup,A1278,A862
sup,A1278,A1497
sup,A1278,A2449
sup,A1278,A1466
sup,A1279,A1270
sup,A1279,A2597
sup,A1279,A1694
sup,A1279,A2492
sup,A1279,A1318
sup,A1279,A1302
sup,A1279,A1767
sup,A1279,A2478
sup,A1279,A2306
sup,A1279,A2182
sup,A1279,A2028
sup,A1279,A2291
sup,A1279,A1899
sup,A1279,A308
sup,A1279,A426
sup,A1279,A1191
sup,A1279,A1462
sup,A1279,A1934
sup,A1279,A2593
sup,A1279,A1387
sup,A1279,A1253
sup,A1279,A2290
sup,A1279,A1982
sup,A1279,A1590
sup,A1280,A2493
sup,A1280,A1887
sup,A1280,A642
sup,A1280,A417
sup,A1280,A1270
sup,A1280,A2538
sup,A1280,A1166
sup,A1280,A301
sup,A1280,A1533
sup,A1280,A1088
sup,A1280,A1647
sup,A1280,A1102
sup,A1280,A108
sup,A1280,A252
sup,A1280,A401
sup,A1280,A1437
sup,A1280,A922
sup,A1280,A1327
sup,A1280,A647
sup,A1280,A1265
sup,A1280,A1863
sup,A1280,A2060
sup,A1280,A2443
sup,A1280,A2099
sup,A1280,A1483
sup,A1280,A1706
sup,A1281,A36
sup,A1281,A723
sup,A1281,A720
sup,A1281,A603
sup,A1281,A2372
sup,A1281,A2094
sup,A1281,A915
sup,A1281,A722
sup,A1281,A1817
sup,A1281,A1116
sup,A1281,A1656
sup,A1284,A2420
sup,A1284,A2281
sup,A1284,A1221
sup,A1284,A338
sup,A1284,A956
sup,A1284,A430
sup,A1284,A1349
sup,A1284,A769
sup,A1284,A463
sup,A1284,A2094
sup,A1284,A1544
sup,A1284,A1088
sup,A1284,A2404
sup,A1284,A1733
sup,A1284,A1507
sup,A1284,A2054
sup,A1285,A972
sup,A1285,A2361
sup,A1285,A888
sup,A1285,A2586
sup,A1285,A2055
sup,A1285,A2108
sup,A1285,A1839
sup,A1285,A391
sup,A1285,A421
sup,A1285,A1502
sup,A1285,A2292
sup,A1285,A294
sup,A1285,A1676
sup,A1285,A2217
sup,A1285,A651
sup,A1285,A866
sup,A1285,A1535
sup,A1295,A1792
sup,A1295,A674
sup,A1295,A1971
sup,A1295,A71
sup,A1295,A1181
sup,A1295,A815
sup,A1295,A1973
sup,A1295,A438
sup,A1295,A1605
sup,A1295,A875
sup,A1295,A2555
sup,A1295,A2286
sup,A1295,A1511
sup,A1295,A845
sup,A1295,A2200
sup,A1295,A81
sup,A1295,A345
sup,A1298,A865
sup,A1298,A1737
sup,A1298,A1085
sup,A1298,A814
sup,A1298,A391
sup,A1298,A689
sup,A1298,A2464
sup,A1298,A1260
sup,A1298,A469
sup,A1298,A438
sup,A1299,A1226
sup,A1299,A1632
sup,A1299,A1097
sup,A1299,A661
sup,A1299,A453
sup,A1299,A1712
sup,A1299,A2294
sup,A1299,A680
sup,A1299,A2069
sup,A1299,A1852
sup,A1299,A1320
sup,A1299,A1185
sup,A1299,A1169
sup,A1299,A911
sup,A1300,A681
sup,A1300,A2262
sup,A1300,A1565
sup,A1300,A2406
sup,A1300,A1795
sup,A1301,A2574
sup,A1301,A372
sup,A1301,A1403
sup,A1301,A1220
sup,A1301,A13
sup,A1301,A1552
sup,A1301,A1818
sup,A1301,A1119
sup,A1301,A1870
sup,A1301,A306
sup,A1301,A1245
sup,A1301,A1851
sup,A1301,A2180
sup,A1305,A2112
sup,A1305,A1245
sup,A1305,A683
sup,A1305,A1295
sup,A1305,A2497
sup,A1305,A1705
sup,A1305,A2504
sup,A1305,A2508
sup,A1305,A2105
sup,A1305,A397
sup,A1305,A1069
sup,A1305,A1034
sup,A1305,A381
sup,A1305,A566
sup,A1305,A414
sup,A1305,A242
sup,A1305,A1956
sup,A1305,A821
sup,A1305,A870
sup,A1305,A36
sup,A1305,A1252
sup,A1305,A2304
sup,A1305,A1127
sup,A1305,A113
sup,A1305,A2093
sup,A1306,A2482
sup,A1306,A1708
sup,A1306,A1628
sup,A1309,A850
sup,A1309,A36
sup,A1309,A1064
sup,A1309,A898
sup,A1309,A1108
sup,A1309,A1400
sup,A1309,A1207
sup,A1309,A2495
sup,A1309,A264
sup,A1309,A1643
sup,A1309,A1681
sup,A1309,A880
sup,A1309,A1774
sup,A1309,A2594
sup,A1309,A2449
sup,A1309,A96
sup,A1309,A1987
sup,A1309,A240
sup,A1309,A1832
sup,A1309,A566
sup,A1309,A447
sup,A1309,A2451
sup,A1309,A966
sup,A1309,A1998
sup,A1309,A352
sup,A1309,A2280
sup,A1309,A1917
sup,A1309,A1396
sup,A1309,A141
sup,A1310,A78
sup,A1310,A1400
sup,A1311,A1170
sup,A1311,A1666
sup,A1311,A318
sup,A1311,A613
sup,A1311,A1769
sup,A1311,A437
sup,A1311,A1056
sup,A1311,A1401
sup,A1311,A432
sup,A1311,A1965
sup,A1311,A2209
sup,A1311,A936
sup,A1313,A877
sup,A1313,A2594
sup,A1313,A2060
sup,A1313,A817
sup,A1313,A2351
sup,A1313,A888
sup,A1313,A1781
sup,A1313,A646
sup,A1313,A143
sup,A1313,A90
sup,A1313,A2198
sup,A1313,A2015
sup,A1313,A116
sup,A1313,A2005
sup,A1313,A2081
sup,A1313,A2042
sup,A1323,A515
sup,A1323,A2352
sup,A1323,A1871
sup,A1323,A1287
sup,A1323,A2527
sup,A1323,A2259
sup,A1323,A1503
sup,A1323,A2534
sup,A1323,A277
sup,A1323,A1179
sup,A1323,A741
sup,A1323,A1243
sup,A1323,A439
sup,A1323,A727
sup,A1323,A1341
sup,A1323,A465
sup,A1323,A356
sup,A1323,A2408
sup,A1323,A1229
sup,A1323,A2268
sup,A1323,A2297
sup,A1323,A480
sup,A1326,A213
sup,A1326,A2543
sup,A1326,A1223
sup,A1326,A1045
sup,A1326,A1154
sup,A1326,A1077
sup,A1326,A1535
sup,A1326,A794
sup,A1326,A2024
sup,A1326,A504
sup,A1326,A1791
sup,A1326,A891
sup,A1328,A1334
sup,A1328,A255
sup,A1328,A2363
sup,A1328,A2429
sup,A1328,A2138
sup,A1328,A1884
sup,A1328,A2391
sup,A1328,A691
sup,A1328,A1576
sup,A1328,A1598
sup,A1328,A1327
sup,A1330,A444
sup,A1330,A400
sup,A1330,A1522
sup,A1330,A1225
sup,A1331,A74
sup,A1331,A1962
sup,A1331,A594
sup,A1331,A2023
sup,A1331,A1196
sup,A1331,A977
sup,A1331,A2255
sup,A1331,A2077
sup,A1331,A569
sup,A1331,A1640
sup,A1331,A2004
sup,A1331,A2062
sup,A1331,A568
sup,A1331,A1318
sup,A1331,A2290
sup,A1331,A5
sup,A1331,A1619
sup,A1331,A1068
sup,A1331,A1927
sup,A1331,A1709
sup,A1331,A1514
sup,A1331,A1299
sup,A1331,A898
sup,A1331,A2560
sup,A1331,A345
sup,A1332,A2082
sup,A1332,A2162
sup,A1332,A797
sup,A1332,A1503
sup,A1332,A1953
sup,A1332,A1492
sup,A1332,A153
sup,A1332,A2107
sup,A1332,A546
sup,A1332,A2193
sup,A1332,A2153
sup,A1332,A1848
sup,A1332,A1117
sup,A1332,A2157
sup,A1332,A1001
sup,A1332,A1160
sup,A1333,A1848
sup,A1333,A2010
sup,A1334,A809
sup,A1334,A112
sup,A1334,A535
sup,A1334,A1422
sup,A1334,A552
sup,A1334,A679
sup,A1334,A1065
sup,A1334,A1651
sup,A1334,A2416
sup,A1334,A326
sup,A1334,A1519
sup,A1334,A2220
sup,A1334,A991
sup,A1334,A363
sup,A1334,A1074
sup,A1334,A2404
sup,A1334,A36
sup,A1334,A103
sup,A1334,A1865
sup,A1334,A281
sup,A1334,A1231
sup,A1335,A2248
sup,A1335,A1817
sup,A1335,A286
sup,A1335,A1167
sup,A1335,A1271
sup,A1335,A1164
sup,A1335,A2308
sup,A1335,A885
sup,A1335,A415
sup,A1335,A124
sup,A1335,A965
sup,A1335,A991
sup,A1335,A1257
sup,A1338,A1313
sup,A1338,A1000
sup,A1338,A1868
sup,A1338,A766
sup,A1338,A1908
sup,A1338,A102
sup,A1338,A2329
sup,A1338,A1637
sup,A1338,A1367
sup,A1338,A2470
sup,A1338,A926
sup,A1338,A2204
sup,A1338,A567
sup,A1338,A699
sup,A1338,A2159
sup,A1338,A1134
sup,A1338,A1439
sup,A1339,A1219
sup,A1339,A558
sup,A1339,A26
sup,A1339,A1860
sup,A1339,A1659
sup,A1339,A1716
sup,A1339,A2539
sup,A1339,A1013
sup,A1339,A726
sup,A1339,A1656
sup,A1339,A1336
sup,A1339,A1171
sup,A1339,A1395
sup,A1339,A1413
sup,A1339,A2143
sup,A1339,A491
sup,A1339,A802
sup,A1339,A612
sup,A1340,A1960
sup,A1340,A2110
sup,A1340,A1837
sup,A1340,A2249
sup,A1340,A1229
sup,A1340,A150
sup,A1340,A646
sup,A1340,A2144
sup,A1340,A1693
sup,A1340,A1466
sup,A1340,A1851
sup,A1340,A1323
sup,A1340,A1120
sup,A1340,A879
sup,A1340,A1178
sup,A1340,A2256
sup,A1341,A1620
sup,A1341,A1532
sup,A1341,A1933
sup,A1341,A1640
sup,A1341,A568
sup,A1341,A1646
sup,A1341,A491
sup,A1341,A779
sup,A1341,A248
sup,A1341,A282
sup,A1341,A450
sup,A1341,A1377
sup,A1341,A2460
sup,A1341,A2461
sup,A1341,A1403
sup,A1341,A1159
sup,A1341,A2336
sup,A1341,A772
sup,A1344,A2306
sup,A1344,A449
sup,A1344,A1800
sup,A1344,A73
sup,A1344,A1292
sup,A1344,A684
sup,A1350,A170
sup,A1350,A1056
sup,A1350,A2348
sup,A1350,A2493
sup,A1350,A2258
sup,A1350,A2087
sup,A1350,A407
sup,A1350,A1759
sup,A1350,A1650
sup,A1350,A1135
sup,A1350,A2274
sup,A1350,A2239
sup,A1350,A2434
sup,A1350,A776
sup,A1350,A1017
sup,A1350,A177
sup,A1350,A2587
sup,A1352,A1097
sup,A1352,A658
sup,A1352,A1173
sup,A1352,A480
sup,A1352,A2285
sup,A1352,A2317
sup,A1352,A1419
sup,A1352,A1154
sup,A1352,A1480
sup,A1352,A234
sup,A1352,A2282
sup,A1352,A874
sup,A1352,A1512
sup,A1352,A208
sup,A1352,A2409
sup,A1352,A2184
sup,A1352,A508
sup,A1352,A431
sup,A1352,A331
sup,A1352,A1741
sup,A1352,A2290
sup,A1352,A1275
sup,A1352,A1697
sup,A1354,A982
sup,A1354,A597
sup,A1354,A715
sup,A1354,A1935
sup,A1354,A1487
sup,A1354,A1356
sup,A1355,A1291
sup,A1355,A2382
sup,A1355,A2098
sup,A1355,A1993
sup,A1355,A1029
sup,A1355,A1896
sup,A1355,A650
sup,A1355,A2383
sup,A1355,A1987
sup,A1355,A95
sup,A1355,A120
sup,A1355,A1734
sup,A1355,A1641
sup,A1355,A807
sup,A1355,A1151
sup,A1355,A206
sup,A1355,A1793
sup,A1355,A325
sup,A1355,A2021
sup,A1355,A1948
sup,A1355,A1934
sup,A1356,A53
sup,A1356,A913
sup,A1356,A1193
sup,A1356,A1002
sup,A1356,A408
sup,A1356,A808
sup,A1356,A1235
sup,A1356,A1813
sup,A1356,A1372
sup,A1356,A1519
sup,A1356,A758
sup,A1356,A2578
sup,A1356,A1560
sup,A1356,A974
sup,A1356,A1567
sup,A1356,A1065
sup,A1357,A1942
sup,A1357,A1566
sup,A1357,A1600
sup,A1357,A709
sup,A1357,A1751
sup,A1359,A2518
sup,A1359,A724
sup,A1359,A894
sup,A1359,A752
sup,A1359,A880
sup,A1359,A951
sup,A1359,A935
sup,A1359,A2143
sup,A1359,A2300
sup,A1359,A397
sup,A1360,A268
sup,A1360,A2474
sup,A1360,A73
sup,A1360,A2451
sup,A1361,A1192
sup,A1361,A2391
sup,A1361,A261
sup,A1361,A2485
sup,A1361,A1753
sup,A1361,A1621
sup,A1361,A695
sup,A1361,A1324
sup,A1361,A155
sup,A1361,A720
sup,A1361,A2101
sup,A1361,A1854
sup,A1361,A30
sup,A1361,A674
sup,A1361,A1276
sup,A1361,A1067
sup,A1361,A1463
sup,A1361,A2513
sup,A1362,A1494
sup,A1362,A1692
sup,A1362,A1979
sup,A1362,A973
sup,A1362,A1008
sup,A1362,A1584
sup,A1362,A1380
sup,A1362,A517
sup,A1362,A1785
sup,A1362,A689
sup,A1362,A36
sup,A1362,A1942
sup,A1362,A1341
sup,A1362,A1285
sup,A1362,A836
sup,A1362,A33
sup,A1362,A1078
sup,A1362,A2376
sup,A1362,A13
sup,A1362,A1949
sup,A1362,A378
sup,A1364,A753
sup,A1364,A573
sup,A1364,A1380
sup,A1364,A16
sup,A1364,A1437
sup,A1364,A1751
sup,A1364,A2453
sup,A1364,A1222
sup,A1364,A301
sup,A1364,A1260
sup,A1364,A1225
sup,A1364,A1314
sup,A1364,A2479
sup,A1366,A1785
sup,A1366,A217
sup,A1366,A1461
sup,A1366,A2573
sup,A1366,A625
sup,A1366,A1724
sup,A1366,A2524
sup,A1366,A2386
sup,A1366,A1945
sup,A1366,A2164
sup,A1366,A2572
sup,A1366,A2110
sup,A1366,A2060
sup,A1366,A1219
sup,A1366,A181
sup,A1366,A1661
sup,A1366,A1795
sup,A1366,A24
sup,A1368,A1054
sup,A1368,A2236
sup,A1368,A1659
sup,A1368,A1862
sup,A1368,A1198
sup,A1368,A1410
sup,A1368,A1939
sup,A1368,A1072
sup,A1368,A2076
sup,A1368,A1511
sup,A1368,A1111
sup,A1368,A774
sup,A1368,A541
sup,A1368,A307
sup,A1368,A837
sup,A1368,A1340
sup,A1368,A2452
sup,A1368,A564
sup,A1368,A644
sup,A1369,A1421
sup,A1369,A824
sup,A1369,A507
sup,A1369,A1349
sup,A1369,A502
sup,A1369,A1757
sup,A1369,A2163
sup,A1369,A2346
sup,A1369,A287
sup,A1369,A648
sup,A1369,A2031
sup,A1369,A2203
sup,A1369,A87
sup,A1369,A1090
sup,A1369,A1563
sup,A1369,A1003
sup,A1369,A1856
sup,A1369,A2142
sup,A1369,A2198
sup,A1369,A2002
sup,A1369,A729
sup,A1369,A1114
sup,A1382,A643
sup,A1382,A2599
sup,A1382,A2329
sup,A1382,A2223
sup,A1382,A633
sup,A1382,A168
sup,A1382,A11
sup,A1382,A2187
sup,A1383,A1651
sup,A1383,A2486
sup,A1383,A34
sup,A1383,A1508
sup,A1383,A1404
sup,A1383,A2026
sup,A1383,A263
sup,A1383,A1186
sup,A1383,A1320
sup,A1384,A344
sup,A1384,A1707
sup,A1384,A449
sup,A1384,A2132
sup,A1384,A308
sup,A1384,A1113
sup,A1384,A1606
sup,A1384,A124
sup,A1384,A1994
sup,A1384,A914
sup,A1384,A2378
sup,A1384,A2376
sup,A1384,A2049
sup,A1384,A1425
sup,A1388,A2174
sup,A1388,A334
sup,A1388,A2029
sup,A1388,A514
sup,A1388,A483
sup,A1388,A785
sup,A1388,A698
sup,A1392,A2140
sup,A1392,A2007
sup,A1392,A880
sup,A1392,A1173
sup,A1392,A1925
sup,A1392,A128
sup,A1392,A1665
sup,A1392,A1792
sup,A1392,A1069
sup,A1392,A509
sup,A1392,A310
sup,A1392,A139
sup,A1392,A457
sup,A1392,A294
sup,A1392,A1072
sup,A1392,A1854
sup,A1392,A1292
sup,A1392,A1575
sup,A1392,A1199
sup,A1392,A516
sup,A1392,A563
sup,A1392,A785
sup,A1393,A677
sup,A1393,A1188
sup,A1393,A2363
sup,A1393,A2064
sup,A1393,A428
sup,A1393,A1830
sup,A1393,A1292
sup,A1393,A1151
sup,A1393,A679
sup,A1393,A151
sup,A1394,A2383
sup,A1394,A1540
sup,A1394,A1718
sup,A1394,A1796
sup,A1394,A2106
sup,A1394,A1749
sup,A1394,A230
sup,A1394,A1269
sup,A1394,A1289
sup,A1394,A310
sup,A1394,A1708
sup,A1394,A2458
sup,A1394,A1209
sup,A1394,A2442
sup,A1394,A2133
sup,A1394,A1520
sup,A1394,A2073
sup,A1394,A1276
sup,A1395,A2439
sup,A1395,A2007
sup,A1395,A1846
sup,A1395,A185
sup,A1395,A2312
sup,A1395,A760
sup,A1395,A1486
sup,A1395,A175
sup,A1395,A2477
sup,A1395,A142
sup,A1395,A793
sup,A1395,A2568
sup,A1395,A508
sup,A1395,A823
sup,A1395,A1756
sup,A1395,A1488
sup,A1395,A51
sup,A1395,A670
sup,A1395,A599
sup,A1395,A1553
sup,A1395,A2096
sup,A1395,A728
sup,A1395,A427
sup,A1398,A338
sup,A1398,A2535
sup,A1398,A1623
sup,A1398,A1048
sup,A1398,A2221
sup,A1398,A2510
sup,A1398,A1446
sup,A1398,A2189
sup,A1398,A310
sup,A1398,A1260
sup,A1398,A2258
sup,A1398,A624
sup,A1398,A919
sup,A1398,A1838
sup,A1398,A2460
sup,A1398,A1907
sup,A1398,A2090
sup,A1398,A974
sup,A1398,A836
sup,A1398,A2140
sup,A1398,A954
sup,A1398,A1930
sup,A1398,A1560
sup,A1398,A2359
sup,A1398,A539
sup,A1398,A22
sup,A1401,A1830
sup,A1401,A1626
sup,A1401,A994
sup,A1401,A2350
sup,A1401,A802
sup,A1401,A1284
sup,A1401,A2410
sup,A1401,A2493
sup,A1401,A738
sup,A1401,A55
sup,A1401,A1379
sup,A1401,A1324
sup,A1401,A1497
sup,A1401,A2159
sup,A1401,A1844
sup,A1401,A51
sup,A1401,A1777
sup,A1401,A594
sup,A1401,A754
sup,A1402,A223
sup,A1402,A1079
sup,A1402,A1016
sup,A1402,A2307
sup,A1402,A612
sup,A1402,A1572
sup,A1402,A561
sup,A1402,A95
sup,A1402,A2400
sup,A1402,A1787
sup,A1402,A881
sup,A1402,A842
sup,A1402,A661
sup,A1402,A48
sup,A1402,A2408
sup,A1402,A2175
sup,A1402,A924
sup,A1402,A1055
sup,A1402,A909
sup,A1402,A1402
sup,A1402,A88
sup,A1402,A1982
sup,A1402,A1229
sup,A1404,A1496
sup,A1404,A1935
sup,A1404,A1006
sup,A1404,A153
sup,A1404,A1351
sup,A1404,A1771
sup,A1404,A2041
sup,A1404,A964
sup,A1404,A1564
sup,A1404,A2398
sup,A1404,A2201
sup,A1404,A2548
sup,A1404,A1338
sup,A1404,A1578
sup,A1404,A588
sup,A1404,A577
sup,A1404,A2482
sup,A1404,A1379
sup,A1407,A2410
sup,A1407,A1332
sup,A1407,A542
sup,A1407,A2009
sup,A1407,A746
sup,A1407,A968
sup,A1407,A123
sup,A1410,A1559
sup,A1410,A2195
sup,A1410,A458
sup,A1415,A1796
sup,A1415,A1141
sup,A1415,A964
sup,A1415,A275
sup,A1415,A298
sup,A1415,A2566
sup,A1415,A2047
sup,A1415,A1616
sup,A1415,A2546
sup,A1415,A1786
sup,A1415,A892
sup,A1415,A390
sup,A1415,A165
sup,A1415,A2494
sup,A1415,A1771
sup,A1415,A1685
sup,A1417,A1388
sup,A1417,A1882
sup,A1417,A569
sup,A1417,A29
sup,A1417,A2012
sup,A1417,A977
sup,A1417,A2401
sup,A1417,A1646
sup,A1417,A136
sup,A1417,A2425
sup,A1417,A1673
sup,A1417,A247
sup,A1417,A1055
sup,A1417,A390
sup,A1417,A942
sup,A1417,A290
sup,A1417,A2393
sup,A1417,A546
sup,A1417,A2387
sup,A1417,A1871
sup,A1417,A300
sup,A1417,A2464
sup,A1417,A1866
sup,A1417,A719
sup,A1417,A529
sup,A1417,A1118
sup,A1418,A2105
sup,A1418,A1550
sup,A1419,A640
sup,A1419,A2106
sup,A1419,A1441
sup,A1419,A98
sup,A1419,A1164
sup,A1419,A816
sup,A1419,A156
sup,A1419,A2529
sup,A1419,A1091
sup,A1419,A1645
sup,A1419,A1858
sup,A1419,A296
sup,A1419,A308
sup,A1419,A984
sup,A1419,A2425
sup,A1419,A263
sup,A1419,A1964
sup,A1419,A693
sup,A1419,A2082
sup,A1419,A1128
sup,A1420,A185
sup,A1420,A1463
sup,A1420,A2204
sup,A1420,A1556
sup,A1420,A2480
sup,A1420,A2168
sup,A1420,A711
sup,A1420,A2261
sup,A1420,A1336
sup,A1420,A1215
sup,A1420,A959
sup,A1420,A1860
sup,A1420,A1898
sup,A1420,A1799
sup,A1420,A1061
sup,A1420,A105
sup,A1420,A630
sup,A1420,A474
sup,A1420,A1743
sup,A1420,A1793
sup,A1420,A799
sup,A1427,A817
sup,A1427,A237
sup,A1427,A1419
sup,A1427,A1815
sup,A1427,A2069
sup,A1427,A599
sup,A1427,A1722
sup,A1427,A2070
sup,A1427,A454
sup,A1427,A1986
sup,A1427,A1201
sup,A1427,A1224
sup,A1427,A1367
sup,A1427,A125
sup,A1427,A1802
sup,A1427,A68
sup,A1427,A2248
sup,A1427,A2515
sup,A1427,A2009
sup,A1431,A2444
sup,A1431,A1306
sup,A1431,A650
sup,A1431,A156
sup,A1431,A260
sup,A1431,A2320
sup,A1431,A444
sup,A1431,A1101
sup,A1431,A1252
sup,A1431,A556
sup,A1431,A1033
sup,A1431,A1434
sup,A1431,A1577
sup,A1431,A2048
sup,A1431,A921
sup,A1431,A587
sup,A1436,A910
sup,A1436,A1000
sup,A1436,A2567
sup,A1436,A2161
sup,A1436,A270
sup,A1442,A2261
sup,A1442,A1654
sup,A1442,A1369
sup,A1442,A199
sup,A1442,A1044
sup,A1442,A2454
sup,A1442,A2067
sup,A1442,A2366
sup,A1443,A618
sup,A1443,A1426
sup,A1443,A1973
sup,A1443,A1805
sup,A1443,A2428
sup,A1445,A7
sup,A1445,A265
sup,A1445,A451
sup,A1445,A2298
sup,A1445,A2490
sup,A1445,A1937
sup,A1445,A2577
sup,A1445,A1752
sup,A1445,A1520
sup,A1445,A270
sup,A1445,A2550
sup,A1445,A2555
sup,A1445,A1360
sup,A1445,A2064
sup,A1445,A2098
sup,A1445,A2057
sup,A1445,A727
sup,A1445,A1514
sup,A1445,A1387
sup,A1445,A519
sup,A1445,A456
sup,A1445,A535
sup,A1445,A2454
sup,A1445,A702
sup,A1446,A1408
sup,A1446,A1096
sup,A1446,A131
sup,A1447,A1043
sup,A1447,A1440
sup,A1447,A686
sup,A1447,A2178
sup,A1447,A2249
sup,A1447,A1349
sup,A1447,A2312
sup,A1447,A2584
sup,A1447,A270
sup,A1447,A2305
sup,A1447,A1922
sup,A1447,A492
sup,A1447,A914
sup,A1447,A677
sup,A1451,A1289
sup,A1451,A2165
sup,A1451,A1115
sup,A1451,A2261
sup,A1451,A867
sup,A1451,A529
sup,A1454,A425
sup,A1454,A1125
sup,A1454,A2293
sup,A1454,A205
sup,A1454,A318
sup,A1454,A2087
sup,A1454,A211
sup,A1454,A1921
sup,A1454,A2320
sup,A1454,A1027
sup,A1454,A2105
sup,A1454,A2090
sup,A1454,A1111
sup,A1454,A2235
sup,A1454,A1985
sup,A1454,A786
sup,A1454,A1029
sup,A1454,A106
sup,A1454,A159
sup,A1454,A1672
sup,A1454,A619
sup,A1454,A1086
sup,A1454,A845
sup,A1455,A1478
sup,A1455,A760
sup,A1455,A2451
sup,A1455,A2424
sup,A1455,A484
sup,A1455,A320
sup,A1455,A1299
sup,A1455,A1288
sup,A1455,A1917
sup,A1460,A1260
sup,A1460,A964
sup,A1460,A1953
sup,A1460,A507
sup,A1460,A1200
sup,A1460,A2134
sup,A1460,A1228
sup,A1460,A2551
sup,A1460,A2173
sup,A1460,A344
sup,A1460,A2258
sup,A1461,A2236
sup,A1461,A2434
sup,A1461,A1901
sup,A1461,A632
sup,A1461,A191
sup,A1461,A2342
sup,A1461,A1065
sup,A1461,A1917
sup,A1461,A1596
sup,A1461,A1871
sup,A1462,A411
sup,A1462,A893
sup,A1465,A2078
sup,A1467,A1151
sup,A1467,A569
sup,A1467,A2438
sup,A1467,A1790
sup,A1467,A2016
sup,A1467,A1553
sup,A1467,A865
sup,A1467,A1647
sup,A1467,A825
sup,A1467,A711
sup,A1467,A487
sup,A1467,A2549
sup,A1467,A2294
sup,A1467,A1638
sup,A1467,A2025
sup,A1467,A571
sup,A1467,A516
sup,A1467,A2126
sup,A1467,A2262
sup,A1467,A2443
sup,A1467,A1941
sup,A1467,A597
sup,A1467,A2099
sup,A1467,A273
sup,A1467,A1926
sup,A1471,A345
sup,A1471,A1837
sup,A1471,A2198
sup,A1471,A57
sup,A1471,A2107
sup,A1471,A460
sup,A1471,A1
sup,A1471,A2556
sup,A1473,A475
sup,A1473,A132
sup,A1473,A1163
sup,A1473,A1755
sup,A1473,A667
sup,A1473,A1426
sup,A1473,A1444
sup,A1473,A2399
sup,A1473,A2162
sup,A1473,A1482
sup,A1473,A1934
sup,A1474,A1943
sup,A1474,A2069
sup,A1474,A2038
sup,A1474,A924
sup,A1474,A1452
sup,A1474,A479
sup,A1474,A2402
sup,A1474,A1576
sup,A1474,A1800
sup,A1474,A1867
sup,A1474,A2166
sup,A1474,A420
sup,A1474,A264
sup,A1474,A650
sup,A1474,A1139
sup,A1474,A2432
sup,A1474,A704
sup,A1474,A1106
sup,A1474,A1638
sup,A1474,A293
sup,A1477,A1238
sup,A1477,A936
sup,A1477,A1002
sup,A1477,A1004
sup,A1477,A696
sup,A1477,A2271
sup,A1477,A72
sup,A1477,A1474
sup,A1477,A122
sup,A1477,A1907
sup,A1477,A529
sup,A1477,A1071
sup,A1477,A1599
sup,A1477,A369
sup,A1477,A1319
sup,A1477,A1329
sup,A1477,A360
sup,A1477,A2367
sup,A1477,A207
sup,A1477,A1605
sup,A1480,A1412
sup,A1480,A2209
sup,A1480,A1742
sup,A1480,A892
sup,A1480,A1499
sup,A1480,A1873
sup,A1480,A1661
sup,A1480,A2584
sup,A1480,A169
sup,A1480,A458
sup,A1480,A1649
sup,A1480,A1076
sup,A1480,A1172
sup,A1484,A1164
sup,A1484,A1612
sup,A1484,A287
sup,A1484,A1721
sup,A1484,A655
sup,A1484,A1600
sup,A1484,A2289
sup,A1484,A1333
sup,A1484,A176
sup,A1484,A141
sup,A1484,A1890
sup,A1484,A1408
sup,A1484,A366
sup,A1484,A1064
sup,A1484,A26
sup,A1484,A1637
sup,A1486,A982
sup,A1486,A63
sup,A1486,A776
sup,A1486,A1056
sup,A1486,A1249
sup,A1486,A301
sup,A1486,A2206
sup,A1486,A2214
sup,A1486,A1015
sup,A1486,A1159
sup,A1486,A2005
sup,A1486,A2412
sup,A1486,A438
sup,A1486,A2553
sup,A1486,A906
sup,A1486,A2531
sup,A1486,A400
sup,A1486,A1212
sup,A1486,A1138
sup,A1486,A563
sup,A1486,A2110
sup,A1486,A330
sup,A1486,A93
sup,A1486,A1373
sup,A1486,A442
sup,A1487,A419
sup,A1487,A417
sup,A1487,A521
sup,A1487,A75
sup,A1487,A2079
sup,A1487,A1559
sup,A1487,A1747
sup,A1489,A799
sup,A1489,A711
sup,A1489,A816
sup,A1489,A1927
sup,A1489,A1789
sup,A1489,A484
sup,A1489,A1264
sup,A1489,A398
sup,A1489,A2574
sup,A1489,A2342
sup,A1489,A1048
sup,A1489,A2358
sup,A1489,A251
sup,A1489,A585
sup,A1489,A989
sup,A1489,A192
sup,A1489,A617
sup,A1489,A445
sup,A1489,A1597
sup,A1489,A1769
sup,A1489,A998
sup,A1489,A2389
sup,A1489,A1540
sup,A1489,A574
sup,A1489,A2376
sup,A1489,A289
sup,A1489,A277
sup,A1489,A1475
sup,A1491,A380
sup,A1491,A1748
sup,A1491,A575
sup,A1491,A339
sup,A1491,A2269
sup,A1491,A1786
sup,A1491,A1352
sup,A1491,A1959
sup,A1491,A794
sup,A1491,A1337
sup,A1494,A1893
sup,A1494,A2008
sup,A1494,A339
sup,A1494,A1896
sup,A1494,A414
sup,A1494,A2454
sup,A1494,A2533
sup,A1494,A1500
sup,A1494,A2499
sup,A1494,A1763
sup,A1494,A38
sup,A1494,A46
sup,A1494,A1254
sup,A1494,A250
sup,A1494,A2460
sup,A1495,A726
sup,A1495,A2176
sup,A1495,A1749
sup,A1495,A758
sup,A1495,A842
sup,A1495,A71
sup,A1499,A137
sup,A1499,A1194
sup,A1499,A2000
sup,A1499,A1320
sup,A1499,A1858
sup,A1499,A787
sup,A1499,A664
sup,A1499,A1715
sup,A1499,A567
sup,A1499,A531
sup,A1499,A1534
sup,A1499,A570
sup,A1499,A1791
sup,A1499,A2081
sup,A1499,A1936
sup,A1499,A1264
sup,A1499,A485
sup,A1499,A1703
sup,A1499,A1691
sup,A1499,A1734
sup,A1499,A1616
sup,A1499,A1337
sup,A1499,A1176
sup,A1499,A1231
sup,A1501,A1842
sup,A1501,A2364
sup,A1501,A1714
sup,A1501,A1621
sup,A1503,A58
sup,A1503,A1608
sup,A1503,A2336
sup,A1503,A1233
sup,A1503,A594
sup,A1503,A1880
sup,A1503,A2000
sup,A1503,A2202
sup,A1503,A846
sup,A1505,A1218
sup,A1505,A751
sup,A1505,A1277
sup,A1505,A2325
sup,A1505,A2429
sup,A1505,A1536
sup,A1505,A1302
sup,A1505,A2107
sup,A1505,A628
sup,A1505,A213
sup,A1505,A265
sup,A1505,A1433
sup,A1505,A470
sup,A1505,A1911
sup,A1505,A1952
sup,A1505,A2363
sup,A1505,A1858
sup,A1505,A1213
sup,A1505,A1543
sup,A1505,A1121
sup,A1505,A1925
sup,A1505,A146
sup,A1506,A452
sup,A1506,A813
sup,A1506,A61
sup,A1507,A1716
sup,A1507,A1274
sup,A1507,A1173
sup,A1507,A56
sup,A1507,A1735
sup,A1509,A558
sup,A1509,A587
sup,A1509,A2100
sup,A1509,A336
sup,A1509,A179
sup,A1509,A167
sup,A1509,A1772
sup,A1509,A483
sup,A1509,A1007
sup,A1509,A813
sup,A1509,A436
sup,A1509,A765
sup,A1513,A2121
sup,A1513,A1855
sup,A1513,A1625
sup,A1513,A32
sup,A1513,A544
sup,A1513,A1789
sup,A1513,A37
sup,A1513,A2200
sup,A1513,A2106
sup,A1513,A270
sup,A1513,A1076
sup,A1513,A1576
sup,A1513,A569
sup,A1513,A2357
sup,A1513,A2169
sup,A1513,A2320
sup,A1513,A897
sup,A1513,A984
sup,A1513,A174
sup,A1513,A2541
sup,A1513,A1320
sup,A1513,A1930
sup,A1513,A1645
sup,A1514,A438
sup,A1515,A187
sup,A1515,A394
sup,A1515,A2295
sup,A1515,A1600
sup,A1515,A487
sup,A1515,A1870
sup,A1515,A861
sup,A1515,A1524
sup,A1515,A1461
sup,A1515,A2408
sup,A1515,A1784
sup,A1515,A422
sup,A1515,A998
sup,A1515,A456
sup,A1515,A2439
sup,A1515,A2560
sup,A1515,A2284
sup,A1515,A1998
sup,A1515,A166
sup,A1517,A1752
sup,A1517,A183
sup,A1517,A171
sup,A1517,A1664
sup,A1517,A1423
sup,A1517,A1212
sup,A1517,A1762
sup,A1517,A1927
sup,A1517,A1151
sup,A1517,A1448
sup,A1517,A1445
sup,A1517,A1109
sup,A1517,A1066
sup,A1517,A1855
sup,A1517,A1981
sup,A1517,A2386
sup,A1519,A1952
sup,A1519,A318
sup,A1519,A1789
sup,A1519,A985
sup,A1519,A719
sup,A1519,A1729
sup,A1519,A1033
sup,A1522,A299
sup,A1522,A820
sup,A1522,A1440
sup,A1522,A978
sup,A1522,A2577
sup,A1522,A1
sup,A1522,A1074
sup,A1522,A1041
sup,A1523,A1430
sup,A1523,A2257
sup,A1523,A430
sup,A1523,A2322
sup,A1523,A503
sup,A1523,A741
sup,A1523,A762
sup,A1523,A281
sup,A1523,A172
sup,A1523,A10
sup,A1523,A2522
sup,A1523,A2096
sup,A1523,A1124
sup,A1524,A1233
sup,A1524,A727
sup,A1524,A446
sup,A1524,A1734
sup,A1524,A880
sup,A1524,A1826
sup,A1524,A1846
sup,A1524,A2490
sup,A1524,A550
sup,A1524,A1235
sup,A1524,A21
sup,A1524,A1421
sup,A1524,A507
sup,A1524,A1501
sup,A1524,A459
sup,A1524,A986
sup,A1524,A1740
sup,A1524,A553
sup,A1525,A1095
sup,A1525,A1561
sup,A1525,A1943
sup,A1525,A1112
sup,A1525,A1273
sup,A1525,A199
sup,A1527,A163
sup,A1527,A1787
sup,A1527,A156
sup,A1527,A789
sup,A1527,A184
sup,A1527,A740
sup,A1527,A425
sup,A1527,A401
sup,A1527,A1499
sup,A1527,A846
sup,A1527,A776
sup,A1527,A2011
sup,A1527,A1391
sup,A1527,A2402
sup,A1527,A1811
sup,A1527,A1043
sup,A1527,A2366
sup,A1527,A1210
sup,A1527,A395
sup,A1532,A1546
sup,A1532,A1481
sup,A1532,A2446
sup,A1532,A1628
sup,A1532,A2215
sup,A1532,A655
sup,A1532,A1161
sup,A1532,A687
sup,A1532,A1340
sup,A1532,A207
sup,A1532,A1687
sup,A1532,A1496
sup,A1532,A1420
sup,A1532,A1460
sup,A1532,A2236
sup,A1532,A2366
sup,A1532,A160
sup,A1532,A657
sup,A1532,A1260
sup,A1532,A1836
sup,A1532,A1550
sup,A1535,A2391
sup,A1535,A896
sup,A1535,A1714
sup,A1535,A2556
sup,A1536,A1291
sup,A1536,A2075
sup,A1536,A859
sup,A1536,A1650
sup,A1536,A1254
sup,A1536,A1958
sup,A1536,A1611
sup,A1536,A590
sup,A1536,A2270
sup,A1536,A870
sup,A1536,A363
sup,A1536,A79
sup,A1536,A1162
sup,A1536,A1421
sup,A1536,A138
sup,A1536,A649
sup,A1536,A120
sup,A1537,A825
sup,A1537,A2522
sup,A1537,A1594
sup,A1537,A2229
sup,A1537,A2003
sup,A1537,A1061
sup,A1537,A1122
sup,A1537,A2470
sup,A1537,A372
sup,A1537,A1843
sup,A1537,A1814
sup,A1537,A425
sup,A1539,A1227
sup,A1539,A469
sup,A1539,A329
sup,A1539,A561
sup,A1539,A1140
sup,A1539,A195
sup,A1539,A2361
sup,A1539,A511
sup,A1539,A2582
sup,A1539,A1726
sup,A1539,A276
sup,A1539,A545
sup,A1539,A567
sup,A1539,A2245
sup,A1539,A2056
sup,A1539,A666
sup,A1539,A452
sup,A1539,A829
sup,A1539,A1312
sup,A1539,A245
sup,A1539,A920
sup,A1539,A1794
sup,A1540,A2079
sup,A1540,A213
sup,A1540,A1448
sup,A1540,A2247
sup,A1540,A607
sup,A1540,A1983
sup,A1540,A501
sup,A1540,A2457
sup,A1540,A913
sup,A1541,A2325
sup,A1541,A1282
sup,A1541,A1796
sup,A1541,A732
sup,A1541,A661
sup,A1541,A1631
sup,A1541,A216
sup,A1541,A814
sup,A1541,A2276
sup,A1542,A1244
sup,A1542,A1127
sup,A1542,A2554
sup,A1542,A1179
sup,A1542,A2233
sup,A1542,A2182
sup,A1542,A1309
sup,A1542,A1401
sup,A1542,A719
sup,A1542,A2151
sup,A1542,A1905
sup,A1542,A2372
sup,A1542,A1102
sup,A1542,A1962
sup,A1542,A979
sup,A1542,A976
sup,A1542,A2084
sup,A1542,A1533
sup,A1542,A1583
sup,A1549,A1646
sup,A1550,A1059
sup,A1550,A1915
sup,A1550,A2583
sup,A1550,A1780
sup,A1550,A1318
sup,A1550,A271
sup,A1550,A1493
sup,A1550,A306
sup,A1550,A2073
sup,A1550,A2271
sup,A1550,A23
sup,A1550,A1966
sup,A1550,A2172
sup,A1550,A1081
sup,A1550,A2365
sup,A1550,A2202
sup,A1550,A1819
sup,A1550,A702
sup,A1551,A678
sup,A1551,A1277
sup,A1551,A2510
sup,A1551,A925
sup,A1551,A1348
sup,A1551,A785
sup,A1551,A1427
sup,A1551,A1612
sup,A1551,A2200
sup,A1551,A982
sup,A1551,A1683
sup,A1552,A2242
sup,A1552,A202
sup,A1552,A446
sup,A1552,A2423
sup,A1552,A984
sup,A1552,A791
sup,A1552,A2049
sup,A1552,A1913
sup,A1552,A2328
sup,A1552,A1048
sup,A1552,A2412
sup,A1552,A2135
sup,A1552,A1033
sup,A1552,A1528
sup,A1552,A775
sup,A1552,A643
sup,A1552,A1903
sup,A1554,A398
sup,A1554,A464
sup,A1554,A2247
sup,A1554,A1616
sup,A1554,A2540
sup,A1554,A503
sup,A1554,A852
sup,A1556,A1287
sup,A1556,A1316
sup,A1556,A814
sup,A1556,A460
sup,A1556,A1988
sup,A1556,A1934
sup,A1559,A1679
sup,A1560,A1364
sup,A1560,A1917
sup,A1560,A1258
sup,A1560,A1732
sup,A1560,A269
sup,A1560,A2369
sup,A1560,A1115
sup,A1560,A238
sup,A1560,A898
sup,A1563,A2440
sup,A1563,A1826
sup,A1563,A2467
sup,A1563,A2529
sup,A1563,A2501
sup,A1563,A2432
sup,A1563,A2183
sup,A1563,A1434
sup,A1563,A1956
sup,A1563,A1586
sup,A1563,A60
sup,A1563,A1932
sup,A1563,A779
sup,A1563,A859
sup,A1563,A264
sup,A1563,A475
sup,A1563,A680
sup,A1563,A1332
sup,A1563,A991
sup,A1563,A799
sup,A1563,A884
sup,A1563,A2503
sup,A1563,A1459
sup,A1563,A1202
sup,A1563,A2274
sup,A1563,A2269
sup,A1563,A1858
sup,A1563,A1959
sup,A1563,A1570
sup,A1563,A2538
sup,A1564,A2071
sup,A1564,A226
sup,A1564,A1758
sup,A1564,A27
sup,A1564,A2160
sup,A1564,A76
sup,A1564,A318
sup,A1564,A1314
sup,A1566,A445
sup,A1566,A742
sup,A1566,A991
sup,A1567,A10
sup,A1567,A2426
sup,A1567,A645
sup,A1567,A565
sup,A1567,A642
sup,A1567,A2110
sup,A1567,A1903
sup,A1567,A1270
sup,A1567,A2386
sup,A1567,A1021
sup,A1567,A877
sup,A1567,A807
sup,A1567,A745
sup,A1567,A1335
sup,A1567,A622
sup,A1567,A2075
sup,A1567,A335
sup,A1567,A2402
sup,A1568,A1868
sup,A1568,A1198
sup,A1568,A37
sup,A1568,A562
sup,A1570,A2515
sup,A1570,A726
sup,A1572,A18
sup,A1572,A2008
sup,A1572,A1092
sup,A1572,A1205
sup,A1572,A2364
sup,A1572,A527
sup,A1572,A699
sup,A1572,A329
sup,A1572,A787
sup,A1572,A1950
sup,A1572,A2090
sup,A1572,A1120
sup,A1572,A1407
sup,A1576,A1939
sup,A1576,A1995
sup,A1576,A520
sup,A1576,A1486
sup,A1576,A567
sup,A1576,A1850
sup,A1576,A1862
sup,A1576,A159
sup,A1576,A154
sup,A1577,A1587
sup,A1577,A1210
sup,A1577,A1705
sup,A1577,A462
sup,A1577,A514
sup,A1577,A1248
sup,A1577,A1708
sup,A1577,A1181
sup,A1577,A2306
sup,A1578,A2504
sup,A1579,A2447
sup,A1579,A1165
sup,A1579,A2115
sup,A1579,A2155
sup,A1579,A1644
sup,A1579,A447
sup,A1579,A2030
sup,A1579,A575
sup,A1579,A562
sup,A1579,A972
sup,A1579,A2266
sup,A1579,A2090
sup,A1584,A2588
sup,A1586,A1165
sup,A1586,A859
sup,A1586,A1156
sup,A1586,A2106
sup,A1589,A657
sup,A1589,A1625
sup,A1589,A866
sup,A1589,A222
sup,A1589,A422
sup,A1589,A842
sup,A1589,A2231
sup,A1589,A1299
sup,A1589,A1681
sup,A1589,A889
sup,A1589,A131
sup,A1589,A1269
sup,A1589,A967
sup,A1589,A1696
sup,A1589,A1332
sup,A1589,A2480
sup,A1589,A1948
sup,A1590,A2132
sup,A1590,A2595
sup,A1590,A572
sup,A1590,A1352
sup,A1590,A353
sup,A1590,A907
sup,A1590,A2567
sup,A1590,A829
sup,A1590,A2076
sup,A1590,A765
sup,A1590,A1033
sup,A1590,A2357
sup,A1590,A2094
sup,A1590,A2035
sup,A1592,A1200
sup,A1592,A1993
sup,A1592,A249
sup,A1592,A1916
sup,A1593,A2319
sup,A1593,A340
sup,A1593,A1068
sup,A1593,A813
sup,A1593,A212
sup,A1593,A504
sup,A1593,A2407
sup,A1593,A226
sup,A1593,A2244
sup,A1593,A125
sup,A1593,A2037
sup,A1593,A304
sup,A1593,A806
sup,A1593,A421
sup,A1593,A1599
sup,A1593,A2566
sup,A1593,A945
sup,A1593,A617
sup,A1593,A661
sup,A1600,A154
sup,A1600,A58
sup,A1600,A1483
sup,A1600,A1346
sup,A1600,A1813
sup,A1600,A1752
sup,A1600,A12
sup,A1600,A804
sup,A1600,A2182
sup,A1600,A490
sup,A1600,A2455
sup,A1600,A712
sup,A1600,A1960
sup,A1600,A1173
sup,A1600,A1016
sup,A1600,A2104
sup,A1600,A344
sup,A1600,A813
sup,A1600,A2268
sup,A1600,A1897
sup,A1600,A940
sup,A1600,A1377
sup,A1602,A29
sup,A1602,A2367
sup,A1602,A57
sup,A1602,A2254
sup,A1602,A5
sup,A1603,A953
sup,A1603,A1173
sup,A1603,A945
sup,A1603,A771
sup,A1603,A2354
sup,A1603,A263
sup,A1603,A1951
sup,A1603,A2421
sup,A1604,A743
sup,A1604,A1505
sup,A1604,A860
sup,A1605,A159
sup,A1605,A1912
sup,A1605,A1046
sup,A1605,A72
sup,A1607,A672
sup,A1607,A2558
sup,A1607,A1013
sup,A1607,A1437
sup,A1607,A1524
sup,A1607,A1745
sup,A1607,A1806
sup,A1607,A1843
sup,A1607,A1567
sup,A1607,A1065
sup,A1607,A1930
sup,A1607,A838
sup,A1614,A1580
sup,A1614,A1933
sup,A1614,A23
sup,A1614,A1769
sup,A1614,A2586
sup,A1614,A530
sup,A1614,A189
sup,A1614,A2045
sup,A1614,A2276
sup,A1614,A456
sup,A1614,A1277
sup,A1614,A1433
sup,A1614,A367
sup,A1614,A237
sup,A1614,A311
sup,A1614,A2141
sup,A1614,A1941
sup,A1614,A2561
sup,A1615,A1682
sup,A1615,A1869
sup,A1615,A40
sup,A1615,A340
sup,A1615,A2127
sup,A1615,A2030
sup,A1615,A1626
sup,A1615,A2388
sup,A1615,A146
sup,A1615,A1485
sup,A1615,A1752
sup,A1617,A1802
sup,A1617,A961
sup,A1617,A2058
sup,A1617,A390
sup,A1617,A1512
sup,A1617,A990
sup,A1617,A606
sup,A1617,A2455
sup,A1617,A21
sup,A1617,A2088
sup,A1617,A491
sup,A1618,A1604
sup,A1618,A1811
sup,A1618,A1296
sup,A1618,A2090
sup,A1618,A105
sup,A1618,A1700
sup,A1618,A655
sup,A1618,A1095
sup,A1618,A776
sup,A1618,A1557
sup,A1618,A325
sup,A1619,A2485
sup,A1619,A435
sup,A1619,A898
sup,A1619,A1456
sup,A1619,A946
sup,A1619,A2501
sup,A1619,A2108
sup,A1619,A1630
sup,A1619,A2395
sup,A1619,A2007
sup,A1619,A2314
sup,A1619,A2044
sup,A1619,A1320
sup,A1619,A1938
sup,A1619,A295
sup,A1619,A2206
sup,A1619,A1893
sup,A1619,A1347
sup,A1619,A2493
sup,A1619,A924
sup,A1619,A1210
sup,A1619,A2509
sup,A1619,A982
sup,A1619,A2010
sup,A1619,A2312
sup,A1620,A1013
sup,A1620,A1242
sup,A1620,A1556
sup,A1620,A1383
sup,A1620,A2338
sup,A1620,A1981
sup,A1620,A1554
sup,A1620,A715
sup,A1620,A1420
sup,A1620,A1862
sup,A1620,A755
sup,A1620,A1414
sup,A1620,A1539
sup,A1620,A564
sup,A1620,A2459
sup,A1620,A2075
sup,A1620,A1481
sup,A1623,A512
sup,A1623,A1987
sup,A1623,A1712
sup,A1623,A1136
sup,A1623,A505
sup,A1623,A800
sup,A1623,A1011
sup,A1623,A140
sup,A1623,A717
sup,A1623,A1646
sup,A1623,A928
sup,A1623,A1350
sup,A1623,A2291
sup,A1623,A2497
sup,A1623,A2473
sup,A1623,A2480
sup,A1623,A641
sup,A1623,A1855
sup,A1626,A2308
sup,A1626,A1884
sup,A1626,A620
sup,A1626,A188
sup,A1626,A463
sup,A1626,A1486
sup,A1626,A231
sup,A1626,A2294
sup,A1626,A745
sup,A1626,A1402
sup,A1626,A2264
sup,A1626,A1764
sup,A1626,A1336
sup,A1626,A1141
sup,A1626,A386
sup,A1626,A312
sup,A1630,A2558
sup,A1630,A2549
sup,A1630,A536
sup,A1630,A2172
sup,A1630,A690
sup,A1631,A0
sup,A1631,A2518
sup,A1631,A1055
sup,A1631,A2511
sup,A1631,A316
sup,A1631,A560
sup,A1631,A1385
sup,A1631,A1506
sup,A1631,A1507
sup,A1631,A1013
sup,A1631,A2516
sup,A1631,A1727
sup,A1631,A1873
sup,A1631,A1169
sup,A1631,A249
sup,A1631,A965
sup,A1632,A2178
sup,A1632,A1390
sup,A1632,A177
sup,A1632,A2096
sup,A1632,A857
sup,A1632,A1080
sup,A1632,A1545
sup,A1632,A1739
sup,A1632,A342
sup,A1632,A1357
sup,A1632,A1817
sup,A1632,A2246
sup,A1632,A1711
sup,A1632,A2466
sup,A1632,A196
sup,A1633,A1072
sup,A1633,A1954
sup,A1634,A318
sup,A1634,A48
sup,A1634,A2560
sup,A1634,A1242
sup,A1634,A1133
sup,A1634,A218
sup,A1634,A199
sup,A1634,A2166
sup,A1634,A1476
sup,A1634,A1935
sup,A1634,A683
sup,A1634,A181
sup,A1634,A2558
sup,A1634,A1885
sup,A1634,A444
sup,A1634,A2592
sup,A1634,A2501
sup,A1634,A958
sup,A1634,A950
sup,A1634,A1052
sup,A1634,A1469
sup,A1634,A133
sup,A1634,A1030
sup,A1634,A124
sup,A1634,A892
sup,A1635,A2016
sup,A1635,A2073
sup,A1635,A1166
sup,A1635,A1654
sup,A1635,A2098
sup,A1635,A1569
sup,A1635,A1835
sup,A1635,A1592
sup,A1635,A1534
sup,A1635,A9
sup,A1635,A111
sup,A1635,A807
sup,A1635,A1687
sup,A1635,A672
sup,A1635,A1659
sup,A1635,A1826
sup,A1635,A1329
sup,A1635,A142
sup,A1635,A1792
sup,A1635,A423
sup,A1635,A1780
sup,A1635,A1010
sup,A1635,A582
sup,A1635,A215
sup,A1636,A1197
sup,A1636,A522
sup,A1636,A443
sup,A1636,A2169
sup,A1636,A1139
sup,A1636,A922
sup,A1636,A1607
sup,A1636,A814
sup,A1636,A2200
sup,A1636,A781
sup,A1636,A1889
sup,A1636,A552
sup,A1636,A844
sup,A1636,A2417
sup,A1636,A1824
sup,A1636,A2274
sup,A1636,A140
sup,A1639,A248
sup,A1639,A904
sup,A1639,A2001
sup,A1639,A1666
sup,A1639,A2149
sup,A1639,A2446
sup,A1639,A2431
sup,A1639,A394
sup,A1639,A1255
sup,A1639,A2252
sup,A1639,A1720
sup,A1639,A1462
sup,A1639,A213
sup,A1639,A2411
sup,A1639,A2547
sup,A1639,A79
sup,A1639,A2285
sup,A1642,A2301
sup,A1642,A67
sup,A1642,A186
sup,A1642,A2485
sup,A1642,A650
sup,A1642,A987
sup,A1642,A2275
sup,A1642,A794
sup,A1642,A2398
sup,A1642,A407
sup,A1642,A769
sup,A1642,A1898
sup,A1642,A702
sup,A1642,A2420
sup,A1642,A2041
sup,A1642,A853
sup,A1642,A1271
sup,A1642,A1941
sup,A1642,A603
sup,A1642,A1439
sup,A1642,A1544
sup,A1642,A207
sup,A1643,A1792
sup,A1643,A627
sup,A1643,A785
sup,A1643,A2373
sup,A1643,A2284
sup,A1643,A1778
sup,A1643,A2560
sup,A1643,A1298
sup,A1643,A182
sup,A1643,A1726
sup,A1643,A626
sup,A1643,A320
sup,A1643,A881
sup,A1643,A862
sup,A1643,A202
sup,A1643,A2463
sup,A1643,A1801
sup,A1643,A1148
sup,A1643,A768
sup,A1643,A923
sup,A1643,A562
sup,A1643,A2190
sup,A1644,A1229
sup,A1644,A1753
sup,A1644,A293
sup,A1644,A1214
sup,A1644,A202
sup,A1644,A787
sup,A1644,A2129
sup,A1644,A1445
sup,A1644,A2021
sup,A1644,A2519
sup,A1644,A1743
sup,A1644,A1033
sup,A1644,A2343
sup,A1644,A2470
sup,A1644,A1892
sup,A1644,A555
sup,A1644,A1726
sup,A1644,A872
sup,A1644,A847
sup,A1645,A1466
sup,A1645,A2144
sup,A1645,A4
sup,A1645,A1268
sup,A1645,A426
sup,A1645,A1731
sup,A1645,A582
sup,A1645,A1042
sup,A1645,A677
sup,A1645,A1654
sup,A1645,A1856
sup,A1645,A1339
sup,A1645,A905
sup,A1649,A1357
sup,A1649,A355
sup,A1649,A1320
sup,A1649,A543
sup,A1649,A738
sup,A1649,A2449
sup,A1649,A1550
sup,A1649,A2426
sup,A1649,A1965
sup,A1649,A1849
sup,A1649,A948
sup,A1649,A1054
sup,A1649,A1726
sup,A1649,A889
sup,A1649,A1903
sup,A1649,A669
sup,A1649,A2530
sup,A1649,A664
sup,A1649,A370
sup,A1649,A1312
sup,A1649,A1494
sup,A1649,A680
sup,A1649,A1005
sup,A1649,A1632
sup,A1649,A1928
sup,A1650,A1418
sup,A1650,A2184
sup,A1650,A2486
sup,A1650,A542
sup,A1650,A1262
sup,A1656,A2087
sup,A1656,A1307
sup,A1659,A1758
sup,A1659,A1449
sup,A1659,A2048
sup,A1659,A387
sup,A1659,A725
sup,A1659,A1639
sup,A1659,A1843
sup,A1659,A2145
sup,A1663,A1825
sup,A1663,A2089
sup,A1663,A254
sup,A1663,A1014
sup,A1664,A1957
sup,A1664,A2145
sup,A1664,A1201
sup,A1665,A2421
sup,A1666,A1084
sup,A1666,A1301
sup,A1666,A2551
sup,A1666,A1541
sup,A1666,A911
sup,A1666,A1981
sup,A1666,A1391
sup,A1666,A2409
sup,A1666,A1621
sup,A1666,A699
sup,A1666,A1148
sup,A1666,A1002
sup,A1666,A2463
sup,A1668,A817
sup,A1668,A478
sup,A1668,A1065
sup,A1668,A1581
sup,A1668,A2190
sup,A1668,A1467
sup,A1668,A1844
sup,A1668,A1007
sup,A1668,A352
sup,A1668,A60
sup,A1668,A1546
sup,A1668,A1227
sup,A1668,A1515
sup,A1668,A190
sup,A1668,A1821
sup,A1668,A887
sup,A1668,A73
sup,A1668,A1941
sup,A1668,A1441
sup,A1670,A772
sup,A1670,A971
sup,A1670,A957
sup,A1670,A90
sup,A1670,A1331
sup,A1671,A544
sup,A1671,A896
sup,A1671,A1742
sup,A1671,A2234
sup,A1671,A2548
sup,A1671,A1103
sup,A1671,A1663
sup,A1671,A183
sup,A1672,A2208
sup,A1672,A718
sup,A1672,A666
sup,A1672,A371
sup,A1672,A2469
sup,A1672,A353
sup,A1673,A326
sup,A1673,A1929
sup,A1673,A1535
sup,A1673,A2344
sup,A1673,A2481
sup,A1673,A777
sup,A1673,A1658
sup,A1673,A1814
sup,A1673,A2071
sup,A1673,A885
sup,A1676,A615
sup,A1676,A1684
sup,A1676,A603
sup,A1676,A2562
sup,A1676,A2416
sup,A1676,A1672
sup,A1676,A2472
sup,A1676,A1770
sup,A1676,A2464
sup,A1676,A1970
sup,A1676,A2173
sup,A1676,A1522
sup,A1676,A1420
sup,A1676,A595
sup,A1676,A41
sup,A1676,A930
sup,A1676,A1578
sup,A1676,A338
sup,A1676,A53
sup,A1676,A1935
sup,A1676,A1484
sup,A1676,A1920
sup,A1676,A1844
sup,A1676,A1912
sup,A1677,A1813
sup,A1677,A1858
sup,A1677,A654
sup,A1677,A792
sup,A1677,A1292
sup,A1677,A718
sup,A1677,A944
sup,A1677,A1780
sup,A1677,A1031
sup,A1677,A1464
sup,A1677,A254
sup,A1677,A1955
sup,A1677,A1647
sup,A1677,A296
sup,A1677,A882
sup,A1677,A2483
sup,A1677,A2523
sup,A1677,A1475
sup,A1677,A2069
sup,A1677,A1764
sup,A1677,A454
sup,A1677,A1194
sup,A1677,A595
sup,A1677,A203
sup,A1677,A205
sup,A1677,A735
sup,A1677,A1767
sup,A1677,A806
sup,A1677,A2200
sup,A1677,A122
sup,A1680,A198
sup,A1680,A2248
sup,A1680,A2036
sup,A1680,A1882
sup,A1680,A1256
sup,A1680,A1329
sup,A1680,A682
sup,A1680,A772
sup,A1680,A1624
sup,A1680,A521
sup,A1680,A1244
sup,A1680,A361
sup,A1680,A2035
sup,A1680,A757
sup,A1680,A1061
sup,A1680,A2410
sup,A1680,A1266
sup,A1680,A1104
sup,A1680,A1180
sup,A1680,A1258
sup,A1680,A275
sup,A1680,A1786
sup,A1680,A1443
sup,A1680,A135
sup,A1681,A538
sup,A1681,A1605
sup,A1681,A486
sup,A1681,A80
sup,A1681,A1958
sup,A1681,A2283
sup,A1681,A418
sup,A1681,A2534
sup,A1681,A312
sup,A1681,A1698
sup,A1681,A2189
sup,A1681,A1822
sup,A1681,A1416
sup,A1682,A2218
sup,A1682,A795
sup,A1685,A789
sup,A1685,A1441
sup,A1685,A1879
sup,A1685,A214
sup,A1685,A1567
sup,A1685,A904
sup,A1685,A1395
sup,A1685,A670
sup,A1685,A743
sup,A1685,A843
sup,A1685,A1297
sup,A1685,A1708
sup,A1687,A2493
sup,A1687,A1477
sup,A1687,A1074
sup,A1687,A1135
sup,A1687,A1489
sup,A1687,A1858
sup,A1687,A1096
sup,A1687,A2283
sup,A1687,A2267
sup,A1687,A1422
sup,A1687,A762
sup,A1687,A2343
sup,A1687,A2198
sup,A1687,A1400
sup,A1687,A1855
sup,A1689,A1236
sup,A1689,A2294
sup,A1689,A2242
sup,A1689,A1342
sup,A1689,A1580
sup,A1689,A2231
sup,A1689,A2055
sup,A1689,A1882
sup,A1689,A1031
sup,A1689,A1559
sup,A1689,A1490
sup,A1689,A2213
sup,A1689,A239
sup,A1689,A795
sup,A1689,A902
sup,A1690,A679
sup,A1690,A2004
sup,A1690,A1808
sup,A1690,A2461
sup,A1690,A71
sup,A1690,A209
sup,A1690,A777
sup,A1690,A178
sup,A1690,A791
sup,A1690,A2307
sup,A1690,A581
sup,A1690,A728
sup,A1690,A570
sup,A1690,A1284
sup,A1690,A2311
sup,A1690,A1520
sup,A1690,A1293
sup,A1690,A741
sup,A1690,A1161
sup,A1690,A1790
sup,A1690,A1646
sup,A1690,A1734
sup,A1690,A1945
sup,A1690,A2180
sup,A1693,A2387
sup,A1693,A759
sup,A1693,A1952
sup,A1693,A1935
sup,A1693,A2595
sup,A1693,A2594
sup,A1693,A2420
sup,A1693,A2081
sup,A1693,A2587
sup,A1693,A1316
sup,A1693,A1767
sup,A1693,A600
sup,A1693,A1449
sup,A1696,A236
sup,A1696,A1514
sup,A1696,A85
sup,A1696,A444
sup,A1696,A1392
sup,A1696,A1827
sup,A1696,A1700
sup,A1696,A1846
sup,A1696,A204
sup,A1696,A1084
sup,A1701,A926
sup,A1701,A1145
sup,A1701,A1454
sup,A1701,A1955
sup,A1701,A1886
sup,A1701,A913
sup,A1701,A494
sup,A1701,A708
sup,A1701,A1785
sup,A1701,A2505
sup,A1701,A524
sup,A1701,A1846
sup,A1701,A129
sup,A1701,A1353
sup,A1701,A428
sup,A1701,A2373
sup,A1701,A867
sup,A1701,A848
sup,A1701,A1297
sup,A1701,A2024
sup,A1701,A11
sup,A1701,A2523
sup,A1701,A2194
sup,A1702,A1463
sup,A1702,A1013
sup,A1702,A735
sup,A1702,A1819
sup,A1702,A2049
sup,A1702,A452
sup,A1702,A1831
sup,A1702,A1117
sup,A1702,A2176
sup,A1702,A599
sup,A1702,A1475
sup,A1702,A1157
sup,A1702,A1489
sup,A1702,A1566
sup,A1702,A625
sup,A1702,A1634
sup,A1702,A963
sup,A1702,A2012
sup,A1702,A477
sup,A1702,A1661
sup,A1702,A2543
sup,A1702,A1809
sup,A1702,A740
sup,A1702,A2437
sup,A1704,A78
sup,A1704,A2214
sup,A1704,A2530
sup,A1704,A2076
sup,A1704,A218
sup,A1704,A2120
sup,A1704,A1522
sup,A1704,A310
sup,A1705,A1190
sup,A1705,A1400
sup,A1705,A964
sup,A1705,A975
sup,A1705,A2454
sup,A1705,A453
sup,A1705,A1281
sup,A1705,A686
sup,A1705,A125
sup,A1705,A2352
sup,A1705,A2488
sup,A1705,A195
sup,A1705,A1697
sup,A1705,A1914
sup,A1705,A1353
sup,A1705,A910
sup,A1706,A1537
sup,A1706,A1335
sup,A1710,A1709
sup,A1710,A1420
sup,A1710,A1782
sup,A1710,A2364
sup,A1710,A1302
sup,A1710,A1521
sup,A1710,A1877
sup,A1710,A807
sup,A1710,A1970
sup,A1710,A2239
sup,A1710,A2143
sup,A1710,A787
sup,A1710,A2149
sup,A1710,A859
sup,A1710,A1460
sup,A1710,A1422
sup,A1710,A2288
sup,A1710,A2067
sup,A1710,A1469
sup,A1710,A1127
sup,A1710,A692
sup,A1710,A2412
sup,A1710,A2326
sup,A1710,A1543
sup,A1710,A433
sup,A1711,A474
sup,A1711,A224
sup,A1711,A1952
sup,A1711,A2129
sup,A1711,A2170
sup,A1711,A836
sup,A1711,A2224
sup,A1712,A1611
sup,A1712,A1264
sup,A1712,A1641
sup,A1712,A86
sup,A1712,A2121
sup,A1712,A360
sup,A1712,A558
sup,A1712,A254
sup,A1712,A691
sup,A1712,A2187
sup,A1712,A1735
sup,A1712,A537
sup,A1712,A1660
sup,A1712,A27
sup,A1712,A2023
sup,A1712,A2293
sup,A1712,A260
sup,A1712,A407
sup,A1712,A117
sup,A1712,A409
sup,A1713,A690
sup,A1713,A2227
sup,A1713,A2470
sup,A1713,A1509
sup,A1713,A1342
sup,A1713,A385
sup,A1713,A2311
sup,A1713,A714
sup,A1713,A1640
sup,A1713,A488
sup,A1713,A1903
sup,A1713,A1012
sup,A1713,A1131
sup,A1713,A1641
sup,A1713,A1152
sup,A1713,A1632
sup,A1715,A2283
sup,A1715,A2161
sup,A1715,A1600
sup,A1715,A446
sup,A1715,A1532
sup,A1715,A548
sup,A1715,A1489
sup,A1715,A1978
sup,A1715,A927
sup,A1715,A660
sup,A1715,A2132
sup,A1715,A698
sup,A1715,A1337
sup,A1715,A1474
sup,A1715,A1596
sup,A1715,A697
sup,A1715,A1736
sup,A1715,A1341
sup,A1715,A2266
sup,A1715,A1311
sup,A1715,A180
sup,A1716,A533
sup,A1716,A1268
sup,A1716,A531
sup,A1722,A1481
sup,A1722,A1809
sup,A1722,A2404
sup,A1722,A1602
sup,A1722,A1484
sup,A1722,A1958
sup,A1722,A516
sup,A1722,A1881
sup,A1722,A47
sup,A1722,A2598
sup,A1722,A81
sup,A1722,A1515
sup,A1722,A277
sup,A1722,A938
sup,A1722,A1675
sup,A1722,A781
sup,A1722,A1347
sup,A1722,A975
sup,A1722,A886
sup,A1723,A1481
sup,A1723,A1949
sup,A1723,A2226
sup,A1723,A970
sup,A1723,A387
sup,A1723,A1334
sup,A1723,A187
sup,A1723,A1803
sup,A1723,A17
sup,A1723,A1528
sup,A1723,A299
sup,A1723,A742
sup,A1723,A701
sup,A1723,A753
sup,A1723,A300
sup,A1724,A1224
sup,A1724,A1195
sup,A1724,A664
sup,A1724,A499
sup,A1724,A2526
sup,A1724,A508
sup,A1724,A2506
sup,A1724,A908
sup,A1724,A1687
sup,A1724,A185
sup,A1724,A1492
sup,A1724,A1200
sup,A1724,A999
sup,A1724,A2268
sup,A1724,A2523
sup,A1724,A137
sup,A1724,A2326
sup,A1724,A870
sup,A1724,A1317
sup,A1724,A1230
sup,A1724,A1605
sup,A1724,A130
sup,A1724,A1096
sup,A1724,A1310
sup,A1724,A1460
sup,A1724,A599
sup,A1725,A1296
sup,A1725,A2116
sup,A1725,A2433
sup,A1725,A1503
sup,A1725,A2221
sup,A1725,A2000
sup,A1725,A712
sup,A1725,A1701
sup,A1725,A802
sup,A1725,A1705
sup,A1725,A756
sup,A1726,A2539
sup,A1726,A359
sup,A1727,A407
sup,A1727,A1174
sup,A1727,A1097
sup,A1727,A1898
sup,A1727,A513
sup,A1727,A444
sup,A1727,A950
sup,A1727,A2008
sup,A1727,A1206
sup,A1727,A1721
sup,A1727,A2125
sup,A1727,A2530
sup,A1727,A1530
sup,A1727,A1446
sup,A1727,A47
sup,A1727,A3
sup,A1727,A2520
sup,A1727,A2088
sup,A1727,A652
sup,A1729,A1897
sup,A1729,A477
sup,A1729,A2183
sup,A1729,A718
sup,A1729,A1673
sup,A1729,A42
sup,A1729,A614
sup,A1729,A1683
sup,A1729,A108
sup,A1729,A338
sup,A1729,A263
sup,A1729,A2070
sup,A1729,A2488
sup,A1729,A2452
sup,A1729,A1991
sup,A1731,A1194
sup,A1731,A685
sup,A1731,A793
sup,A1731,A1079
sup,A1731,A2254
sup,A1731,A563
sup,A1731,A1031
sup,A1731,A1639
sup,A1731,A797
sup,A1731,A2085
sup,A1732,A2225
sup,A1732,A411
sup,A1732,A738
sup,A1732,A2049
sup,A1732,A987
sup,A1732,A279
sup,A1732,A1920
sup,A1732,A1144
sup,A1732,A114
sup,A1732,A2118
sup,A1732,A320
sup,A1732,A824
sup,A1732,A2466
sup,A1732,A2375
sup,A1732,A1933
sup,A1732,A1669
sup,A1732,A1851
sup,A1732,A1712
sup,A1732,A1372
sup,A1732,A1838
sup,A1732,A2366
sup,A1733,A932
sup,A1733,A1799
sup,A1734,A259
sup,A1734,A1812
sup,A1734,A133
sup,A1734,A1423
sup,A1734,A791
sup,A1734,A458
sup,A1734,A327
sup,A1734,A1089
sup,A1734,A745
sup,A1734,A2001
sup,A1734,A296
sup,A1734,A2492
sup,A1735,A1648
sup,A1735,A1633
sup,A1735,A1058
sup,A1735,A2113
sup,A1736,A6
sup,A1736,A45
sup,A1736,A1657
sup,A1736,A1835
sup,A1736,A2597
sup,A1736,A909
sup,A1736,A2513
sup,A1736,A429
sup,A1737,A452
sup,A1737,A571
sup,A1737,A1329
sup,A1737,A2233
sup,A1737,A2057
sup,A1737,A190
sup,A1737,A256
sup,A1737,A2062
sup,A1737,A467
sup,A1737,A179
sup,A1737,A63
sup,A1737,A1774
sup,A1737,A1568
sup,A1737,A1955
sup,A1737,A230
sup,A1737,A416
sup,A1737,A1858
sup,A1737,A348
sup,A1737,A481
sup,A1737,A2413
sup,A1737,A1211
sup,A1737,A1678
sup,A1737,A1943
sup,A1737,A367
sup,A1737,A1909
sup,A1737,A526
sup,A1738,A449
sup,A1738,A1473
sup,A1738,A2498
sup,A1738,A1145
sup,A1738,A686
sup,A1738,A624
sup,A1738,A2175
sup,A1738,A881
sup,A1738,A865
sup,A1738,A2136
sup,A1742,A1748
sup,A1742,A1414
sup,A1742,A2265
sup,A1742,A2501
sup,A1745,A745
sup,A1745,A42
sup,A1745,A1405
sup,A1745,A2015
sup,A1745,A2235
sup,A1745,A1818
sup,A1745,A623
sup,A1745,A1727
sup,A1745,A1918
sup,A1745,A1065
sup,A1745,A1053
sup,A1745,A1533
sup,A1745,A2032
sup,A1745,A404
sup,A1745,A2132
sup,A1745,A653
sup,A1746,A1596
sup,A1746,A1184
sup,A1746,A132
sup,A1746,A31
sup,A1746,A1262
sup,A1746,A1306
sup,A1746,A108
sup,A1746,A1407
sup,A1746,A1056
sup,A1746,A1846
sup,A1746,A662
sup,A1746,A441
sup,A1746,A2161
sup,A1746,A1614
sup,A1746,A2012
sup,A1746,A1896
sup,A1746,A1753
sup,A1746,A1329
sup,A1746,A1594
sup,A1746,A980
sup,A1746,A1929
sup,A1747,A1862
sup,A1747,A2281
sup,A1747,A1958
sup,A1747,A2506
sup,A1747,A1100
sup,A1747,A1071
sup,A1747,A2113
sup,A1747,A1049
sup,A1750,A1486
sup,A1750,A1679
sup,A1750,A269
sup,A1750,A1179
sup,A1750,A794
sup,A1750,A2450
sup,A1750,A974
sup,A1750,A2345
sup,A1750,A320
sup,A1750,A1830
sup,A1750,A426
sup,A1750,A401
sup,A1750,A1955
sup,A1750,A44
sup,A1750,A1441
sup,A1750,A2173
sup,A1750,A2188
sup,A1750,A1934
sup,A1750,A1008
sup,A1750,A1564
sup,A1751,A1230
sup,A1751,A798
sup,A1751,A369
sup,A1751,A984
sup,A1751,A1809
sup,A1751,A1890
sup,A1751,A1631
sup,A1751,A1149
sup,A1752,A849
sup,A1752,A2305
sup,A1752,A1044
sup,A1752,A859
sup,A1752,A1329
sup,A1752,A594
sup,A1752,A1474
sup,A1752,A1345
sup,A1752,A147
sup,A1752,A468
sup,A1752,A2352
sup,A1752,A2265
sup,A1752,A252
sup,A1752,A987
sup,A1752,A2541
sup,A1753,A325
sup,A1753,A893
sup,A1753,A996
sup,A1753,A1388
sup,A1753,A1659
sup,A1753,A2487
sup,A1753,A1976
sup,A1753,A1405
sup,A1753,A2448
sup,A1753,A369
sup,A1753,A1122
sup,A1753,A137
sup,A1753,A1824
sup,A1753,A1314
sup,A1753,A384
sup,A1753,A729
sup,A1753,A2375
sup,A1753,A98
sup,A1753,A180
sup,A1754,A2041
sup,A1754,A1048
sup,A1754,A1238
sup,A1754,A239
sup,A1754,A1658
sup,A1754,A17
sup,A1754,A1102
sup,A1754,A1413
sup,A1754,A849
sup,A1754,A328
sup,A1754,A799
sup,A1754,A1364
sup,A1754,A1756
sup,A1754,A1652
sup,A1754,A1554
sup,A1754,A453
sup,A1754,A351
sup,A1754,A1899
sup,A1754,A6
sup,A1754,A1414
sup,A1754,A472
sup,A1754,A634
sup,A1754,A422
sup,A1754,A670
sup,A1754,A975
sup,A1754,A1501
sup,A1754,A1070
sup,A1754,A220
sup,A1756,A2315
sup,A1756,A2005
sup,A1756,A1373
sup,A1756,A1177
sup,A1756,A1444
sup,A1756,A2595
sup,A1756,A1706
sup,A1756,A1562
sup,A1756,A1745
sup,A1756,A2017
sup,A1756,A2571
sup,A1756,A1647
sup,A1756,A2501
sup,A1756,A1557
sup,A1756,A869
sup,A1756,A1118
sup,A1756,A782
sup,A1758,A2147
sup,A1758,A915
sup,A1758,A79
sup,A1758,A20
sup,A1758,A763
sup,A1758,A1298
sup,A1758,A1684
sup,A1758,A2261
sup,A1758,A120
sup,A1758,A954
sup,A1758,A1338
sup,A1758,A70
sup,A1758,A1782
sup,A1758,A498
sup,A1758,A2265
sup,A1758,A421
sup,A1758,A1877
sup,A1758,A2220
sup,A1758,A1122
sup,A1758,A841
sup,A1758,A1723
sup,A1758,A2140
sup,A1758,A1781
sup,A1758,A486
sup,A1760,A689
sup,A1761,A924
sup,A1761,A2476
sup,A1761,A736
sup,A1762,A1724
sup,A1762,A1103
sup,A1762,A270
sup,A1762,A1190
sup,A1762,A1496
sup,A1762,A804
sup,A1762,A389
sup,A1762,A2278
sup,A1762,A856
sup,A1762,A1978
sup,A1762,A2256
sup,A1762,A1991
sup,A1762,A538
sup,A1762,A347
sup,A1762,A1394
sup,A1762,A1979
sup,A1762,A637
sup,A1762,A2220
sup,A1762,A1246
sup,A1762,A697
sup,A1762,A49
sup,A1762,A494
sup,A1765,A264
sup,A1765,A1303
sup,A1765,A1028
sup,A1765,A2067
sup,A1765,A2130
sup,A1765,A512
sup,A1765,A53
sup,A1765,A1583
sup,A1765,A490
sup,A1765,A1034
sup,A1765,A2583
sup,A1765,A1951
sup,A1765,A1797
sup,A1765,A1046
sup,A1765,A2203
sup,A1765,A848
sup,A1765,A1070
sup,A1765,A1944
sup,A1765,A1146
sup,A1765,A155
sup,A1765,A2392
sup,A1765,A2387
sup,A1765,A2298
sup,A1765,A1873
sup,A1765,A1690
sup,A1767,A1157
sup,A1767,A1920
sup,A1767,A847
sup,A1767,A1688
sup,A1767,A2448
sup,A1767,A308
sup,A1767,A934
sup,A1767,A1109
sup,A1768,A766
sup,A1768,A2171
sup,A1768,A2189
sup,A1768,A551
sup,A1768,A207
sup,A1768,A2148
sup,A1768,A2448
sup,A1768,A45
sup,A1768,A2571
sup,A1768,A2359
sup,A1768,A68
sup,A1768,A546
sup,A1768,A1223
sup,A1768,A449
sup,A1768,A971
sup,A1768,A1866
sup,A1768,A876
sup,A1768,A1136
sup,A1768,A153
sup,A1768,A2059
sup,A1768,A1410
sup,A1768,A1907
sup,A1768,A755
sup,A1768,A1698
sup,A1770,A1872
sup,A1770,A2049
sup,A1770,A1438
sup,A1770,A1844
sup,A1770,A2540
sup,A1770,A2003
sup,A1770,A2453
sup,A1770,A809
sup,A1770,A1813
sup,A1770,A66
sup,A1771,A320
sup,A1771,A418
sup,A1771,A2527
sup,A1771,A2521
sup,A1771,A583
sup,A1771,A156
sup,A1771,A78
sup,A1771,A1321
sup,A1776,A1359
sup,A1776,A1215
sup,A1776,A1430
sup,A1776,A1263
sup,A1776,A693
sup,A1776,A430
sup,A1776,A1283
sup,A1776,A2398
sup,A1776,A409
sup,A1776,A448
sup,A1776,A1946
sup,A1783,A2287
sup,A1783,A2080
sup,A1783,A2501
sup,A1783,A1330
sup,A1783,A133
sup,A1783,A389
sup,A1783,A1169
sup,A1783,A236
sup,A1783,A2074
sup,A1783,A2004
sup,A1783,A2030
sup,A1783,A886
sup,A1783,A315
sup,A1783,A2371
sup,A1783,A70
sup,A1783,A2542
sup,A1784,A1244
sup,A1784,A1463
sup,A1784,A988
sup,A1784,A1167
sup,A1784,A2371
sup,A1784,A1744
sup,A1784,A2492
sup,A1784,A238
sup,A1787,A1463
sup,A1787,A1480
sup,A1787,A671
sup,A1787,A625
sup,A1787,A1638
sup,A1787,A2258
sup,A1787,A69
sup,A1787,A828
sup,A1787,A2286
sup,A1787,A1926
sup,A1787,A1359
sup,A1788,A167
sup,A1788,A1495
sup,A1788,A121
sup,A1788,A2387
sup,A1788,A168
sup,A1788,A1809
sup,A1788,A2525
sup,A1788,A52
sup,A1788,A1264
sup,A1788,A2307
sup,A1788,A1601
sup,A1788,A1845
sup,A1788,A444
sup,A1788,A2471
sup,A1788,A1403
sup,A1788,A153
sup,A1788,A2493
sup,A1788,A2506
sup,A1788,A2139
sup,A1788,A878
sup,A1788,A1603
sup,A1788,A410
sup,A1788,A1648
sup,A1788,A1302
sup,A1788,A567
sup,A1788,A2182
sup,A1789,A1237
sup,A1789,A1509
sup,A1789,A2304
sup,A1789,A1822
sup,A1789,A1657
sup,A1789,A1435
sup,A1792,A461
sup,A1792,A2321
sup,A1792,A2391
sup,A1792,A2536
sup,A1792,A2165
sup,A1793,A1159
sup,A1793,A1978
sup,A1793,A2514
sup,A1793,A2047
sup,A1793,A2112
sup,A1793,A1033
sup,A1793,A149
sup,A1793,A2490
sup,A1793,A950
sup,A1793,A1691
sup,A1793,A499
sup,A1793,A1877
sup,A1793,A95
sup,A1793,A2191
sup,A1793,A1183
sup,A1793,A99
sup,A1793,A1413
sup,A1793,A2000
sup,A1793,A780
sup,A1793,A74
sup,A1794,A1929
sup,A1794,A869
sup,A1794,A209
sup,A1794,A1724
sup,A1794,A1578
sup,A1795,A223
sup,A1795,A1668
sup,A1795,A1958
sup,A1795,A1050
sup,A1795,A2308
sup,A1795,A1910
sup,A1795,A1549
sup,A1795,A419
sup,A1795,A1927
sup,A1795,A349
sup,A1795,A1842
sup,A1796,A476
sup,A1796,A2110
sup,A1796,A2215
sup,A1796,A1832
sup,A1796,A300
sup,A1796,A1926
sup,A1796,A613
sup,A1797,A2296
sup,A1797,A876
sup,A1797,A2138
sup,A1797,A509
sup,A1797,A2380
sup,A1797,A364
sup,A1797,A134
sup,A1797,A1398
sup,A1797,A207
sup,A1799,A145
sup,A1799,A2347
sup,A1799,A2385
sup,A1799,A1225
sup,A1799,A1549
sup,A1799,A966
sup,A1799,A1223
sup,A1799,A2428
sup,A1799,A1607
sup,A1800,A390
sup,A1800,A121
sup,A1800,A1192
sup,A1800,A1622
sup,A1800,A2532
sup,A1800,A623
sup,A1800,A1186
sup,A1800,A2305
sup,A1800,A2548
sup,A1800,A2360
sup,A1800,A147
sup,A1800,A81
sup,A1800,A2356
sup,A1800,A1697
sup,A1800,A31
sup,A1800,A1805
sup,A1800,A2069
sup,A1800,A1892
sup,A1800,A458
sup,A1800,A183
sup,A1800,A215
sup,A1800,A1270
sup,A1800,A2598
sup,A1800,A1599
sup,A1800,A2009
sup,A1800,A853
sup,A1803,A1851
sup,A1803,A202
sup,A1803,A658
sup,A1803,A1391
sup,A1803,A69
sup,A1803,A308
sup,A1803,A1172
sup,A1803,A501
sup,A1803,A2438
sup,A1803,A2575
sup,A1803,A56
sup,A1803,A758
sup,A1803,A1431
sup,A1803,A1812
sup,A1803,A2419
sup,A1803,A408
sup,A1803,A36
sup,A1803,A2078
sup,A1803,A2572
sup,A1803,A1692
sup,A1803,A1859
sup,A1803,A824
sup,A1803,A1726
sup,A1803,A882
sup,A1803,A726
sup,A1803,A1655
sup,A1803,A1414
sup,A1805,A1675
sup,A1805,A250
sup,A1805,A1701
sup,A1805,A2367
sup,A1805,A1761
sup,A1805,A529
sup,A1805,A1347
sup,A1805,A1678
sup,A1805,A1523
sup,A1806,A125
sup,A1808,A331
sup,A1808,A1846
sup,A1808,A1839
sup,A1808,A1602
sup,A1809,A2082
sup,A1810,A0
sup,A1810,A342
sup,A1810,A1604
sup,A1810,A2243
sup,A1810,A1305
sup,A1810,A668
sup,A1810,A258
sup,A1810,A2135
sup,A1810,A1276
sup,A1810,A1056
sup,A1810,A1487
sup,A1810,A2545
sup,A1810,A1827
sup,A1810,A501
sup,A1810,A1650
sup,A1810,A2554
sup,A1810,A971
sup,A1810,A73
sup,A1810,A2471
sup,A1815,A796
sup,A1815,A1310
sup,A1815,A932
sup,A1815,A794
sup,A1815,A688
sup,A1815,A876
sup,A1815,A74
sup,A1815,A366
sup,A1815,A800
sup,A1816,A1038
sup,A1816,A2484
sup,A1816,A1425
sup,A1816,A499
sup,A1816,A2138
sup,A1816,A399
sup,A1816,A2226
sup,A1816,A1156
sup,A1816,A2289
sup,A1816,A1664
sup,A1816,A1322
sup,A1816,A2016
sup,A1816,A820
sup,A1816,A1813
sup,A1819,A2184
sup,A1819,A2354
sup,A1819,A617
sup,A1819,A1892
sup,A1819,A1701
sup,A1822,A2088
sup,A1822,A1441
sup,A1822,A302
sup,A1822,A1017
sup,A1822,A1479
sup,A1822,A927
sup,A1822,A1246
sup,A1822,A2033
sup,A1822,A818
sup,A1822,A1655
sup,A1824,A2333
sup,A1824,A2163
sup,A1824,A2080
sup,A1824,A2139
sup,A1824,A2469
sup,A1824,A1026
sup,A1824,A2426
sup,A1824,A165
sup,A1824,A2499
sup,A1824,A1123
sup,A1824,A832
sup,A1824,A1328
sup,A1824,A383
sup,A1824,A889
sup,A1824,A332
sup,A1824,A493
sup,A1824,A2398
sup,A1824,A2134
sup,A1824,A1494
sup,A1824,A228
sup,A1824,A778
sup,A1825,A588
sup,A1825,A591
sup,A1825,A264
sup,A1825,A1480
sup,A1825,A2497
sup,A1825,A1920
sup,A1825,A2590
sup,A1825,A1588
sup,A1825,A1719
sup,A1825,A318
sup,A1825,A905
sup,A1825,A2503
sup,A1825,A2450
sup,A1825,A519
sup,A1825,A1681
sup,A1825,A1521
sup,A1825,A568
sup,A1825,A558
sup,A1825,A1242
sup,A1825,A561
sup,A1825,A1566
sup,A1825,A315
sup,A1825,A747
sup,A1825,A1067
sup,A1825,A1913
sup,A1825,A537
sup,A1825,A60
sup,A1827,A1062
sup,A1827,A1714
sup,A1827,A797
sup,A1827,A1432
sup,A1828,A1929
sup,A1828,A2085
sup,A1828,A1794
sup,A1828,A201
sup,A1828,A1327
sup,A1828,A2584
sup,A1828,A2159
sup,A1828,A661
sup,A1828,A1728
sup,A1828,A1558
sup,A1828,A603
sup,A1828,A1066
sup,A1828,A1904
sup,A1828,A1776
sup,A1828,A823
sup,A1828,A1525
sup,A1831,A2456
sup,A1831,A852
sup,A1831,A612
sup,A1831,A2217
sup,A1831,A1109
sup,A1831,A392
sup,A1831,A248
sup,A1831,A1421
sup,A1831,A1012
sup,A1831,A449
sup,A1831,A2277
sup,A1831,A2362
sup,A1831,A766
sup,A1831,A382
sup,A1832,A312
sup,A1832,A737
sup,A1832,A357
sup,A1832,A411
sup,A1832,A1061
sup,A1833,A1501
sup,A1833,A2571
sup,A1833,A59
sup,A1833,A2298
sup,A1833,A2454
sup,A1833,A583
sup,A1833,A507
sup,A1833,A1642
sup,A1833,A988
sup,A1833,A723
sup,A1833,A2164
sup,A1834,A745
sup,A1834,A1732
sup,A1834,A1167
sup,A1834,A1480
sup,A1834,A2001
sup,A1834,A1208
sup,A1834,A101
sup,A1834,A482
sup,A1834,A753
sup,A1834,A233
sup,A1834,A252
sup,A1834,A204
sup,A1834,A2349
sup,A1834,A1717
sup,A1834,A2205
sup,A1834,A2194
sup,A1837,A1196
sup,A1837,A140
sup,A1837,A2370
sup,A1837,A452
sup,A1837,A2182
sup,A1837,A2197
sup,A1837,A1183
sup,A1837,A806
sup,A1837,A1526
sup,A1837,A1560
sup,A1837,A2571
sup,A1837,A1857
sup,A1837,A1499
sup,A1838,A1325
sup,A1838,A2375
sup,A1838,A1617
sup,A1838,A1049
sup,A1838,A641
sup,A1838,A1995
sup,A1838,A1175
sup,A1838,A2346
sup,A1838,A563
sup,A1838,A1638
sup,A1838,A1434
sup,A1838,A1925
sup,A1838,A1217
sup,A1840,A1530
sup,A1840,A2388
sup,A1840,A1849
sup,A1840,A414
sup,A1840,A610
sup,A1840,A2332
sup,A1840,A1785
sup,A1840,A510
sup,A1840,A219
sup,A1840,A1922
sup,A1840,A1671
sup,A1840,A986
sup,A1840,A1952
sup,A1840,A1133
sup,A1840,A1087
sup,A1840,A1978
sup,A1840,A2443
sup,A1840,A1589
sup,A1840,A889
sup,A1840,A2235
sup,A1840,A940
sup,A1840,A2019
sup,A1849,A1708
sup,A1849,A1177
sup,A1849,A579
sup,A1849,A1055
sup,A1849,A898
sup,A1849,A923
sup,A1849,A384
sup,A1849,A141
sup,A1849,A1441
sup,A1849,A1617
sup,A1849,A1160
sup,A1849,A1530
sup,A1849,A1668
sup,A1849,A1320
sup,A1849,A2364
sup,A1849,A243
sup,A1849,A264
sup,A1849,A2121
sup,A1849,A263
sup,A1849,A1137
sup,A1850,A2502
sup,A1850,A1407
sup,A1850,A281
sup,A1850,A477
sup,A1850,A2137
sup,A1850,A825
sup,A1850,A223
sup,A1850,A882
sup,A1850,A65
sup,A1850,A2509
sup,A1850,A319
sup,A1850,A10
sup,A1850,A1197
sup,A1850,A2424
sup,A1850,A1907
sup,A1850,A1168
sup,A1850,A1143
sup,A1850,A2466
sup,A1850,A1170
sup,A1850,A2277
sup,A1850,A1588
sup,A1850,A1107
sup,A1852,A2158
sup,A1852,A543
sup,A1852,A595
sup,A1852,A1699
sup,A1852,A374
sup,A1852,A1411
sup,A1852,A1503
sup,A1853,A904
sup,A1853,A1612
sup,A1853,A942
sup,A1853,A975
sup,A1853,A1189
sup,A1853,A209
sup,A1853,A563
sup,A1853,A953
sup,A1853,A200
sup,A1853,A655
sup,A1853,A240
sup,A1853,A839
sup,A1853,A2400
sup,A1853,A2306
sup,A1853,A871
sup,A1857,A128
sup,A1857,A1963
sup,A1857,A1061
sup,A1857,A2028
sup,A1857,A2221
sup,A1857,A539
sup,A1857,A870
sup,A1857,A2346
sup,A1857,A672
sup,A1857,A267
sup,A1857,A2515
sup,A1857,A562
sup,A1857,A1649
sup,A1857,A1279
sup,A1857,A2377
sup,A1857,A1298
sup,A1857,A2082
sup,A1858,A2369
sup,A1858,A2435
sup,A1858,A1314
sup,A1858,A717
sup,A1858,A1893
sup,A1858,A1036
sup,A1858,A1604
sup,A1858,A1527
sup,A1858,A2355
sup,A1858,A1423
sup,A1858,A2270
sup,A1858,A1348
sup,A1858,A2503
sup,A1858,A1712
sup,A1858,A292
sup,A1858,A2410
sup,A1858,A2319
sup,A1858,A587
sup,A1858,A1512
sup,A1858,A809
sup,A1859,A832
sup,A1859,A2058
sup,A1859,A2516
sup,A1859,A626
sup,A1859,A904
sup,A1859,A2385
sup,A1859,A1804
sup,A1859,A1478
sup,A1859,A2579
sup,A1859,A653
sup,A1859,A2293
sup,A1859,A2214
sup,A1859,A94
sup,A1859,A1158
sup,A1861,A2283
sup,A1861,A1050
sup,A1861,A753
sup,A1861,A2504
sup,A1861,A1913
sup,A1861,A1572
sup,A1861,A1418
sup,A1861,A1635
sup,A1861,A2087
sup,A1861,A1895
sup,A1861,A2066
sup,A1861,A1979
sup,A1861,A1414
sup,A1861,A1989
sup,A1861,A982
sup,A1861,A2310
sup,A1861,A2571
sup,A1861,A2175
sup,A1861,A1039
sup,A1861,A121
sup,A1861,A2460
sup,A1861,A1038
sup,A1862,A949
sup,A1862,A855
sup,A1862,A2312
sup,A1862,A1670
sup,A1863,A2339
sup,A1863,A1500
sup,A1863,A2294
sup,A1863,A21
sup,A1863,A69
sup,A1863,A991
sup,A1863,A27
sup,A1863,A1756
sup,A1863,A1110
sup,A1863,A80
sup,A1863,A118
sup,A1863,A1066
sup,A1863,A289
sup,A1863,A2225
sup,A1863,A216
sup,A1863,A218
sup,A1863,A478
sup,A1863,A2430
sup,A1863,A299
sup,A1866,A125
sup,A1866,A1906
sup,A1866,A994
sup,A1866,A1176
sup,A1866,A1134
sup,A1866,A2227
sup,A1866,A2052
sup,A1866,A550
sup,A1866,A2273
sup,A1866,A2269
sup,A1866,A256
sup,A1866,A1728
sup,A1866,A1068
sup,A1866,A1912
sup,A1866,A2293
sup,A1866,A2378
sup,A1866,A2418
sup,A1866,A490
sup,A1866,A498
sup,A1870,A916
sup,A1870,A1214
sup,A1870,A1915
sup,A1870,A1157
sup,A1870,A1836
sup,A1870,A1816
sup,A1870,A1082
sup,A1870,A1479
sup,A1870,A2005
sup,A1870,A501
sup,A1870,A835
sup,A1870,A1027
sup,A1870,A2350
sup,A1870,A2559
sup,A1870,A147
sup,A1870,A1627
sup,A1870,A1283
sup,A1870,A616
sup,A1870,A1031
sup,A1870,A410
sup,A1872,A2091
sup,A1872,A2084
sup,A1872,A1828
sup,A1872,A1632
sup,A1872,A408
sup,A1872,A1549
sup,A1872,A1771
sup,A1872,A2142
sup,A1872,A2094
sup,A1872,A851
sup,A1872,A2595
sup,A1872,A379
sup,A1872,A2208
sup,A1872,A1847
sup,A1872,A1587
sup,A1872,A563
sup,A1872,A1799
sup,A1872,A650
sup,A1872,A283
sup,A1872,A687
sup,A1872,A1678
sup,A1872,A2577
sup,A1872,A337
sup,A1872,A722
sup,A1872,A1066
sup,A1873,A566
sup,A1873,A384
sup,A1873,A2200
sup,A1873,A1433
sup,A1873,A2045
sup,A1873,A1845
sup,A1873,A1999
sup,A1873,A147
sup,A1873,A111
sup,A1873,A1121
sup,A1873,A2588
sup,A1873,A839
sup,A1873,A1471
sup,A1873,A1957
sup,A1873,A1599
sup,A1873,A296
sup,A1873,A2445
sup,A1873,A2126
sup,A1873,A2180
sup,A1874,A1939
sup,A1874,A797
sup,A1874,A858
sup,A1874,A1276
sup,A1874,A913
sup,A1874,A80
sup,A1875,A424
sup,A1875,A477
sup,A1875,A1845
sup,A1875,A2160
sup,A1875,A199
sup,A1875,A2316
sup,A1875,A331
sup,A1875,A183
sup,A1875,A432
sup,A1875,A239
sup,A1875,A1856
sup,A1875,A1834
sup,A1875,A2300
sup,A1875,A755
sup,A1875,A242
sup,A1876,A461
sup,A1876,A2135
sup,A1876,A440
sup,A1876,A351
sup,A1876,A1668
sup,A1876,A2308
sup,A1876,A322
sup,A1876,A323
sup,A1876,A576
sup,A1876,A2538
sup,A1877,A205
sup,A1877,A560
sup,A1877,A2022
sup,A1877,A823
sup,A1877,A1444
sup,A1877,A1563
sup,A1877,A2278
sup,A1877,A2555
sup,A1879,A2094
sup,A1879,A527
sup,A1879,A2224
sup,A1879,A652
sup,A1879,A2108
sup,A1881,A1679
sup,A1881,A1304
sup,A1881,A1527
sup,A1881,A1366
sup,A1881,A1210
sup,A1881,A367
sup,A1881,A1899
sup,A1881,A1956
sup,A1881,A2360
sup,A1881,A1743
sup,A1881,A2096
sup,A1881,A193
sup,A1881,A1557
sup,A1881,A1074
sup,A1881,A1320
sup,A1881,A2237
sup,A1881,A1717
sup,A1881,A837
sup,A1881,A709
sup,A1884,A2007
sup,A1884,A1625
sup,A1884,A1798
sup,A1884,A412
sup,A1884,A512
sup,A1885,A408
sup,A1885,A2037
sup,A1885,A1463
sup,A1885,A101
sup,A1885,A42
sup,A1885,A712
sup,A1885,A1640
sup,A1885,A421
sup,A1885,A2374
sup,A1885,A1811
sup,A1885,A2166
sup,A1887,A1105
sup,A1887,A2242
sup,A1887,A1315
sup,A1887,A1496
sup,A1887,A2425
sup,A1887,A2404
sup,A1890,A882
sup,A1890,A1125
sup,A1890,A2115
sup,A1890,A1824
sup,A1890,A61
sup,A1890,A179
sup,A1892,A1754
sup,A1892,A2585
sup,A1892,A840
sup,A1892,A1728
sup,A1892,A2305
sup,A1892,A1527
sup,A1892,A879
sup,A1892,A314
sup,A1892,A1391
sup,A1892,A2372
sup,A1892,A1551
sup,A1892,A608
sup,A1892,A2391
sup,A1892,A106
sup,A1892,A517
sup,A1892,A911
sup,A1892,A725
sup,A1892,A2060
sup,A1892,A2376
sup,A1892,A1774
sup,A1892,A1480
sup,A1892,A907
sup,A1892,A340
sup,A1892,A765
sup,A1892,A1591
sup,A1892,A2
sup,A1892,A1044
sup,A1892,A877
sup,A1892,A99
sup,A1895,A1457
sup,A1895,A704
sup,A1895,A18
sup,A1895,A1991
sup,A1895,A2067
sup,A1896,A2377
sup,A1896,A379
sup,A1896,A1483
sup,A1896,A256
sup,A1896,A1468
sup,A1896,A2239
sup,A1896,A1321
sup,A1896,A1923
sup,A1896,A2411
sup,A1896,A1550
sup,A1896,A1931
sup,A1896,A1924
sup,A1896,A874
sup,A1896,A1442
sup,A1897,A1181
sup,A1897,A482
sup,A1897,A786
sup,A1897,A1462
sup,A1897,A2105
sup,A1897,A2469
sup,A1897,A614
sup,A1897,A1800
sup,A1897,A794
sup,A1897,A73
sup,A1897,A772
sup,A1899,A680
sup,A1899,A853
sup,A1899,A1845
sup,A1899,A245
sup,A1899,A2011
sup,A1899,A1528
sup,A1899,A2088
sup,A1899,A103
sup,A1899,A2185
sup,A1902,A743
sup,A1902,A1427
sup,A1902,A762
sup,A1902,A1239
sup,A1902,A1288
sup,A1902,A698
sup,A1902,A305
sup,A1902,A2382
sup,A1902,A1219
sup,A1902,A1795
sup,A1902,A1666
sup,A1902,A2171
sup,A1903,A1872
sup,A1903,A1059
sup,A1903,A1554
sup,A1903,A125
sup,A1903,A664
sup,A1903,A579
sup,A1903,A323
sup,A1905,A20
sup,A1905,A2398
sup,A1905,A908
sup,A1905,A870
sup,A1905,A640
sup,A1905,A2115
sup,A1905,A2102
sup,A1905,A1997
sup,A1905,A1390
sup,A1905,A2195
sup,A1905,A943
sup,A1906,A908
sup,A1906,A460
sup,A1906,A950
sup,A1906,A2008
sup,A1906,A162
sup,A1906,A2483
sup,A1906,A797
sup,A1906,A832
sup,A1906,A1018
sup,A1906,A81
sup,A1906,A2341
sup,A1906,A1204
sup,A1906,A1063
sup,A1912,A732
sup,A1912,A200
sup,A1912,A2476
sup,A1912,A2353
sup,A1912,A2120
sup,A1912,A1557
sup,A1913,A1414
sup,A1913,A2288
sup,A1913,A2446
sup,A1913,A1283
sup,A1913,A2017
sup,A1913,A1573
sup,A1913,A1683
sup,A1913,A1373
sup,A1913,A253
sup,A1913,A1616
sup,A1913,A1485
sup,A1913,A90
sup,A1913,A179
sup,A1913,A1804
sup,A1913,A416
sup,A1913,A413
sup,A1916,A565
sup,A1916,A2045
sup,A1916,A935
sup,A1916,A2002
sup,A1916,A553
sup,A1916,A610
sup,A1916,A695
sup,A1916,A1205
sup,A1916,A1541
sup,A1916,A1752
sup,A1916,A1169
sup,A1916,A893
sup,A1916,A1899
sup,A1916,A2518
sup,A1916,A2244
sup,A1916,A1371
sup,A1916,A1088
sup,A1916,A2040
sup,A1916,A319
sup,A1916,A550
sup,A1916,A1005
sup,A1917,A2193
sup,A1917,A2235
sup,A1917,A129
sup,A1917,A945
sup,A1917,A1899
sup,A1917,A78
sup,A1917,A748
sup,A1917,A763
sup,A1917,A1530
sup,A1917,A364
sup,A1917,A989
sup,A1917,A415
sup,A1917,A1409
sup,A1917,A2156
sup,A1917,A1667
sup,A1917,A472
sup,A1917,A587
sup,A1917,A1139
sup,A1917,A986
sup,A1917,A1887
sup,A1917,A1753
sup,A1917,A765
sup,A1918,A1352
sup,A1918,A162
sup,A1918,A917
sup,A1918,A191
sup,A1918,A2486
sup,A1918,A578
sup,A1918,A1710
sup,A1918,A1994
sup,A1918,A240
sup,A1918,A1461
sup,A1918,A1480
sup,A1918,A979
sup,A1918,A1287
sup,A1919,A1389
sup,A1919,A1004
sup,A1919,A1732
sup,A1919,A1220
sup,A1919,A1094
sup,A1919,A2590
sup,A1919,A2110
sup,A1919,A526
sup,A1919,A422
sup,A1919,A1891
sup,A1919,A262
sup,A1919,A508
sup,A1919,A1570
sup,A1919,A712
sup,A1919,A2131
sup,A1919,A1151
sup,A1919,A1190
sup,A1919,A1999
sup,A1920,A2510
sup,A1920,A2142
sup,A1920,A355
sup,A1920,A1063
sup,A1920,A1169
sup,A1920,A2098
sup,A1920,A1392
sup,A1920,A1335
sup,A1921,A276
sup,A1921,A2128
sup,A1921,A1902
sup,A1921,A390
sup,A1921,A443
sup,A1921,A2524
sup,A1921,A2335
sup,A1921,A576
sup,A1922,A167
sup,A1922,A624
sup,A1926,A1816
sup,A1926,A2441
sup,A1926,A581
sup,A1927,A1896
sup,A1927,A1184
sup,A1927,A1320
sup,A1927,A2120
sup,A1927,A345
sup,A1927,A1661
sup,A1927,A1390
sup,A1927,A1831
sup,A1927,A52
sup,A1927,A929
sup,A1929,A1998
sup,A1929,A853
sup,A1929,A218
sup,A1929,A2444
sup,A1929,A2356
sup,A1929,A1866
sup,A1929,A87
sup,A1929,A1007
sup,A1929,A1406
sup,A1929,A1701
sup,A1929,A1560
sup,A1929,A1249
sup,A1929,A641
sup,A1929,A1873
sup,A1929,A2026
sup,A1929,A392
sup,A1932,A1663
sup,A1932,A183
sup,A1932,A2541
sup,A1932,A120
sup,A1933,A2296
sup,A1933,A1789
sup,A1933,A2115
sup,A1933,A1540
sup,A1933,A1352
sup,A1933,A340
sup,A1933,A1457
sup,A1933,A641
sup,A1935,A1164
sup,A1935,A404
sup,A1935,A95
sup,A1935,A2193
sup,A1935,A1705
sup,A1935,A1662
sup,A1935,A2486
sup,A1935,A268
sup,A1935,A42
sup,A1935,A909
sup,A1935,A218
sup,A1936,A2039
sup,A1936,A2501
sup,A1936,A2269
sup,A1938,A1891
sup,A1938,A591
sup,A1938,A1237
sup,A1938,A1966
sup,A1938,A159
sup,A1940,A353
sup,A1940,A583
sup,A1940,A717
sup,A1940,A1877
sup,A1940,A764
sup,A1940,A2100
sup,A1940,A133
sup,A1940,A502
sup,A1940,A1714
sup,A1940,A1522
sup,A1940,A580
sup,A1940,A1851
sup,A1940,A2138
sup,A1940,A899
sup,A1940,A2159
sup,A1940,A846
sup,A1940,A2110
sup,A1940,A1914
sup,A1940,A505
sup,A1940,A713
sup,A1940,A20
sup,A1940,A597
sup,A1940,A156
sup,A1940,A2096
sup,A1940,A220
sup,A1941,A1571
sup,A1941,A2212
sup,A1941,A839
sup,A1941,A2401
sup,A1941,A1387
sup,A1941,A384
sup,A1942,A1218
sup,A1942,A263
sup,A1942,A1369
sup,A1942,A1846
sup,A1942,A169
sup,A1942,A62
sup,A1942,A2423
sup,A1942,A956
sup,A1942,A1493
sup,A1942,A277
sup,A1942,A2023
sup,A1942,A1275
sup,A1942,A954
sup,A1943,A2518
sup,A1943,A942
sup,A1943,A484
sup,A1943,A2439
sup,A1943,A1188
sup,A1943,A2071
sup,A1943,A2319
sup,A1943,A742
sup,A1943,A2006
sup,A1943,A538
sup,A1943,A2526
sup,A1943,A792
sup,A1943,A914
sup,A1943,A1635
sup,A1943,A1061
sup,A1943,A93
sup,A1943,A1265
sup,A1943,A2105
sup,A1943,A1352
sup,A1943,A17
sup,A1943,A1804
sup,A1944,A2092
sup,A1944,A1254
sup,A1944,A1695
sup,A1944,A1263
sup,A1944,A0
sup,A1944,A588
sup,A1945,A1201
sup,A1945,A2593
sup,A1945,A1160
sup,A1945,A1419
sup,A1945,A1141
sup,A1945,A1001
sup,A1945,A1377
sup,A1945,A232
sup,A1945,A1040
sup,A1945,A2133
sup,A1945,A151
sup,A1945,A1502
sup,A1945,A713
sup,A1945,A2197
sup,A1945,A2391
sup,A1945,A33
sup,A1945,A729
sup,A1945,A1432
sup,A1945,A760
sup,A1945,A2198
sup,A1947,A742
sup,A1947,A146
sup,A1948,A896
sup,A1948,A53
sup,A1948,A2543
sup,A1948,A75
sup,A1948,A586
sup,A1948,A2316
sup,A1948,A1374
sup,A1948,A2319
sup,A1948,A2022
sup,A1948,A2230
sup,A1948,A568
sup,A1948,A967
sup,A1948,A2286
sup,A1948,A1514
sup,A1948,A917
sup,A1948,A634
sup,A1948,A2409
sup,A1948,A961
sup,A1948,A1884
sup,A1948,A650
sup,A1948,A1036
sup,A1948,A1479
sup,A1952,A760
sup,A1952,A748
sup,A1952,A1299
sup,A1952,A382
sup,A1952,A2362
sup,A1952,A2359
sup,A1952,A911
sup,A1952,A2433
sup,A1952,A1316
sup,A1952,A2051
sup,A1952,A2358
sup,A1952,A1194
sup,A1952,A2287
sup,A1952,A2296
sup,A1952,A385
sup,A1952,A972
sup,A1952,A1611
sup,A1952,A1309
sup,A1952,A625
sup,A1953,A118
sup,A1953,A1668
sup,A1953,A1696
sup,A1953,A2517
sup,A1953,A1972
sup,A1953,A2524
sup,A1953,A2176
sup,A1953,A270
sup,A1953,A680
sup,A1953,A1431
sup,A1953,A816
sup,A1953,A2065
sup,A1953,A493
sup,A1953,A540
sup,A1953,A1281
sup,A1953,A2339
sup,A1953,A1542
sup,A1953,A956
sup,A1953,A2236
sup,A1953,A1359
sup,A1953,A442
sup,A1955,A1855
sup,A1955,A1211
sup,A1955,A1166
sup,A1955,A340
sup,A1955,A1290
sup,A1956,A1081
sup,A1956,A746
sup,A1956,A1176
sup,A1956,A2006
sup,A1956,A1057
sup,A1956,A867
sup,A1956,A1705
sup,A1956,A1934
sup,A1956,A1363
sup,A1956,A633
sup,A1956,A2015
sup,A1956,A2408
sup,A1956,A2257
sup,A1956,A1729
sup,A1956,A2220
sup,A1958,A2099
sup,A1958,A816
sup,A1958,A1960
sup,A1958,A1556
sup,A1958,A1195
sup,A1958,A1013
sup,A1958,A639
sup,A1958,A1057
sup,A1958,A1619
sup,A1958,A1281
sup,A1958,A869
sup,A1958,A857
sup,A1959,A2413
sup,A1959,A20
sup,A1959,A519
sup,A1959,A1920
sup,A1959,A2365
sup,A1959,A275
sup,A1959,A1068
sup,A1959,A1346
sup,A1959,A1152
sup,A1959,A105
sup,A1959,A1772
sup,A1959,A2518
sup,A1959,A1145
sup,A1959,A1274
sup,A1959,A2095
sup,A1960,A1655
sup,A1960,A300
sup,A1960,A2304
sup,A1960,A224
sup,A1960,A1020
sup,A1960,A1817
sup,A1960,A1199
sup,A1965,A1687
sup,A1965,A1350
sup,A1965,A1371
sup,A1965,A67
sup,A1965,A322
sup,A1965,A2430
sup,A1965,A520
sup,A1965,A648
sup,A1965,A1971
sup,A1965,A3
sup,A1965,A737
sup,A1965,A1192
sup,A1965,A2141
sup,A1965,A1716
sup,A1965,A843
sup,A1965,A1245
sup,A1965,A732
sup,A1965,A1827
sup,A1965,A1980
sup,A1965,A774
sup,A1965,A2331
sup,A1965,A1754
sup,A1965,A1169
sup,A1965,A1456
sup,A1965,A1724
sup,A1965,A2548
sup,A1967,A329
sup,A1967,A369
sup,A1967,A856
sup,A1967,A1936
sup,A1967,A881
sup,A1967,A1219
sup,A1967,A324
sup,A1967,A2518
sup,A1967,A636
sup,A1967,A2043
sup,A1967,A568
sup,A1967,A666
sup,A1967,A2421
sup,A1967,A1883
sup,A1967,A642
sup,A1967,A1030
sup,A1967,A907
sup,A1967,A2269
sup,A1967,A870
sup,A1967,A1078
sup,A1967,A2055
sup,A1967,A1017
sup,A1968,A2108
sup,A1969,A1296
sup,A1969,A321
sup,A1969,A64
sup,A1969,A2285
sup,A1969,A2175
sup,A1969,A895
sup,A1969,A2540
sup,A1969,A244
sup,A1970,A17
sup,A1970,A395
sup,A1970,A587
sup,A1970,A142
sup,A1970,A1401
sup,A1970,A1038
sup,A1970,A2134
sup,A1970,A1105
sup,A1970,A912
sup,A1970,A1366
sup,A1970,A758
sup,A1970,A57
sup,A1970,A1169
sup,A1970,A2335
sup,A1970,A2242
sup,A1970,A2203
sup,A1970,A1410
sup,A1970,A104
sup,A1970,A2190
sup,A1970,A2475
sup,A1970,A184
sup,A1971,A1326
sup,A1971,A1579
sup,A1971,A1814
sup,A1971,A926
sup,A1971,A47
sup,A1971,A692
sup,A1971,A1803
sup,A1971,A2425
sup,A1971,A1536
sup,A1971,A427
sup,A1971,A527
sup,A1971,A1395
sup,A1971,A2060
sup,A1971,A333
sup,A1971,A1606
sup,A1971,A2304
sup,A1971,A803
sup,A1971,A377
sup,A1971,A245
sup,A1971,A683
sup,A1971,A2288
sup,A1971,A2498
sup,A1971,A1219
sup,A1972,A881
sup,A1972,A1550
sup,A1972,A1838
sup,A1972,A667
sup,A1972,A2081
sup,A1972,A2491
sup,A1972,A49
sup,A1972,A372
sup,A1972,A2477
sup,A1972,A2246
sup,A1972,A2104
sup,A1972,A1831
sup,A1972,A827
sup,A1972,A1127
sup,A1972,A1121
sup,A1972,A1222
sup,A1972,A1606
sup,A1972,A1795
sup,A1973,A644
sup,A1973,A2595
sup,A1973,A2404
sup,A1973,A48
sup,A1973,A1762
sup,A1973,A338
sup,A1973,A1218
sup,A1973,A825
sup,A1973,A2349
sup,A1973,A952
sup,A1973,A854
sup,A1973,A1634
sup,A1973,A286
sup,A1974,A995
sup,A1974,A554
sup,A1974,A113
sup,A1974,A1489
sup,A1974,A1096
sup,A1974,A1978
sup,A1974,A985
sup,A1974,A1839
sup,A1975,A721
sup,A1975,A1141
sup,A1975,A217
sup,A1975,A2483
sup,A1975,A609
sup,A1975,A946
sup,A1975,A546
sup,A1975,A1790
sup,A1975,A632
sup,A1975,A2118
sup,A1979,A1911
sup,A1979,A1975
sup,A1979,A777
sup,A1979,A2314
sup,A1979,A2417
sup,A1979,A531
sup,A1979,A1568
sup,A1979,A2455
sup,A1979,A1588
sup,A1979,A2378
sup,A1979,A2345
sup,A1979,A1361
sup,A1979,A419
sup,A1979,A1682
sup,A1979,A579
sup,A1979,A904
sup,A1979,A2266
sup,A1979,A841
sup,A1979,A190
sup,A1979,A1368
sup,A1979,A255
sup,A1979,A2433
sup,A1979,A615
sup,A1980,A2469
sup,A1980,A1326
sup,A1980,A1202
sup,A1980,A1265
sup,A1980,A925
sup,A1980,A1897
sup,A1980,A269
sup,A1980,A366
sup,A1980,A1359
sup,A1980,A1406
sup,A1980,A693
sup,A1980,A166
sup,A1980,A407
sup,A1980,A1592
sup,A1980,A2144
sup,A1980,A2387
sup,A1980,A1792
sup,A1980,A1746
sup,A1980,A1394
sup,A1983,A1547
sup,A1983,A2474
sup,A1983,A132
sup,A1986,A1001
sup,A1986,A1272
sup,A1986,A158
sup,A1986,A2343
sup,A1986,A2353
sup,A1986,A137
sup,A1986,A2041
sup,A1986,A2548
sup,A1986,A794
sup,A1986,A804
sup,A1986,A1762
sup,A1986,A307
sup,A1986,A1229
sup,A1986,A1798
sup,A1986,A1075
sup,A1986,A946
sup,A1987,A1173
sup,A1987,A2400
sup,A1987,A1288
sup,A1987,A1842
sup,A1987,A210
sup,A1987,A2371
sup,A1987,A861
sup,A1987,A730
sup,A1987,A773
sup,A1987,A1302
sup,A1987,A1596
sup,A1987,A204
sup,A1987,A198
sup,A1987,A315
sup,A1987,A1898
sup,A1987,A918
sup,A1987,A1917
sup,A1991,A2435
sup,A1991,A585
sup,A1991,A261
sup,A1991,A472
sup,A1991,A619
sup,A1991,A1584
sup,A1991,A1503
sup,A1991,A1484
sup,A1991,A1421
sup,A1991,A2377
sup,A1991,A1754
sup,A1994,A1884
sup,A1994,A1160
sup,A1994,A846
sup,A1994,A2598
sup,A1994,A2496
sup,A1994,A2447
sup,A1994,A2570
sup,A1994,A2290
sup,A1994,A1642
sup,A1994,A122
sup,A1994,A1281
sup,A1995,A177
sup,A1995,A914
sup,A1995,A51
sup,A1995,A1922
sup,A1995,A2337
sup,A1995,A2215
sup,A1995,A325
sup,A1995,A1772
sup,A1995,A739
sup,A1995,A822
sup,A1995,A1452
sup,A1995,A630
sup,A1995,A2223
sup,A1995,A807
sup,A1995,A1411
sup,A1995,A133
sup,A1995,A1557
sup,A1995,A2280
sup,A1996,A817
sup,A1996,A497
sup,A1996,A426
sup,A1996,A2366
sup,A1996,A1078
sup,A1996,A338
sup,A1996,A842
sup,A1996,A1324
sup,A1996,A1749
sup,A1999,A1942
sup,A1999,A1235
sup,A1999,A798
sup,A1999,A1547
sup,A1999,A1543
sup,A1999,A2350
sup,A1999,A1083
sup,A2000,A1703
sup,A2000,A2541
sup,A2000,A1881
sup,A2000,A1684
sup,A2000,A482
sup,A2000,A1535
sup,A2000,A1938
sup,A2000,A1255
sup,A2000,A1216
sup,A2000,A1282
sup,A2000,A2472
sup,A2000,A1632
sup,A2000,A1192
sup,A2000,A337
sup,A2000,A894
sup,A2000,A1462
sup,A2000,A2495
sup,A2000,A1015
sup,A2000,A2318
sup,A2000,A492
sup,A2004,A2518
sup,A2004,A939
sup,A2004,A639
sup,A2004,A1443
sup,A2004,A1182
sup,A2004,A282
sup,A2004,A1337
sup,A2004,A729
sup,A2004,A2070
sup,A2004,A1094
sup,A2004,A386
sup,A2004,A1269
sup,A2004,A89
sup,A2004,A945
sup,A2006,A500
sup,A2006,A836
sup,A2006,A127
sup,A2006,A248
sup,A2006,A1200
sup,A2006,A1285
sup,A2006,A1877
sup,A2007,A2534
sup,A2007,A298
sup,A2007,A212
sup,A2007,A1632
sup,A2007,A2423
sup,A2007,A763
sup,A2007,A2182
sup,A2007,A41
sup,A2007,A1181
sup,A2007,A1939
sup,A2007,A1667
sup,A2007,A727
sup,A2013,A428
sup,A2013,A99
sup,A2013,A2430
sup,A2013,A2553
sup,A2013,A1921
sup,A2013,A500
sup,A2013,A2161
sup,A2013,A2279
sup,A2013,A1190
sup,A2016,A203
sup,A2016,A744
sup,A2016,A1516
sup,A2016,A430
sup,A2016,A412
sup,A2016,A1686
sup,A2016,A2577
sup,A2019,A2295
sup,A2019,A2407
sup,A2019,A139
sup,A2019,A1407
sup,A2019,A1593
sup,A2019,A1929
sup,A2019,A1275
sup,A2019,A1192
sup,A2019,A656
sup,A2019,A2479
sup,A2019,A1355
sup,A2019,A866
sup,A2019,A1990
sup,A2019,A1231
sup,A2019,A2215
sup,A2019,A1861
sup,A2019,A2055
sup,A2019,A2217
sup,A2019,A2458
sup,A2022,A2432
sup,A2022,A124
sup,A2022,A2494
sup,A2022,A696
sup,A2022,A2146
sup,A2022,A2075
sup,A2022,A1194
sup,A2022,A1056
sup,A2023,A2037
sup,A2023,A650
sup,A2023,A2082
sup,A2023,A122
sup,A2023,A1534
sup,A2023,A1968
sup,A2023,A555
sup,A2023,A1927
sup,A2023,A1169
sup,A2023,A428
sup,A2023,A1712
sup,A2023,A664
sup,A2024,A2290
sup,A2024,A779
sup,A2024,A437
sup,A2024,A1478
sup,A2024,A1014
sup,A2024,A1998
sup,A2024,A830
sup,A2024,A1321
sup,A2024,A665
sup,A2024,A936
sup,A2024,A228
sup,A2024,A1887
sup,A2024,A1093
sup,A2024,A802
sup,A2030,A700
sup,A2030,A1417
sup,A2030,A291
sup,A2030,A1914
sup,A2030,A2239
sup,A2030,A1535
sup,A2030,A377
sup,A2030,A1740
sup,A2030,A1672
sup,A2030,A1102
sup,A2030,A113
sup,A2030,A1012
sup,A2030,A2377
sup,A2033,A163
sup,A2033,A166
sup,A2036,A1493
sup,A2036,A1014
sup,A2036,A388
sup,A2036,A2523
sup,A2037,A1986
sup,A2037,A1501
sup,A2037,A1569
sup,A2037,A1553
sup,A2037,A272
sup,A2041,A326
sup,A2041,A269
sup,A2041,A1965
sup,A2041,A870
sup,A2041,A320
sup,A2041,A1712
sup,A2041,A682
sup,A2041,A1455
sup,A2041,A2312
sup,A2041,A4
sup,A2043,A1519
sup,A2043,A1358
sup,A2043,A2278
sup,A2043,A969
sup,A2043,A657
sup,A2043,A1363
sup,A2043,A1263
sup,A2043,A1857
sup,A2043,A1648
sup,A2043,A522
sup,A2043,A877
sup,A2043,A1230
sup,A2043,A2431
sup,A2045,A2320
sup,A2045,A906
sup,A2045,A2145
sup,A2045,A603
sup,A2045,A1487
sup,A2045,A39
sup,A2046,A1991
sup,A2047,A2411
sup,A2047,A1731
sup,A2047,A1839
sup,A2047,A2441
sup,A2047,A1818
sup,A2047,A1780
sup,A2048,A215
sup,A2048,A1529
sup,A2048,A355
sup,A2048,A1324
sup,A2048,A1812
sup,A2048,A833
sup,A2048,A114
sup,A2048,A512
sup,A2048,A1407
sup,A2048,A1045
sup,A2048,A620
sup,A2048,A2237
sup,A2048,A2137
sup,A2048,A2295
sup,A2048,A971
sup,A2048,A2114
sup,A2048,A758
sup,A2048,A803
sup,A2048,A1470
sup,A2048,A2499
sup,A2048,A2145
sup,A2050,A1411
sup,A2050,A337
sup,A2050,A977
sup,A2050,A1637
sup,A2050,A1123
sup,A2050,A113
sup,A2050,A560
sup,A2050,A85
sup,A2050,A1259
sup,A2050,A2013
sup,A2050,A1229
sup,A2050,A1300
sup,A2050,A1370
sup,A2050,A1968
sup,A2050,A2374
sup,A2050,A1287
sup,A2050,A2068
sup,A2051,A316
sup,A2051,A2454
sup,A2051,A1976
sup,A2051,A849
sup,A2051,A2295
sup,A2051,A1764
sup,A2051,A558
sup,A2051,A1000
sup,A2051,A1675
sup,A2051,A2394
sup,A2051,A2164
sup,A2051,A2026
sup,A2054,A512
sup,A2054,A2335
sup,A2054,A2431
sup,A2054,A2106
sup,A2054,A1559
sup,A2054,A543
sup,A2054,A1586
sup,A2054,A13
sup,A2054,A1107
sup,A2054,A487
sup,A2054,A2167
sup,A2054,A1704
sup,A2054,A1226
sup,A2054,A102
sup,A2055,A469
sup,A2055,A403
sup,A2055,A1131
sup,A2055,A2598
sup,A2055,A2569
sup,A2055,A1139
sup,A2055,A104
sup,A2055,A2204
sup,A2055,A1427
sup,A2055,A1847
sup,A2055,A2399
sup,A2055,A700
sup,A2055,A1201
sup,A2055,A587
sup,A2055,A741
sup,A2055,A206
sup,A2055,A1469
sup,A2055,A2381
sup,A2055,A1042
sup,A2055,A2368
sup,A2055,A793
sup,A2055,A319
sup,A2057,A1086
sup,A2057,A1171
sup,A2057,A2100
sup,A2057,A2211
sup,A2057,A2411
sup,A2057,A2514
sup,A2059,A2230
sup,A2059,A1908
sup,A2059,A549
sup,A2059,A1730
sup,A2059,A819
sup,A2059,A1306
sup,A2059,A1336
sup,A2059,A1846
sup,A2059,A114
sup,A2059,A961
sup,A2059,A359
sup,A2059,A770
sup,A2059,A1918
sup,A2059,A1425
sup,A2059,A368
sup,A2059,A867
sup,A2059,A1553
sup,A2059,A756
sup,A2059,A260
sup,A2059,A1748
sup,A2059,A1486
sup,A2063,A1327
sup,A2063,A517
sup,A2063,A2265
sup,A2063,A51
sup,A2063,A2446
sup,A2063,A608
sup,A2063,A401
sup,A2063,A1904
sup,A2063,A5
sup,A2063,A415
sup,A2063,A1844
sup,A2063,A545
sup,A2066,A810
sup,A2066,A418
sup,A2066,A181
sup,A2066,A555
sup,A2066,A707
sup,A2067,A2010
sup,A2067,A960
sup,A2067,A799
sup,A2068,A1309
sup,A2068,A667
sup,A2068,A847
sup,A2068,A1852
sup,A2068,A1971
sup,A2068,A2187
sup,A2068,A321
sup,A2068,A1922
sup,A2068,A950
sup,A2068,A2395
sup,A2068,A965
sup,A2068,A1870
sup,A2068,A878
sup,A2070,A1565
sup,A2070,A1768
sup,A2070,A926
sup,A2070,A2301
sup,A2070,A381
sup,A2070,A1545
sup,A2070,A2559
sup,A2070,A74
sup,A2070,A245
sup,A2070,A586
sup,A2070,A722
sup,A2070,A2296
sup,A2071,A771
sup,A2072,A672
sup,A2072,A693
sup,A2072,A2425
sup,A2072,A1350
sup,A2072,A880
sup,A2072,A2092
sup,A2072,A1173
sup,A2072,A1216
sup,A2072,A839
sup,A2072,A314
sup,A2072,A1338
sup,A2074,A907
sup,A2074,A2515
sup,A2074,A2246
sup,A2074,A1046
sup,A2074,A2465
sup,A2074,A2151
sup,A2074,A2042
sup,A2074,A2571
sup,A2074,A1855
sup,A2074,A255
sup,A2074,A349
sup,A2074,A1050
sup,A2074,A1438
sup,A2074,A2054
sup,A2074,A1368
sup,A2074,A1525
sup,A2074,A972
sup,A2074,A282
sup,A2074,A896
sup,A2074,A400
sup,A2074,A851
sup,A2074,A99
sup,A2074,A1664
sup,A2074,A2365
sup,A2074,A223
sup,A2074,A2215
sup,A2074,A362
sup,A2074,A1602
sup,A2079,A2210
sup,A2079,A610
sup,A2079,A2161
sup,A2079,A2393
sup,A2079,A1401
sup,A2079,A1560
sup,A2079,A310
sup,A2079,A1966
sup,A2079,A654
sup,A2082,A845
sup,A2082,A690
sup,A2082,A1136
sup,A2082,A143
sup,A2082,A414
sup,A2084,A318
sup,A2084,A2013
sup,A2084,A328
sup,A2084,A1035
sup,A2084,A999
sup,A2084,A2150
sup,A2084,A152
sup,A2084,A1143
sup,A2084,A1707
sup,A2084,A527
sup,A2084,A2489
sup,A2084,A1229
sup,A2084,A1775
sup,A2084,A1020
sup,A2084,A921
sup,A2084,A2443
sup,A2084,A1019
sup,A2084,A1474
sup,A2084,A1203
sup,A2084,A694
sup,A2084,A675
sup,A2084,A1868
sup,A2084,A1806
sup,A2084,A16
sup,A2084,A118
sup,A2084,A1195
sup,A2085,A391
sup,A2085,A1327
sup,A2085,A821
sup,A2085,A1732
sup,A2085,A657
sup,A2085,A100
sup,A2085,A2233
sup,A2085,A224
sup,A2085,A1800
sup,A2085,A2019
sup,A2085,A936
sup,A2085,A680
sup,A2085,A2444
sup,A2085,A296
sup,A2085,A1080
sup,A2085,A930
sup,A2085,A813
sup,A2085,A2599
sup,A2085,A530
sup,A2086,A367
sup,A2086,A425
sup,A2086,A482
sup,A2086,A1302
sup,A2086,A2260
sup,A2086,A267
sup,A2086,A314
sup,A2086,A1041
sup,A2086,A2506
sup,A2086,A2337
sup,A2086,A1405
sup,A2086,A169
sup,A2086,A1526
sup,A2086,A281
sup,A2086,A1831
sup,A2086,A1430
sup,A2086,A1824
sup,A2086,A534
sup,A2086,A177
sup,A2086,A2412
sup,A2086,A2178
sup,A2086,A1380
sup,A2086,A1044
sup,A2086,A1233
sup,A2088,A985
sup,A2088,A1154
sup,A2088,A339
sup,A2088,A1224
sup,A2088,A7
sup,A2088,A939
sup,A2088,A28
sup,A2088,A714
sup,A2088,A56
sup,A2088,A323
sup,A2088,A813
sup,A2088,A2003
sup,A2088,A529
sup,A2088,A782
sup,A2088,A1663
sup,A2088,A1878
sup,A2088,A2597
sup,A2088,A2234
sup,A2088,A2357
sup,A2088,A949
sup,A2088,A702
sup,A2089,A1193
sup,A2090,A120
sup,A2090,A1623
sup,A2090,A1617
sup,A2090,A111
sup,A2090,A263
sup,A2091,A537
sup,A2091,A693
sup,A2091,A2332
sup,A2091,A2337
sup,A2091,A2303
sup,A2091,A746
sup,A2091,A1081
sup,A2091,A1776
sup,A2091,A617
sup,A2091,A77
sup,A2091,A1015
sup,A2091,A1333
sup,A2091,A1384
sup,A2091,A2555
sup,A2091,A41
sup,A2091,A1795
sup,A2091,A2061
sup,A2091,A2038
sup,A2091,A2107
sup,A2091,A61
sup,A2091,A2155
sup,A2092,A2129
sup,A2092,A2027
sup,A2092,A2167
sup,A2092,A2217
sup,A2093,A1603
sup,A2093,A373
sup,A2093,A1636
sup,A2093,A86
sup,A2093,A234
sup,A2093,A1019
sup,A2093,A1986
sup,A2093,A301
sup,A2093,A1949
sup,A2093,A2198
sup,A2093,A526
sup,A2093,A2250
sup,A2093,A262
sup,A2093,A1845
sup,A2093,A1164
sup,A2093,A1409
sup,A2093,A550
sup,A2094,A427
sup,A2094,A170
sup,A2094,A763
sup,A2094,A1025
sup,A2094,A706
sup,A2094,A1592
sup,A2094,A1760
sup,A2094,A1554
sup,A2094,A2546
sup,A2094,A1978
sup,A2096,A1214
sup,A2096,A1884
sup,A2096,A176
sup,A2096,A2578
sup,A2096,A1369
sup,A2096,A1445
sup,A2096,A2073
sup,A2096,A1131
sup,A2096,A659
sup,A2096,A1623
sup,A2096,A2129
sup,A2096,A180
sup,A2096,A181
sup,A2096,A1305
sup,A2096,A1743
sup,A2096,A129
sup,A2096,A2283
sup,A2102,A128
sup,A2102,A40
sup,A2102,A1963
sup,A2102,A829
sup,A2103,A2008
sup,A2103,A214
sup,A2103,A2285
sup,A2103,A1451
sup,A2103,A1194
sup,A2103,A1819
sup,A2103,A2587
sup,A2103,A630
sup,A2105,A1266
sup,A2105,A1294
sup,A2105,A906
sup,A2105,A300
sup,A2105,A2509
sup,A2105,A1107
sup,A2110,A864
sup,A2110,A1061
sup,A2110,A474
sup,A2110,A1555
sup,A2110,A2289
sup,A2111,A48
sup,A2111,A402
sup,A2111,A1987
sup,A2111,A1917
sup,A2111,A2305
sup,A2111,A1665
sup,A2111,A1765
sup,A2111,A1715
sup,A2111,A2378
sup,A2111,A561
sup,A2111,A1332
sup,A2111,A1010
sup,A2111,A2355
sup,A2111,A303
sup,A2111,A1189
sup,A2111,A1951
sup,A2111,A271
sup,A2111,A212
sup,A2111,A463
sup,A2111,A1681
sup,A2111,A1298
sup,A2111,A680
sup,A2111,A2190
sup,A2111,A1897
sup,A2111,A2372
sup,A2111,A2420
sup,A2111,A1549
sup,A2111,A29
sup,A2112,A306
sup,A2112,A2337
sup,A2112,A1517
sup,A2112,A2211
sup,A2112,A1385
sup,A2112,A1279
sup,A2113,A452
sup,A2113,A1393
sup,A2113,A785
sup,A2113,A16
sup,A2113,A816
sup,A2113,A1344
sup,A2113,A1911
sup,A2113,A26
sup,A2113,A867
sup,A2113,A1700
sup,A2113,A394
sup,A2113,A357
sup,A2113,A594
sup,A2113,A1960
sup,A2113,A1464
sup,A2113,A1137
sup,A2113,A815
sup,A2113,A1167
sup,A2113,A1277
sup,A2113,A271
sup,A2113,A654
sup,A2117,A1157
sup,A2117,A121
sup,A2117,A972
sup,A2118,A2046
sup,A2118,A452
sup,A2121,A2519
sup,A2121,A2391
sup,A2121,A2528
sup,A2121,A508
sup,A2121,A1486
sup,A2121,A2426
sup,A2121,A2203
sup,A2121,A265
sup,A2121,A1507
sup,A2121,A2432
sup,A2121,A783
sup,A2121,A1459
sup,A2121,A932
sup,A2121,A2334
sup,A2121,A859
sup,A2121,A1611
sup,A2121,A2412
sup,A2124,A588
sup,A2125,A1143
sup,A2125,A536
sup,A2125,A1376
sup,A2125,A1463
sup,A2125,A323
sup,A2125,A411
sup,A2125,A1308
sup,A2125,A1080
sup,A2125,A1430
sup,A2125,A528
sup,A2125,A1297
sup,A2125,A1888
sup,A2125,A610
sup,A2125,A1243
sup,A2125,A1032
sup,A2126,A1921
sup,A2126,A1686
sup,A2126,A2576
sup,A2127,A2133
sup,A2129,A1791
sup,A2129,A511
sup,A2129,A1867
sup,A2129,A539
sup,A2129,A2541
sup,A2129,A1889
sup,A2129,A2238
sup,A2129,A963
sup,A2129,A1714
sup,A2129,A1377
sup,A2129,A364
sup,A2129,A398
sup,A2129,A1374
sup,A2129,A1514
sup,A2129,A1478
sup,A2129,A1395
sup,A2129,A525
sup,A2129,A1762
sup,A2129,A2305
sup,A2129,A1319
sup,A2130,A606
sup,A2130,A2454
sup,A2130,A308
sup,A2130,A1856
sup,A2130,A382
sup,A2130,A2059
sup,A2130,A1633
sup,A2130,A1624
sup,A2130,A1076
sup,A2130,A43
sup,A2130,A365
sup,A2131,A2160
sup,A2131,A1351
sup,A2131,A2422
sup,A2131,A329
sup,A2131,A1986
sup,A2131,A1513
sup,A2131,A281
sup,A2131,A1383
sup,A2131,A924
sup,A2131,A2577
sup,A2131,A1952
sup,A2131,A1894
sup,A2131,A192
sup,A2131,A669
sup,A2131,A874
sup,A2131,A2409
sup,A2131,A416
sup,A2131,A1403
sup,A2131,A2257
sup,A2131,A871
sup,A2131,A2161
sup,A2131,A296
sup,A2131,A807
sup,A2131,A1632
sup,A2131,A561
sup,A2131,A2340
sup,A2131,A941
sup,A2133,A1444
sup,A2133,A1670
sup,A2133,A2427
sup,A2133,A920
sup,A2133,A686
sup,A2133,A1860
sup,A2133,A1395
sup,A2133,A10
sup,A2133,A148
sup,A2133,A1986
sup,A2133,A2338
sup,A2133,A232
sup,A2133,A1698
sup,A2133,A1857
sup,A2133,A1664
sup,A2135,A2216
sup,A2135,A2334
sup,A2135,A1057
sup,A2135,A2377
sup,A2135,A551
sup,A2135,A2057
sup,A2135,A22
sup,A2136,A323
sup,A2136,A1405
sup,A2136,A1481
sup,A2136,A864
sup,A2136,A1353
sup,A2136,A760
sup,A2136,A2551
sup,A2136,A797
sup,A2136,A2471
sup,A2136,A156
sup,A2136,A1933
sup,A2136,A256
sup,A2136,A1911
sup,A2136,A1
sup,A2136,A199
sup,A2136,A2431
sup,A2136,A36
sup,A2136,A723
sup,A2136,A1528
sup,A2136,A1715
sup,A2136,A1275
sup,A2136,A1136
sup,A2136,A2093
sup,A2136,A995
sup,A2136,A1657
sup,A2136,A1348
sup,A2136,A109
sup,A2136,A883
sup,A2139,A739
sup,A2139,A2242
sup,A2139,A832
sup,A2139,A1079
sup,A2139,A22
sup,A2139,A1381
sup,A2139,A1291
sup,A2139,A1532
sup,A2139,A1588
sup,A2139,A617
sup,A2139,A906
sup,A2139,A1385
sup,A2139,A539
sup,A2139,A1826
sup,A2139,A1991
sup,A2139,A1265
sup,A2139,A2283
sup,A2139,A777
sup,A2139,A715
sup,A2139,A2547
sup,A2139,A383
sup,A2139,A2229
sup,A2139,A2496
sup,A2140,A1741
sup,A2140,A373
sup,A2140,A1377
sup,A2140,A261
sup,A2140,A1460
sup,A2140,A1963
sup,A2140,A132
sup,A2140,A1862
sup,A2140,A2437
sup,A2140,A1843
sup,A2140,A2185
sup,A2140,A2435
sup,A2141,A2513
sup,A2141,A2325
sup,A2141,A1781
sup,A2141,A486
sup,A2141,A1362
sup,A2141,A2320
sup,A2141,A1053
sup,A2141,A1169
sup,A2141,A2192
sup,A2141,A1279
sup,A2141,A1702
sup,A2141,A1454
sup,A2141,A2267
sup,A2141,A1724
sup,A2141,A385
sup,A2141,A2416
sup,A2141,A160
sup,A2141,A1501
sup,A2141,A145
sup,A2141,A798
sup,A2141,A606
sup,A2141,A308
sup,A2141,A1298
sup,A2142,A498
sup,A2142,A2164
sup,A2148,A1255
sup,A2148,A519
sup,A2148,A2366
sup,A2148,A2282
sup,A2148,A765
sup,A2148,A1746
sup,A2148,A1163
sup,A2148,A1931
sup,A2148,A1030
sup,A2148,A1435
sup,A2148,A1791
sup,A2148,A355
sup,A2148,A1305
sup,A2150,A2516
sup,A2150,A2524
sup,A2150,A998
sup,A2150,A2402
sup,A2150,A1872
sup,A2150,A167
sup,A2150,A2555
sup,A2150,A1466
sup,A2150,A2281
sup,A2150,A723
sup,A2150,A2462
sup,A2150,A1135
sup,A2150,A2340
sup,A2150,A2343
sup,A2150,A2278
sup,A2150,A119
sup,A2150,A1977
sup,A2150,A2318
sup,A2150,A612
sup,A2150,A2309
sup,A2150,A1837
sup,A2151,A629
sup,A2151,A1257
sup,A2151,A435
sup,A2151,A2338
sup,A2151,A2126
sup,A2151,A818
sup,A2153,A879
sup,A2153,A2328
sup,A2153,A535
sup,A2153,A1726
sup,A2153,A2268
sup,A2153,A380
sup,A2153,A774
sup,A2153,A1203
sup,A2153,A1451
sup,A2153,A1962
sup,A2153,A1271
sup,A2153,A1672
sup,A2153,A2033
sup,A2154,A1640
sup,A2154,A1230
sup,A2154,A2113
sup,A2154,A1714
sup,A2154,A2122
sup,A2154,A2460
sup,A2154,A528
sup,A2154,A479
sup,A2154,A2407
sup,A2154,A419
sup,A2154,A2484
sup,A2154,A212
sup,A2157,A1591
sup,A2157,A1176
sup,A2157,A2340
sup,A2157,A1738
sup,A2157,A159
sup,A2157,A2151
sup,A2157,A255
sup,A2157,A2332
sup,A2160,A1244
sup,A2160,A392
sup,A2160,A79
sup,A2160,A1771
sup,A2160,A427
sup,A2160,A1714
sup,A2160,A1175
sup,A2160,A2287
sup,A2160,A1389
sup,A2160,A1423
sup,A2160,A1523
sup,A2160,A1767
sup,A2160,A772
sup,A2160,A2079
sup,A2160,A496
sup,A2160,A1204
sup,A2160,A1895
sup,A2160,A1787
sup,A2160,A600
sup,A2160,A1294
sup,A2160,A851
sup,A2160,A115
sup,A2160,A915
sup,A2160,A609
sup,A2160,A1163
sup,A2162,A2587
sup,A2162,A2505
sup,A2165,A1674
sup,A2165,A1075
sup,A2165,A1936
sup,A2165,A1778
sup,A2165,A1111
sup,A2165,A683
sup,A2165,A218
sup,A2165,A2106
sup,A2165,A948
sup,A2165,A1708
sup,A2165,A2133
sup,A2167,A651
sup,A2167,A2282
sup,A2167,A2217
sup,A2167,A1294
sup,A2167,A1675
sup,A2167,A2161
sup,A2167,A1575
sup,A2167,A1997
sup,A2167,A601
sup,A2167,A1228
sup,A2167,A1825
sup,A2167,A54
sup,A2167,A2482
sup,A2172,A1304
sup,A2172,A1794
sup,A2172,A1761
sup,A2172,A517
sup,A2172,A1301
sup,A2172,A2309
sup,A2172,A127
sup,A2172,A683
sup,A2172,A1223
sup,A2172,A2106
sup,A2172,A1961
sup,A2172,A712
sup,A2172,A349
sup,A2172,A1005
sup,A2172,A1345
sup,A2176,A2423
sup,A2176,A1952
sup,A2176,A1300
sup,A2176,A1089
sup,A2176,A190
sup,A2176,A906
sup,A2176,A2593
sup,A2176,A976
sup,A2176,A1975
sup,A2176,A209
sup,A2176,A403
sup,A2176,A498
sup,A2176,A2072
sup,A2176,A1702
sup,A2176,A786
sup,A2177,A1339
sup,A2177,A1652
sup,A2177,A1946
sup,A2177,A2056
sup,A2177,A969
sup,A2177,A2106
sup,A2177,A1689
sup,A2177,A1591
sup,A2177,A1078
sup,A2177,A1746
sup,A2177,A1240
sup,A2177,A2370
sup,A2177,A2373
sup,A2177,A2298
sup,A2177,A1286
sup,A2177,A1261
sup,A2177,A2124
sup,A2177,A1921
sup,A2177,A2037
sup,A2178,A362
sup,A2178,A1168
sup,A2178,A2553
sup,A2178,A703
sup,A2178,A572
sup,A2178,A1286
sup,A2178,A1851
sup,A2178,A2187
sup,A2178,A1317
sup,A2178,A1249
sup,A2178,A1224
sup,A2178,A2511
sup,A2178,A2491
sup,A2178,A459
sup,A2178,A623
sup,A2178,A2455
sup,A2179,A833
sup,A2179,A2284
sup,A2179,A1526
sup,A2179,A2561
sup,A2179,A1388
sup,A2179,A1025
sup,A2179,A1134
sup,A2179,A301
sup,A2179,A1922
sup,A2179,A1100
sup,A2179,A2015
sup,A2180,A933
sup,A2180,A9
sup,A2180,A2128
sup,A2180,A1303
sup,A2180,A1953
sup,A2180,A216
sup,A2180,A2117
sup,A2181,A1612
sup,A2181,A1780
sup,A2181,A2013
sup,A2181,A1255
sup,A2181,A227
sup,A2181,A2482
sup,A2181,A1304
sup,A2181,A2163
sup,A2181,A2248
sup,A2182,A2319
sup,A2182,A2187
sup,A2182,A2457
sup,A2182,A1403
sup,A2182,A503
sup,A2182,A309
sup,A2182,A719
sup,A2182,A1892
sup,A2182,A509
sup,A2182,A1029
sup,A2182,A836
sup,A2182,A717
sup,A2182,A1557
sup,A2183,A2063
sup,A2183,A1850
sup,A2183,A165
sup,A2183,A1100
sup,A2183,A1250
sup,A2183,A1615
sup,A2183,A1718
sup,A2183,A1182
sup,A2183,A1384
sup,A2183,A1131
sup,A2183,A1743
sup,A2183,A2420
sup,A2183,A929
sup,A2183,A1214
sup,A2183,A1243
sup,A2183,A2248
sup,A2183,A727
sup,A2183,A1035
sup,A2183,A562
sup,A2184,A1651
sup,A2184,A1820
sup,A2184,A538
sup,A2184,A2084
sup,A2184,A2146
sup,A2184,A413
sup,A2184,A1754
sup,A2184,A2544
sup,A2184,A812
sup,A2184,A379
sup,A2184,A389
sup,A2184,A2220
sup,A2184,A1917
sup,A2184,A1664
sup,A2184,A592
sup,A2184,A172
sup,A2184,A1109
sup,A2184,A1971
sup,A2184,A1558
sup,A2184,A1648
sup,A2184,A1232
sup,A2184,A48
sup,A2184,A1972
sup,A2185,A5
sup,A2185,A250
sup,A2185,A1570
sup,A2185,A2455
sup,A2185,A1992
sup,A2185,A1709
sup,A2185,A1400
sup,A2185,A1965
sup,A2185,A1314
sup,A2185,A987
sup,A2185,A2255
sup,A2185,A2230
sup,A2185,A1344
sup,A2185,A729
sup,A2185,A760
sup,A2185,A854
sup,A2185,A2528
sup,A2186,A204
sup,A2186,A196
sup,A2186,A2583
sup,A2186,A2129
sup,A2186,A101
sup,A2186,A1518
sup,A2186,A426
sup,A2186,A1942
sup,A2186,A1727
sup,A2186,A1559
sup,A2186,A250
sup,A2186,A1127
sup,A2186,A2449
sup,A2186,A1708
sup,A2186,A1207
sup,A2186,A367
sup,A2188,A2045
sup,A2188,A915
sup,A2188,A291
sup,A2188,A433
sup,A2188,A1286
sup,A2188,A1759
sup,A2188,A2441
sup,A2188,A639
sup,A2188,A384
sup,A2188,A641
sup,A2188,A2562
sup,A2188,A863
sup,A2188,A1156
sup,A2188,A2287
sup,A2188,A511
sup,A2188,A458
sup,A2188,A2266
sup,A2188,A1057
sup,A2188,A545
sup,A2188,A1704
sup,A2190,A2298
sup,A2190,A2528
sup,A2190,A1691
sup,A2190,A262
sup,A2190,A623
sup,A2190,A1641
sup,A2190,A1169
sup,A2191,A1174
sup,A2191,A1850
sup,A2191,A2088
sup,A2191,A560
sup,A2191,A1896
sup,A2191,A2052
sup,A2191,A2352
sup,A2191,A325
sup,A2191,A884
sup,A2191,A2367
sup,A2191,A907
sup,A2191,A239
sup,A2191,A1610
sup,A2191,A1751
sup,A2191,A1168
sup,A2191,A318
sup,A2191,A3
sup,A2191,A2044
sup,A2191,A243
sup,A2191,A146
sup,A2191,A485
sup,A2194,A2059
sup,A2194,A883
sup,A2194,A2058
sup,A2195,A2036
sup,A2195,A1343
sup,A2195,A1927
sup,A2195,A27
sup,A2195,A269
sup,A2195,A931
sup,A2195,A2273
sup,A2195,A724
sup,A2195,A103
sup,A2195,A2568
sup,A2195,A337
sup,A2195,A2496
sup,A2197,A2523
sup,A2197,A2075
sup,A2197,A1364
sup,A2197,A598
sup,A2197,A2405
sup,A2197,A1713
sup,A2197,A117
sup,A2197,A1300
sup,A2197,A2283
sup,A2197,A185
sup,A2197,A752
sup,A2197,A1771
sup,A2197,A964
sup,A2197,A1421
sup,A2197,A2113
sup,A2200,A1649
sup,A2200,A934
sup,A2200,A270
sup,A2200,A2444
sup,A2200,A148
sup,A2200,A1546
sup,A2200,A929
sup,A2200,A2361
sup,A2200,A2303
sup,A2200,A1884
sup,A2200,A456
sup,A2200,A167
sup,A2200,A337
sup,A2200,A1680
sup,A2200,A1886
sup,A2200,A2537
sup,A2200,A32
sup,A2202,A2159
sup,A2202,A415
sup,A2202,A205
sup,A2202,A831
sup,A2202,A1178
sup,A2202,A45
sup,A2202,A601
sup,A2202,A1589
sup,A2202,A2019
sup,A2202,A2281
sup,A2202,A1498
sup,A2202,A1831
sup,A2202,A188
sup,A2202,A483
sup,A2202,A1144
sup,A2202,A447
sup,A2202,A1079
sup,A2202,A2485
sup,A2202,A1237
sup,A2202,A851
sup,A2202,A1436
sup,A2202,A2201
sup,A2202,A1207
sup,A2202,A1146
sup,A2203,A1865
sup,A2203,A1679
sup,A2203,A1764
sup,A2203,A1492
sup,A2203,A504
sup,A2203,A510
sup,A2203,A1218
sup,A2203,A906
sup,A2203,A1290
sup,A2203,A1398
sup,A2203,A849
sup,A2203,A695
sup,A2203,A836
sup,A2203,A2068
sup,A2203,A1881
sup,A2203,A414
sup,A2203,A2223
sup,A2205,A592
sup,A2205,A2014
sup,A2205,A2261
sup,A2205,A2182
sup,A2205,A2100
sup,A2205,A888
sup,A2205,A1778
sup,A2205,A694
sup,A2207,A80
sup,A2207,A2443
sup,A2207,A1459
sup,A2207,A1442
sup,A2207,A630
sup,A2207,A2574
sup,A2207,A2515
sup,A2207,A1610
sup,A2207,A120
sup,A2207,A1352
sup,A2207,A1630
sup,A2207,A1516
sup,A2207,A241
sup,A2207,A2438
sup,A2207,A2500
sup,A2207,A1421
sup,A2207,A1625
sup,A2207,A1268
sup,A2207,A504
sup,A2207,A1128
sup,A2207,A2048
sup,A2207,A917
sup,A2212,A2304
sup,A2212,A452
sup,A2212,A650
sup,A2212,A303
sup,A2212,A2434
sup,A2212,A2089
sup,A2212,A1228
sup,A2212,A615
sup,A2212,A590
sup,A2212,A379
sup,A2212,A1169
sup,A2212,A472
sup,A2212,A2412
sup,A2212,A199
sup,A2212,A490
sup,A2212,A2211
sup,A2212,A1664
sup,A2212,A1021
sup,A2213,A1611
sup,A2213,A209
sup,A2213,A2009
sup,A2213,A834
sup,A2215,A1839
sup,A2215,A703
sup,A2215,A2537
sup,A2215,A2065
sup,A2215,A2254
sup,A2215,A1609
sup,A2215,A1790
sup,A2215,A1931
sup,A2215,A1204
sup,A2215,A2411
sup,A2215,A1464
sup,A2215,A1998
sup,A2215,A2485
sup,A2215,A1879
sup,A2215,A353
sup,A2215,A1086
sup,A2215,A68
sup,A2215,A332
sup,A2218,A1056
sup,A2218,A1997
sup,A2218,A461
sup,A2218,A2454
sup,A2218,A193
sup,A2218,A397
sup,A2218,A1007
sup,A2218,A2301
sup,A2218,A527
sup,A2218,A1439
sup,A2222,A1730
sup,A2222,A2275
sup,A2222,A1821
sup,A2222,A1662
sup,A2222,A2314
sup,A2222,A2372
sup,A2222,A1711
sup,A2225,A2432
sup,A2225,A1989
sup,A2225,A2068
sup,A2225,A1064
sup,A2225,A1161
sup,A2225,A1672
sup,A2225,A668
sup,A2225,A1333
sup,A2225,A2244
sup,A2225,A696
sup,A2225,A1938
sup,A2225,A1840
sup,A2225,A1541
sup,A2225,A386
sup,A2225,A1676
sup,A2225,A846
sup,A2225,A11
sup,A2225,A721
sup,A2225,A232
sup,A2226,A1756
sup,A2226,A1262
sup,A2226,A274
sup,A2226,A2496
sup,A2226,A946
sup,A2226,A1662
sup,A2226,A558
sup,A2226,A881
sup,A2226,A1425
sup,A2226,A1643
sup,A2226,A865
sup,A2226,A1403
sup,A2230,A2099
sup,A2230,A1692
sup,A2230,A2434
sup,A2230,A1598
sup,A2230,A185
sup,A2230,A922
sup,A2230,A1501
sup,A2230,A941
sup,A2230,A1876
sup,A2233,A1839
sup,A2233,A1564
sup,A2233,A1178
sup,A2233,A46
sup,A2233,A988
sup,A2233,A1841
sup,A2233,A1151
sup,A2233,A679
sup,A2233,A1848
sup,A2237,A2481
sup,A2237,A555
sup,A2237,A678
sup,A2237,A561
sup,A2237,A990
sup,A2237,A609
sup,A2237,A489
sup,A2237,A1490
sup,A2237,A691
sup,A2237,A519
sup,A2237,A2019
sup,A2237,A1767
sup,A2237,A315
sup,A2237,A2420
sup,A2237,A1125
sup,A2237,A1562
sup,A2237,A278
sup,A2237,A38
sup,A2237,A2158
sup,A2238,A740
sup,A2238,A1059
sup,A2238,A2290
sup,A2238,A1406
sup,A2238,A1562
sup,A2238,A835
sup,A2238,A727
sup,A2238,A2451
sup,A2240,A1611
sup,A2240,A1074
sup,A2240,A34
sup,A2240,A2208
sup,A2240,A1106
sup,A2240,A2105
sup,A2240,A1580
sup,A2240,A749
sup,A2240,A1807
sup,A2240,A870
sup,A2240,A1775
sup,A2240,A27
sup,A2240,A2300
sup,A2242,A432
sup,A2242,A667
sup,A2242,A1052
sup,A2242,A1779
sup,A2242,A2566
sup,A2242,A932
sup,A2242,A2349
sup,A2242,A1773
sup,A2242,A984
sup,A2242,A1849
sup,A2244,A2595
sup,A2244,A837
sup,A2244,A2316
sup,A2244,A1227
sup,A2244,A1330
sup,A2244,A588
sup,A2244,A1343
sup,A2244,A1083
sup,A2244,A2117
sup,A2244,A4
sup,A2244,A1987
sup,A2244,A1591
sup,A2244,A990
sup,A2244,A1971
sup,A2244,A2545
sup,A2244,A2494
sup,A2244,A2588
sup,A2244,A1265
sup,A2244,A195
sup,A2244,A1800
sup,A2244,A369
sup,A2244,A1182
sup,A2244,A1738
sup,A2246,A2337
sup,A2246,A1057
sup,A2246,A2103
sup,A2248,A435
sup,A2248,A285
sup,A2250,A1733
sup,A2254,A2340
sup,A2254,A2124
sup,A2254,A2501
sup,A2254,A1675
sup,A2254,A294
sup,A2254,A941
sup,A2254,A1712
sup,A2254,A2095
sup,A2257,A2532
sup,A2257,A1159
sup,A2257,A1392
sup,A2257,A990
sup,A2257,A1623
sup,A2257,A2505
sup,A2257,A500
sup,A2257,A518
sup,A2257,A1779
sup,A2257,A585
sup,A2257,A639
sup,A2259,A1063
sup,A2259,A661
sup,A2259,A843
sup,A2259,A735
sup,A2259,A1278
sup,A2259,A2347
sup,A2259,A1166
sup,A2259,A1998
sup,A2259,A780
sup,A2259,A292
sup,A2259,A2185
sup,A2259,A1738
sup,A2259,A2492
sup,A2259,A422
sup,A2259,A1184
sup,A2259,A2415
sup,A2259,A488
sup,A2259,A1190
sup,A2259,A117
sup,A2259,A1655
sup,A2259,A761
sup,A2264,A1257
sup,A2264,A1314
sup,A2264,A546
sup,A2264,A408
sup,A2264,A1341
sup,A2264,A2107
sup,A2264,A1619
sup,A2264,A761
sup,A2264,A1542
sup,A2264,A593
sup,A2264,A911
sup,A2264,A143
sup,A2264,A807
sup,A2264,A631
sup,A2264,A432
sup,A2264,A462
sup,A2264,A1008
sup,A2264,A1991
sup,A2264,A1880
sup,A2264,A1672
sup,A2264,A1250
sup,A2264,A1849
sup,A2265,A302
sup,A2265,A1509
sup,A2265,A665
sup,A2265,A1823
sup,A2265,A118
sup,A2265,A2565
sup,A2265,A241
sup,A2265,A298
sup,A2265,A1062
sup,A2265,A94
sup,A2265,A1901
sup,A2265,A2467
sup,A2265,A63
sup,A2265,A875
sup,A2265,A1322
sup,A2265,A253
sup,A2265,A2334
sup,A2265,A2020
sup,A2265,A2007
sup,A2265,A295
sup,A2265,A2358
sup,A2265,A2434
sup,A2265,A1846
sup,A2265,A1935
sup,A2265,A1050
sup,A2265,A1990
sup,A2267,A1992
sup,A2267,A1818
sup,A2267,A862
sup,A2267,A982
sup,A2267,A2218
sup,A2267,A384
sup,A2267,A1708
sup,A2267,A72
sup,A2268,A1137
sup,A2268,A2371
sup,A2268,A960
sup,A2268,A1099
sup,A2268,A1583
sup,A2268,A407
sup,A2268,A538
sup,A2268,A631
sup,A2268,A2414
sup,A2268,A2540
sup,A2268,A965
sup,A2268,A1485
sup,A2268,A1827
sup,A2268,A1026
sup,A2268,A2228
sup,A2268,A163
sup,A2268,A414
sup,A2268,A662
sup,A2268,A2499
sup,A2268,A976
sup,A2268,A2572
sup,A2268,A1213
sup,A2268,A150
sup,A2268,A549
sup,A2269,A2114
sup,A2269,A2226
sup,A2269,A252
sup,A2269,A1206
sup,A2270,A1677
sup,A2270,A564
sup,A2270,A1176
sup,A2270,A1689
sup,A2270,A1118
sup,A2270,A860
sup,A2270,A2470
sup,A2270,A1805
sup,A2270,A370
sup,A2270,A2461
sup,A2270,A1626
sup,A2270,A45
sup,A2270,A1966
sup,A2270,A1897
sup,A2270,A1090
sup,A2270,A9
sup,A2270,A1519
sup,A2270,A2259
sup,A2270,A1525
sup,A2270,A1929
sup,A2270,A947
sup,A2270,A1735
sup,A2273,A2105
sup,A2274,A836
sup,A2274,A1375
sup,A2274,A502
sup,A2274,A878
sup,A2274,A639
sup,A2274,A2210
sup,A2274,A298
sup,A2274,A839
sup,A2274,A372
sup,A2274,A2425
sup,A2274,A1676
sup,A2274,A1042
sup,A2274,A466
sup,A2274,A389
sup,A2274,A481
sup,A2277,A1646
sup,A2277,A2389
sup,A2277,A68
sup,A2277,A1478
sup,A2277,A1791
sup,A2277,A1879
sup,A2277,A2174
sup,A2277,A893
sup,A2277,A1283
sup,A2277,A1784
sup,A2277,A368
sup,A2277,A506
sup,A2279,A1934
sup,A2279,A1353
sup,A2279,A784
sup,A2279,A1692
sup,A2279,A488
sup,A2279,A846
sup,A2279,A2254
sup,A2279,A637
sup,A2279,A1193
sup,A2279,A1235
sup,A2279,A365
sup,A2279,A916
sup,A2279,A1926
sup,A2279,A2257
sup,A2279,A1798
sup,A2279,A380
sup,A2279,A2464
sup,A2279,A2511
sup,A2279,A566
sup,A2279,A1448
sup,A2280,A228
sup,A2280,A1448
sup,A2280,A1002
sup,A2281,A1052
sup,A2281,A1501
sup,A2281,A2593
sup,A2281,A420
sup,A2281,A517
sup,A2281,A747
sup,A2281,A2121
sup,A2281,A618
sup,A2281,A2458
sup,A2281,A1391
sup,A2281,A2320
sup,A2281,A569
sup,A2281,A1460
sup,A2281,A645
sup,A2281,A793
sup,A2281,A2180
sup,A2281,A439
sup,A2282,A148
sup,A2282,A85
sup,A2282,A2451
sup,A2282,A1976
sup,A2282,A2030
sup,A2282,A1831
sup,A2282,A1897
sup,A2282,A1970
sup,A2282,A2210
sup,A2282,A523
sup,A2282,A56
sup,A2282,A2136
sup,A2282,A157
sup,A2282,A356
sup,A2282,A788
sup,A2282,A91
sup,A2282,A1583
sup,A2282,A383
sup,A2282,A808
sup,A2283,A1378
sup,A2283,A1649
sup,A2283,A2130
sup,A2283,A194
sup,A2283,A737
sup,A2283,A2163
sup,A2283,A1634
sup,A2283,A1228
sup,A2283,A708
sup,A2283,A1533
sup,A2283,A171
sup,A2283,A1155
sup,A2283,A1960
sup,A2283,A2205
sup,A2283,A2551
sup,A2283,A2300
sup,A2283,A1304
sup,A2283,A2186
sup,A2283,A1575
sup,A2283,A2021
sup,A2284,A1509
sup,A2284,A1981
sup,A2284,A1464
sup,A2284,A999
sup,A2284,A2117
sup,A2284,A1493
sup,A2284,A442
sup,A2284,A1609
sup,A2284,A68
sup,A2284,A1581
sup,A2284,A1617
sup,A2288,A58
sup,A2288,A1629
sup,A2288,A428
sup,A2288,A1380
sup,A2288,A241
sup,A2288,A1154
sup,A2288,A72
sup,A2288,A305
sup,A2289,A332
sup,A2289,A2542
sup,A2289,A201
sup,A2289,A1770
sup,A2289,A792
sup,A2289,A1959
sup,A2289,A2584
sup,A2289,A433
sup,A2289,A1614
sup,A2291,A2168
sup,A2291,A129
sup,A2292,A449
sup,A2292,A2517
sup,A2292,A731
sup,A2292,A1523
sup,A2292,A2146
sup,A2292,A367
sup,A2293,A1133
sup,A2293,A392
sup,A2293,A140
sup,A2293,A2363
sup,A2293,A613
sup,A2293,A1747
sup,A2293,A2274
sup,A2293,A1667
sup,A2293,A1390
sup,A2293,A378
sup,A2293,A1707
sup,A2297,A1994
sup,A2297,A2388
sup,A2297,A749
sup,A2297,A953
sup,A2297,A1590
sup,A2297,A1213
sup,A2297,A1686
sup,A2297,A1122
sup,A2297,A1364
sup,A2297,A2219
sup,A2297,A2227
sup,A2297,A2482
sup,A2297,A52
sup,A2297,A1078
sup,A2297,A1688
sup,A2297,A245
sup,A2297,A1730
sup,A2297,A1380
sup,A2297,A560
sup,A2297,A1729
sup,A2304,A110
sup,A2304,A2090
sup,A2304,A2566
sup,A2304,A706
sup,A2304,A1524
sup,A2304,A2068
sup,A2304,A439
sup,A2304,A1903
sup,A2304,A758
sup,A2304,A2447
sup,A2304,A2403
sup,A2304,A2159
sup,A2304,A2338
sup,A2304,A2551
sup,A2304,A1476
sup,A2304,A222
sup,A2304,A390
sup,A2304,A2320
sup,A2304,A1956
sup,A2307,A2230
sup,A2307,A2127
sup,A2311,A1411
sup,A2311,A822
sup,A2311,A262
sup,A2311,A1642
sup,A2312,A864
sup,A2312,A1387
sup,A2312,A2144
sup,A2313,A1494
sup,A2313,A1528
sup,A2313,A536
sup,A2313,A458
sup,A2313,A1145
sup,A2313,A1396
sup,A2313,A632
sup,A2313,A820
sup,A2313,A2060
sup,A2313,A2015
sup,A2315,A155
sup,A2315,A570
sup,A2315,A1792
sup,A2315,A2305
sup,A2315,A705
sup,A2315,A1599
sup,A2315,A847
sup,A2315,A153
sup,A2315,A461
sup,A2315,A314
sup,A2315,A2035
sup,A2315,A747
sup,A2315,A2152
sup,A2315,A729
sup,A2315,A1279
sup,A2315,A1442
sup,A2315,A2537
sup,A2315,A1094
sup,A2315,A1888
sup,A2315,A1067
sup,A2315,A1219
sup,A2315,A365
sup,A2315,A1396
sup,A2315,A1089
sup,A2315,A2345
sup,A2315,A766
sup,A2317,A2349
sup,A2317,A780
sup,A2317,A773
sup,A2317,A1646
sup,A2317,A1126
sup,A2317,A145
sup,A2317,A2420
sup,A2317,A1305
sup,A2317,A564
sup,A2317,A1099
sup,A2317,A668
sup,A2317,A156
sup,A2317,A1113
sup,A2317,A221
sup,A2317,A1446
sup,A2317,A2028
sup,A2323,A586
sup,A2323,A2515
sup,A2323,A1348
sup,A2323,A2205
sup,A2323,A682
sup,A2323,A2415
sup,A2323,A1066
sup,A2323,A14
sup,A2323,A1225
sup,A2324,A2284
sup,A2324,A1817
sup,A2324,A1013
sup,A2324,A973
sup,A2324,A1979
sup,A2324,A2305
sup,A2324,A2564
sup,A2324,A283
sup,A2324,A1338
sup,A2324,A1177
sup,A2324,A2046
sup,A2324,A814
sup,A2324,A1526
sup,A2324,A2324
sup,A2324,A2504
sup,A2324,A482
sup,A2324,A463
sup,A2324,A186
sup,A2324,A2409
sup,A2325,A1008
sup,A2325,A600
sup,A2325,A358
sup,A2325,A552
sup,A2325,A1588
sup,A2325,A1877
sup,A2325,A605
sup,A2325,A2224
sup,A2325,A1683
sup,A2325,A6
sup,A2325,A2291
sup,A2325,A2251
sup,A2325,A1898
sup,A2325,A321
sup,A2325,A939
sup,A2325,A826
sup,A2325,A899
sup,A2326,A1314
sup,A2326,A135
sup,A2326,A580
sup,A2326,A2005
sup,A2326,A420
sup,A2326,A896
sup,A2326,A248
sup,A2326,A2022
sup,A2326,A2375
sup,A2326,A2259
sup,A2326,A515
sup,A2326,A516
sup,A2326,A643
sup,A2327,A352
sup,A2327,A582
sup,A2327,A2070
sup,A2327,A2010
sup,A2327,A168
sup,A2327,A2128
sup,A2327,A1427
sup,A2327,A1597
sup,A2327,A1575
sup,A2327,A1653
sup,A2327,A1684
sup,A2332,A2590
sup,A2332,A2076
sup,A2332,A48
sup,A2332,A2002
sup,A2332,A251
sup,A2332,A25
sup,A2332,A1726
sup,A2332,A1377
sup,A2332,A69
sup,A2332,A531
sup,A2332,A1859
sup,A2332,A2170
sup,A2332,A2128
sup,A2332,A965
sup,A2332,A436
sup,A2332,A373
sup,A2332,A1272
sup,A2332,A1324
sup,A2334,A1265
sup,A2334,A955
sup,A2334,A990
sup,A2334,A2406
sup,A2334,A855
sup,A2334,A1794
sup,A2334,A357
sup,A2334,A889
sup,A2334,A640
sup,A2334,A523
sup,A2334,A1320
sup,A2334,A165
sup,A2334,A996
sup,A2334,A1680
sup,A2334,A244
sup,A2334,A1458
sup,A2334,A1435
sup,A2334,A331
sup,A2334,A836
sup,A2334,A1115
sup,A2334,A2597
sup,A2334,A2161
sup,A2334,A1474
sup,A2335,A1605
sup,A2335,A895
sup,A2335,A497
sup,A2335,A268
sup,A2335,A2547
sup,A2335,A873
sup,A2335,A439
sup,A2335,A1348
sup,A2335,A1231
sup,A2335,A137
sup,A2335,A2178
sup,A2335,A864
sup,A2335,A2042
sup,A2335,A1635
sup,A2335,A380
sup,A2335,A1100
sup,A2335,A549
sup,A2335,A1933
sup,A2335,A1823
sup,A2335,A2225
sup,A2335,A1125
sup,A2335,A1659
sup,A2335,A521
sup,A2339,A791
sup,A2339,A374
sup,A2339,A2580
sup,A2339,A244
sup,A2339,A1846
sup,A2339,A1310
sup,A2339,A1479
sup,A2339,A173
sup,A2339,A2338
sup,A2339,A788
sup,A2339,A1656
sup,A2339,A921
sup,A2339,A2525
sup,A2339,A1964
sup,A2339,A1192
sup,A2339,A1470
sup,A2339,A1984
sup,A2339,A2284
sup,A2339,A2416
sup,A2339,A643
sup,A2339,A2257
sup,A2339,A1248
sup,A2339,A1629
sup,A2339,A814
sup,A2339,A821
sup,A2339,A1081
sup,A2339,A2023
sup,A2339,A1024
sup,A2343,A686
sup,A2343,A2464
sup,A2343,A2381
sup,A2343,A2347
sup,A2343,A1238
sup,A2343,A2470
sup,A2343,A2217
sup,A2343,A1384
sup,A2343,A610
sup,A2343,A388
sup,A2343,A1191
sup,A2343,A1188
sup,A2343,A1463
sup,A2343,A1005
sup,A2343,A266
sup,A2343,A1329
sup,A2343,A948
sup,A2343,A846
sup,A2345,A1459
sup,A2345,A687
sup,A2345,A27
sup,A2345,A157
sup,A2345,A1683
sup,A2346,A1418
sup,A2346,A1653
sup,A2346,A2027
sup,A2346,A1858
sup,A2346,A543
sup,A2346,A2125
sup,A2346,A2559
sup,A2353,A221
sup,A2353,A685
sup,A2353,A2401
sup,A2353,A1112
sup,A2354,A2201
sup,A2354,A1308
sup,A2354,A2302
sup,A2354,A2256
sup,A2354,A2410
sup,A2354,A13
sup,A2354,A1585
sup,A2354,A2290
sup,A2354,A1446
sup,A2354,A1389
sup,A2354,A2498
sup,A2354,A1878
sup,A2354,A2473
sup,A2354,A647
sup,A2354,A997
sup,A2354,A2202
sup,A2354,A1017
sup,A2356,A423
sup,A2356,A573
sup,A2356,A1291
sup,A2356,A1739
sup,A2356,A478
sup,A2356,A1033
sup,A2356,A882
sup,A2357,A1883
sup,A2357,A1814
sup,A2357,A1703
sup,A2357,A2153
sup,A2357,A725
sup,A2357,A1505
sup,A2357,A2050
sup,A2357,A2262
sup,A2357,A204
sup,A2357,A985
sup,A2357,A2424
sup,A2357,A1327
sup,A2357,A770
sup,A2357,A1745
sup,A2357,A1650
sup,A2357,A885
sup,A2357,A111
sup,A2358,A2229
sup,A2358,A1700
sup,A2358,A1386
sup,A2358,A309
sup,A2358,A304
sup,A2358,A1230
sup,A2358,A1951
sup,A2358,A2595
sup,A2359,A194
sup,A2359,A1654
sup,A2359,A168
sup,A2359,A2545
sup,A2359,A815
sup,A2359,A831
sup,A2359,A2280
sup,A2359,A1768
sup,A2359,A1978
sup,A2359,A1623
sup,A2359,A1907
sup,A2359,A1566
sup,A2359,A2251
sup,A2363,A368
sup,A2363,A1070
sup,A2363,A1308
sup,A2363,A1706
sup,A2363,A700
sup,A2363,A2197
sup,A2365,A491
sup,A2365,A1883
sup,A2365,A2028
sup,A2365,A494
sup,A2365,A631
sup,A2365,A2040
sup,A2365,A1595
sup,A2365,A1253
sup,A2365,A1812
sup,A2365,A98
sup,A2365,A1984
sup,A2365,A1621
sup,A2365,A2486
sup,A2365,A1429
sup,A2365,A1318
sup,A2365,A2289
sup,A2365,A9
sup,A2365,A2585
sup,A2365,A2015
sup,A2365,A2220
sup,A2365,A291
sup,A2365,A781
sup,A2365,A2350
sup,A2366,A337
sup,A2366,A1240
sup,A2366,A2593
sup,A2366,A1606
sup,A2366,A1726
sup,A2366,A2268
sup,A2366,A2206
sup,A2366,A2098
sup,A2366,A1388
sup,A2366,A1496
sup,A2366,A916
sup,A2366,A1359
sup,A2366,A844
sup,A2366,A1878
sup,A2366,A1228
sup,A2366,A774
sup,A2366,A1138
sup,A2366,A410
sup,A2366,A1782
sup,A2366,A392
sup,A2366,A595
sup,A2366,A992
sup,A2366,A1653
sup,A2366,A1572
sup,A2366,A854
sup,A2366,A1462
sup,A2369,A1397
sup,A2369,A289
sup,A2369,A295
sup,A2369,A1849
sup,A2369,A1145
sup,A2369,A245
sup,A2370,A348
sup,A2373,A2495
sup,A2373,A1
sup,A2373,A686
sup,A2373,A1520
sup,A2373,A613
sup,A2373,A1909
sup,A2373,A2548
sup,A2373,A15
sup,A2373,A2142
sup,A2373,A2012
sup,A2373,A720
sup,A2373,A1334
sup,A2373,A647
sup,A2373,A1406
sup,A2373,A1490
sup,A2373,A1023
sup,A2373,A2202
sup,A2373,A1376
sup,A2373,A607
sup,A2373,A562
sup,A2373,A2039
sup,A2373,A208
sup,A2373,A1409
sup,A2373,A576
sup,A2373,A841
sup,A2373,A1264
sup,A2373,A778
sup,A2374,A948
sup,A2374,A1161
sup,A2374,A1393
sup,A2374,A1199
sup,A2374,A1421
sup,A2374,A144
sup,A2374,A1562
sup,A2374,A346
sup,A2374,A1437
sup,A2374,A2529
sup,A2374,A1092
sup,A2374,A1049
sup,A2375,A2048
sup,A2375,A1328
sup,A2375,A1568
sup,A2375,A1234
sup,A2375,A2289
sup,A2375,A2168
sup,A2375,A1452
sup,A2375,A2548
sup,A2375,A1597
sup,A2375,A2212
sup,A2375,A1944
sup,A2375,A814
sup,A2375,A374
sup,A2375,A2311
sup,A2375,A1296
sup,A2375,A2446
sup,A2375,A279
sup,A2375,A1453
sup,A2375,A934
sup,A2375,A1975
sup,A2375,A457
sup,A2375,A2534
sup,A2375,A2414
sup,A2382,A1146
sup,A2382,A1398
sup,A2382,A2418
sup,A2382,A1793
sup,A2382,A380
sup,A2382,A1191
sup,A2382,A1314
sup,A2382,A2196
sup,A2382,A1867
sup,A2382,A1531
sup,A2382,A1908
sup,A2382,A1465
sup,A2382,A2589
sup,A2382,A2525
sup,A2382,A785
sup,A2382,A1677
sup,A2382,A2555
sup,A2382,A1344
sup,A2388,A2113
sup,A2388,A2566
sup,A2388,A1134
sup,A2388,A1906
sup,A2388,A85
sup,A2388,A588
sup,A2388,A295
sup,A2388,A28
sup,A2388,A158
sup,A2388,A1947
sup,A2388,A1165
sup,A2389,A2377
sup,A2389,A2031
sup,A2389,A247
sup,A2389,A2206
sup,A2389,A2187
sup,A2389,A599
sup,A2389,A307
sup,A2389,A740
sup,A2389,A157
sup,A2389,A2137
sup,A2389,A483
sup,A2389,A2445
sup,A2389,A2283
sup,A2389,A286
sup,A2389,A1129
sup,A2389,A2022
sup,A2389,A173
sup,A2389,A178
sup,A2389,A926
sup,A2389,A1093
sup,A2389,A150
sup,A2389,A1104
sup,A2389,A2139
sup,A2389,A913
sup,A2389,A450
sup,A2389,A2496
sup,A2389,A1272
sup,A2390,A938
sup,A2390,A353
sup,A2390,A525
sup,A2390,A79
sup,A2390,A2538
sup,A2390,A182
sup,A2390,A1147
sup,A2390,A1564
sup,A2390,A696
sup,A2390,A516
sup,A2390,A1408
sup,A2390,A627
sup,A2390,A2165
sup,A2390,A2374
sup,A2390,A345
sup,A2390,A838
sup,A2390,A382
sup,A2390,A1997
sup,A2390,A2464
sup,A2390,A1296
sup,A2390,A505
sup,A2392,A2398
sup,A2392,A220
sup,A2392,A2548
sup,A2400,A21
sup,A2400,A1273
sup,A2400,A1384
sup,A2400,A698
sup,A2400,A1986
sup,A2400,A2189
sup,A2400,A341
sup,A2404,A259
sup,A2404,A1485
sup,A2404,A1497
sup,A2404,A999
sup,A2404,A712
sup,A2404,A907
sup,A2404,A413
sup,A2404,A1595
sup,A2404,A443
sup,A2404,A812
sup,A2404,A941
sup,A2404,A1649
sup,A2404,A523
sup,A2404,A1774
sup,A2404,A1465
sup,A2404,A2539
sup,A2404,A1051
sup,A2404,A53
sup,A2407,A2540
sup,A2407,A1912
sup,A2407,A2031
sup,A2407,A1314
sup,A2407,A26
sup,A2407,A856
sup,A2407,A969
sup,A2407,A1729
sup,A2407,A105
sup,A2407,A1445
sup,A2407,A2044
sup,A2407,A1121
sup,A2407,A1491
sup,A2407,A958
sup,A2407,A2127
sup,A2407,A1863
sup,A2407,A1988
sup,A2407,A2366
sup,A2407,A2112
sup,A2407,A645
sup,A2407,A269
sup,A2407,A2122
sup,A2407,A786
sup,A2407,A602
sup,A2407,A368
sup,A2410,A1674
sup,A2410,A2105
sup,A2410,A2462
sup,A2410,A2255
sup,A2410,A1845
sup,A2411,A1153
sup,A2411,A1930
sup,A2411,A2071
sup,A2411,A734
sup,A2411,A2005
sup,A2411,A1171
sup,A2411,A813
sup,A2411,A362
sup,A2411,A2011
sup,A2411,A726
sup,A2411,A1228
sup,A2411,A669
sup,A2411,A390
sup,A2411,A1005
sup,A2411,A1679
sup,A2411,A392
sup,A2411,A1821
sup,A2411,A1741
sup,A2413,A207
sup,A2413,A668
sup,A2413,A1760
sup,A2413,A2166
sup,A2413,A1176
sup,A2413,A1202
sup,A2413,A2178
sup,A2413,A363
sup,A2413,A1088
sup,A2413,A1428
sup,A2413,A2512
sup,A2416,A2112
sup,A2416,A933
sup,A2416,A2570
sup,A2416,A2457
sup,A2416,A1054
sup,A2416,A2489
sup,A2416,A224
sup,A2418,A77
sup,A2418,A1739
sup,A2418,A693
sup,A2418,A695
sup,A2418,A1168
sup,A2418,A2151
sup,A2418,A968
sup,A2418,A1320
sup,A2418,A1373
sup,A2418,A1396
sup,A2418,A548
sup,A2418,A2476
sup,A2421,A1938
sup,A2421,A2437
sup,A2421,A1540
sup,A2421,A2210
sup,A2421,A552
sup,A2421,A1797
sup,A2421,A1370
sup,A2421,A2504
sup,A2421,A1655
sup,A2421,A1771
sup,A2421,A1805
sup,A2421,A1335
sup,A2421,A320
sup,A2421,A85
sup,A2421,A124
sup,A2421,A1377
sup,A2421,A643
sup,A2421,A1873
sup,A2422,A1754
sup,A2422,A642
sup,A2422,A2432
sup,A2422,A2507
sup,A2422,A1190
sup,A2422,A1412
sup,A2422,A1461
sup,A2422,A1076
sup,A2422,A463
sup,A2422,A669
sup,A2422,A25
sup,A2422,A1918
sup,A2422,A458
sup,A2422,A1248
sup,A2422,A155
sup,A2422,A403
sup,A2422,A2029
sup,A2422,A117
sup,A2422,A262
sup,A2422,A2174
sup,A2422,A2438
sup,A2422,A786
sup,A2422,A1811
sup,A2422,A1388
sup,A2422,A956
sup,A2422,A171
sup,A2422,A2003
sup,A2422,A2350
sup,A2422,A393
sup,A2422,A1481
sup,A2434,A1889
sup,A2434,A1499
sup,A2434,A1280
sup,A2434,A1861
sup,A2434,A1340
sup,A2434,A1311
sup,A2434,A1694
sup,A2435,A2456
sup,A2435,A514
sup,A2435,A592
sup,A2435,A768
sup,A2435,A1863
sup,A2435,A2082
sup,A2435,A2326
sup,A2435,A21
sup,A2435,A1456
sup,A2435,A1771
sup,A2435,A1450
sup,A2435,A1343
sup,A2435,A1169
sup,A2435,A1946
sup,A2435,A2132
sup,A2435,A2415
sup,A2435,A1025
sup,A2436,A74
sup,A2436,A1210
sup,A2436,A1246
sup,A2436,A1187
sup,A2436,A2107
sup,A2436,A1031
sup,A2436,A1310
sup,A2436,A1179
sup,A2436,A85
sup,A2436,A1220
sup,A2436,A160
sup,A2436,A169
sup,A2436,A1045
sup,A2436,A2438
sup,A2436,A1125
sup,A2436,A1982
sup,A2436,A1408
sup,A2436,A988
sup,A2436,A2198
sup,A2436,A2415
sup,A2436,A1901
sup,A2436,A1661
sup,A2436,A1451
sup,A2436,A2553
sup,A2437,A1899
sup,A2437,A1234
sup,A2437,A1080
sup,A2437,A1775
sup,A2437,A1945
sup,A2437,A1909
sup,A2437,A716
sup,A2437,A1368
sup,A2437,A1299
sup,A2437,A2513
sup,A2437,A971
sup,A2437,A1173
sup,A2437,A1255
sup,A2437,A1075
sup,A2437,A1522
sup,A2437,A1958
sup,A2437,A1646
sup,A2437,A1201
sup,A2437,A1064
sup,A2437,A1088
sup,A2437,A935
sup,A2437,A660
sup,A2437,A657
sup,A2442,A688
sup,A2442,A292
sup,A2442,A1442
sup,A2442,A2244
sup,A2442,A1099
sup,A2442,A2456
sup,A2442,A2047
sup,A2442,A128
sup,A2442,A1494
sup,A2442,A2289
sup,A2442,A2315
sup,A2445,A136
sup,A2445,A2306
sup,A2445,A601
sup,A2445,A1581
sup,A2445,A1727
sup,A2445,A163
sup,A2445,A1536
sup,A2445,A2008
sup,A2445,A2137
sup,A2445,A1755
sup,A2445,A609
sup,A2445,A275
sup,A2447,A323
sup,A2447,A695
sup,A2447,A794
sup,A2447,A2449
sup,A2447,A1450
sup,A2450,A2357
sup,A2450,A1911
sup,A2452,A2381
sup,A2452,A533
sup,A2452,A1181
sup,A2452,A2468
sup,A2452,A545
sup,A2452,A2008
sup,A2452,A510
sup,A2452,A590
sup,A2452,A84
sup,A2453,A795
sup,A2453,A675
sup,A2453,A467
sup,A2455,A1257
sup,A2455,A2460
sup,A2455,A1450
sup,A2455,A1801
sup,A2455,A1513
sup,A2455,A1414
sup,A2455,A185
sup,A2455,A485
sup,A2455,A1923
sup,A2458,A2162
sup,A2458,A1392
sup,A2458,A2328
sup,A2458,A1555
sup,A2458,A2426
sup,A2458,A300
sup,A2458,A1538
sup,A2458,A1138
sup,A2458,A89
sup,A2458,A820
sup,A2458,A1393
sup,A2458,A1616
sup,A2458,A796
sup,A2458,A465
sup,A2460,A790
sup,A2460,A2457
sup,A2460,A1583
sup,A2460,A375
sup,A2460,A2436
sup,A2460,A1647
sup,A2460,A378
sup,A2460,A491
sup,A2460,A2425
sup,A2460,A258
sup,A2460,A2175
sup,A2460,A930
sup,A2460,A922
sup,A2460,A1259
sup,A2460,A2274
sup,A2460,A1128
sup,A2460,A1255
sup,A2460,A2197
sup,A2460,A152
sup,A2460,A1293
sup,A2461,A357
sup,A2461,A1927
sup,A2461,A129
sup,A2461,A2332
sup,A2461,A2374
sup,A2461,A728
sup,A2461,A1593
sup,A2461,A1860
sup,A2461,A1359
sup,A2461,A1226
sup,A2461,A811
sup,A2461,A1933
sup,A2461,A40
sup,A2461,A2145
sup,A2461,A362
sup,A2461,A2489
sup,A2461,A1129
sup,A2461,A1668
sup,A2461,A2464
sup,A2461,A2484
sup,A2461,A377
sup,A2461,A384
sup,A2461,A1185
sup,A2461,A2146
sup,A2461,A2391
sup,A2461,A642
sup,A2461,A2525
sup,A2462,A1269
sup,A2462,A2373
sup,A2462,A1716
sup,A2462,A536
sup,A2462,A2459
sup,A2462,A1068
sup,A2462,A1966
sup,A2462,A2045
sup,A2462,A1698
sup,A2462,A1158
sup,A2462,A2009
sup,A2462,A1262
sup,A2462,A695
sup,A2462,A633
sup,A2464,A1822
sup,A2464,A1736
sup,A2464,A14
sup,A2464,A889
sup,A2464,A426
sup,A2464,A2489
sup,A2464,A2359
sup,A2464,A2072
sup,A2465,A72
sup,A2465,A2342
sup,A2465,A1447
sup,A2465,A1152
sup,A2465,A2260
sup,A2465,A1445
sup,A2465,A1053
sup,A2465,A2056
sup,A2465,A2378
sup,A2465,A1437
sup,A2465,A1969
sup,A2465,A514
sup,A2466,A1429
sup,A2466,A1522
sup,A2466,A1580
sup,A2466,A2264
sup,A2466,A525
sup,A2466,A2328
sup,A2466,A692
sup,A2466,A1129
sup,A2466,A2159
sup,A2466,A34
sup,A2466,A1445
sup,A2466,A2258
sup,A2466,A735
sup,A2466,A1943
sup,A2466,A446
sup,A2466,A8
sup,A2466,A806
sup,A2466,A20
sup,A2466,A2584
sup,A2466,A2135
sup,A2466,A1977
sup,A2466,A2559
sup,A2467,A2121
sup,A2467,A932
sup,A2467,A471
sup,A2467,A2258
sup,A2469,A160
sup,A2469,A1762
sup,A2469,A794
sup,A2469,A2273
sup,A2469,A954
sup,A2469,A1104
sup,A2469,A2415
sup,A2469,A1449
sup,A2469,A331
sup,A2469,A811
sup,A2473,A11
sup,A2473,A1473
sup,A2473,A1487
sup,A2473,A1507
sup,A2473,A2448
sup,A2473,A1629
sup,A2478,A1905
sup,A2478,A534
sup,A2478,A2322
sup,A2478,A449
sup,A2478,A1449
sup,A2478,A644
sup,A2478,A2334
sup,A2478,A322
sup,A2478,A1233
sup,A2478,A115
sup,A2478,A38
sup,A2478,A2453
sup,A2478,A1102
sup,A2478,A1329
sup,A2478,A1992
sup,A2478,A430
sup,A2478,A742
sup,A2479,A570
sup,A2479,A2086
sup,A2479,A2
sup,A2479,A2226
sup,A2479,A1546
sup,A2479,A450
sup,A2479,A2311
sup,A2479,A1725
sup,A2479,A2279
sup,A2479,A2237
sup,A2479,A1249
sup,A2479,A2127
sup,A2479,A1366
sup,A2479,A862
sup,A2479,A1885
sup,A2479,A2261
sup,A2479,A506
sup,A2479,A1269
sup,A2479,A523
sup,A2479,A1520
sup,A2479,A10
sup,A2481,A474
sup,A2481,A841
sup,A2481,A1624
sup,A2481,A361
sup,A2481,A2481
sup,A2481,A216
sup,A2481,A1662
sup,A2481,A1552
sup,A2481,A1625
sup,A2481,A217
sup,A2481,A603
sup,A2481,A1122
sup,A2481,A1428
sup,A2483,A2528
sup,A2483,A1109
sup,A2483,A1513
sup,A2483,A801
sup,A2483,A2313
sup,A2483,A2490
sup,A2483,A1349
sup,A2483,A65
sup,A2483,A689
sup,A2483,A1720
sup,A2483,A472
sup,A2483,A1671
sup,A2483,A1065
sup,A2483,A442
sup,A2483,A789
sup,A2483,A248
sup,A2485,A215
sup,A2485,A158
sup,A2485,A1808
sup,A2485,A1743
sup,A2485,A1079
sup,A2485,A1289
sup,A2485,A2335
sup,A2487,A2082
sup,A2487,A970
sup,A2487,A290
sup,A2487,A471
sup,A2487,A599
sup,A2487,A594
sup,A2487,A1970
sup,A2487,A757
sup,A2487,A170
sup,A2487,A1009
sup,A2487,A1513
sup,A2487,A1018
sup,A2487,A1979
sup,A2487,A1660
sup,A2487,A1341
sup,A2488,A764
sup,A2488,A645
sup,A2488,A2220
sup,A2488,A612
sup,A2488,A1159
sup,A2488,A986
sup,A2488,A1459
sup,A2488,A2340
sup,A2488,A682
sup,A2488,A710
sup,A2488,A1583
sup,A2488,A1919
sup,A2488,A792
sup,A2488,A1474
sup,A2488,A906
sup,A2488,A2576
sup,A2488,A1245
sup,A2488,A923
sup,A2488,A331
sup,A2488,A2160
sup,A2488,A1784
sup,A2491,A1806
sup,A2491,A2375
sup,A2491,A622
sup,A2491,A424
sup,A2491,A106
sup,A2491,A1870
sup,A2491,A1280
sup,A2491,A1954
sup,A2491,A2071
sup,A2491,A1117
sup,A2491,A1611
sup,A2491,A512
sup,A2491,A2217
sup,A2491,A1780
sup,A2491,A2435
sup,A2491,A293
sup,A2491,A474
sup,A2491,A2296
sup,A2491,A660
sup,A2491,A2525
sup,A2492,A1057
sup,A2492,A1916
sup,A2496,A1499
sup,A2496,A2333
sup,A2496,A1782
sup,A2498,A602
sup,A2498,A1807
sup,A2498,A107
sup,A2498,A2404
sup,A2498,A1560
sup,A2498,A2482
sup,A2498,A479
sup,A2498,A2232
sup,A2498,A2179
sup,A2499,A1669
sup,A2499,A749
sup,A2499,A2583
sup,A2499,A2112
sup,A2499,A1278
sup,A2499,A666
sup,A2499,A1357
sup,A2499,A1371
sup,A2499,A481
sup,A2499,A2070
sup,A2499,A700
sup,A2499,A702
sup,A2499,A418
sup,A2499,A292
sup,A2499,A619
sup,A2499,A2466
sup,A2499,A1620
sup,A2499,A2520
sup,A2499,A633
sup,A2499,A2501
sup,A2499,A2388
sup,A2499,A726
sup,A2500,A1269
sup,A2500,A27
sup,A2500,A359
sup,A2500,A2048
sup,A2500,A181
sup,A2500,A1562
sup,A2500,A2379
sup,A2500,A80
sup,A2500,A1066
sup,A2501,A342
sup,A2501,A1112
sup,A2501,A2232
sup,A2501,A290
sup,A2501,A1911
sup,A2501,A1241
sup,A2501,A1287
sup,A2501,A164
sup,A2501,A1381
sup,A2501,A1565
sup,A2501,A1816
sup,A2507,A804
sup,A2507,A1915
sup,A2507,A524
sup,A2507,A1950
sup,A2507,A792
sup,A2507,A806
sup,A2507,A2264
sup,A2507,A267
sup,A2507,A1087
sup,A2507,A111
sup,A2507,A2387
sup,A2507,A1049
sup,A2507,A2290
sup,A2507,A1301
sup,A2507,A1063
sup,A2507,A1343
sup,A2507,A1375
sup,A2507,A815
sup,A2507,A1269
sup,A2507,A1494
sup,A2507,A263
sup,A2507,A2269
sup,A2510,A888
sup,A2510,A1323
sup,A2510,A2531
sup,A2510,A78
sup,A2510,A1551
sup,A2510,A1469
sup,A2510,A489
sup,A2510,A93
sup,A2510,A1176
sup,A2510,A120
sup,A2510,A2171
sup,A2510,A317
sup,A2510,A1225
sup,A2510,A528
sup,A2510,A829
sup,A2510,A1822
sup,A2510,A519
sup,A2510,A289
sup,A2510,A10
sup,A2510,A1937
sup,A2511,A2365
sup,A2511,A360
sup,A2511,A1137
sup,A2511,A1365
sup,A2511,A288
sup,A2511,A1300
sup,A2511,A220
sup,A2511,A61
sup,A2511,A2337
sup,A2511,A1895
sup,A2511,A1585
sup,A2511,A1789
sup,A2513,A334
sup,A2513,A854
sup,A2513,A2367
sup,A2513,A184
sup,A2513,A2133
sup,A2513,A1955
sup,A2513,A1279
sup,A2513,A1281
sup,A2513,A682
sup,A2513,A1032
sup,A2513,A881
sup,A2513,A380
sup,A2513,A1490
sup,A2513,A471
sup,A2513,A1318
sup,A2513,A377
sup,A2513,A1362
sup,A2513,A1225
sup,A2513,A667
sup,A2513,A479
sup,A2513,A2211
sup,A2513,A1342
sup,A2513,A938
sup,A2513,A1190
sup,A2513,A586
sup,A2514,A577
sup,A2514,A365
sup,A2514,A621
sup,A2514,A441
sup,A2514,A2186
sup,A2514,A1791
sup,A2514,A1341
sup,A2514,A37
sup,A2514,A1275
sup,A2514,A1198
sup,A2514,A1538
sup,A2514,A2554
sup,A2514,A1521
sup,A2514,A2059
sup,A2514,A2149
sup,A2514,A580
sup,A2514,A1029
sup,A2517,A937
sup,A2517,A474
sup,A2517,A770
sup,A2517,A486
sup,A2517,A81
sup,A2517,A1389
sup,A2517,A106
sup,A2517,A2313
sup,A2517,A2508
sup,A2517,A1789
sup,A2517,A1632
sup,A2517,A374
sup,A2517,A1552
sup,A2517,A817
sup,A2517,A1359
sup,A2517,A2500
sup,A2517,A52
sup,A2517,A1492
sup,A2517,A1340
sup,A2518,A2490
sup,A2518,A2163
sup,A2518,A701
sup,A2518,A642
sup,A2518,A1229
sup,A2518,A1384
sup,A2518,A1197
sup,A2518,A2313
sup,A2518,A310
sup,A2518,A2493
sup,A2518,A143
sup,A2518,A1189
sup,A2518,A1423
sup,A2518,A1881
sup,A2518,A45
sup,A2518,A1549
sup,A2518,A292
sup,A2518,A1564
sup,A2518,A1876
sup,A2518,A1983
sup,A2518,A2131
sup,A2518,A497
sup,A2518,A696
sup,A2518,A1305
sup,A2518,A1419
sup,A2519,A494
sup,A2519,A1471
sup,A2519,A1711
sup,A2519,A255
sup,A2519,A2165
sup,A2519,A1201
sup,A2519,A273
sup,A2519,A414
sup,A2519,A1427
sup,A2519,A1014
sup,A2519,A1131
sup,A2519,A628
sup,A2519,A1296
sup,A2521,A788
sup,A2521,A1472
sup,A2521,A2371
sup,A2521,A1709
sup,A2521,A1857
sup,A2521,A2394
sup,A2521,A1868
sup,A2521,A797
sup,A2521,A309
sup,A2521,A2447
sup,A2521,A1217
sup,A2521,A909
sup,A2521,A1524
sup,A2522,A1965
sup,A2522,A2230
sup,A2522,A2331
sup,A2522,A1027
sup,A2522,A1418
sup,A2522,A2025
sup,A2522,A328
sup,A2522,A111
sup,A2522,A1226
sup,A2522,A1688
sup,A2522,A86
sup,A2522,A97
sup,A2522,A2440
sup,A2524,A1636
sup,A2524,A1251
sup,A2524,A2582
sup,A2524,A1989
sup,A2524,A2168
sup,A2524,A357
sup,A2526,A2445
sup,A2526,A280
sup,A2526,A375
sup,A2526,A1631
sup,A2526,A872
sup,A2526,A1254
sup,A2526,A978
sup,A2526,A2467
sup,A2526,A1589
sup,A2526,A753
sup,A2526,A2313
sup,A2526,A2374
sup,A2526,A1344
sup,A2526,A61
sup,A2526,A15
sup,A2526,A477
sup,A2526,A2415
sup,A2526,A1193
sup,A2526,A340
sup,A2526,A295
sup,A2526,A46
sup,A2526,A669
sup,A2526,A694
sup,A2526,A2146
sup,A2526,A1969
sup,A2527,A398
sup,A2527,A578
sup,A2527,A14
sup,A2527,A334
sup,A2527,A2401
sup,A2527,A237
sup,A2527,A34
sup,A2527,A242
sup,A2527,A1296
sup,A2527,A657
sup,A2527,A1981
sup,A2529,A391
sup,A2529,A1609
sup,A2529,A1300
sup,A2529,A1365
sup,A2529,A281
sup,A2529,A867
sup,A2529,A513
sup,A2529,A1250
sup,A2529,A97
sup,A2529,A782
sup,A2529,A1520
sup,A2529,A113
sup,A2529,A98
sup,A2529,A2133
sup,A2529,A1425
sup,A2530,A892
sup,A2530,A870
sup,A2530,A1586
sup,A2530,A2585
sup,A2530,A601
sup,A2530,A2226
sup,A2530,A157
sup,A2530,A972
sup,A2530,A974
sup,A2530,A462
sup,A2530,A2483
sup,A2530,A1780
sup,A2530,A1562
sup,A2530,A1939
sup,A2530,A1140
sup,A2530,A1316
sup,A2530,A1832
sup,A2530,A991
sup,A2530,A2282
sup,A2530,A1457
sup,A2530,A853
sup,A2530,A486
sup,A2530,A2104
sup,A2531,A1486
sup,A2531,A949
sup,A2531,A1131
sup,A2531,A28
sup,A2531,A2520
sup,A2532,A2335
sup,A2532,A1766
sup,A2532,A490
sup,A2534,A290
sup,A2534,A715
sup,A2534,A374
sup,A2534,A914
sup,A2534,A436
sup,A2534,A2035
sup,A2534,A1618
sup,A2534,A864
sup,A2535,A1375
sup,A2535,A112
sup,A2535,A780
sup,A2535,A731
sup,A2536,A233
sup,A2536,A1117
sup,A2536,A577
sup,A2538,A1665
sup,A2538,A2104
sup,A2538,A1980
sup,A2538,A2311
sup,A2538,A1930
sup,A2538,A1895
sup,A2538,A589
sup,A2538,A1691
sup,A2538,A2085
sup,A2538,A17
sup,A2539,A426
sup,A2539,A447
sup,A2539,A887
sup,A2539,A1437
sup,A2539,A1636
sup,A2539,A994
sup,A2539,A550
sup,A2539,A215
sup,A2539,A1126
sup,A2543,A2492
sup,A2543,A1753
sup,A2543,A618
sup,A2543,A1899
sup,A2543,A2330
sup,A2543,A2063
sup,A2543,A29
sup,A2543,A746
sup,A2545,A1184
sup,A2545,A1899
sup,A2545,A2064
sup,A2545,A1247
sup,A2545,A10
sup,A2546,A2415
sup,A2546,A2052
sup,A2546,A409
sup,A2546,A1164
sup,A2546,A1405
sup,A2546,A1589
sup,A2546,A575
sup,A2546,A594
sup,A2546,A667
sup,A2546,A69
sup,A2551,A2433
sup,A2551,A270
sup,A2551,A207
sup,A2551,A2302
sup,A2551,A1330
sup,A2551,A59
sup,A2551,A160
sup,A2551,A349
sup,A2551,A854
sup,A2551,A1679
sup,A2551,A1851
sup,A2551,A787
sup,A2551,A803
sup,A2551,A2296
sup,A2551,A884
sup,A2551,A2218
sup,A2551,A1393
sup,A2551,A303
sup,A2554,A1256
sup,A2554,A1617
sup,A2554,A620
sup,A2554,A826
sup,A2554,A250
sup,A2554,A2079
sup,A2554,A2238
sup,A2554,A2486
sup,A2554,A1734
sup,A2554,A1337
sup,A2554,A2022
sup,A2555,A258
sup,A2555,A25
sup,A2555,A2478
sup,A2555,A2277
sup,A2555,A1248
sup,A2555,A2528
sup,A2555,A1918
sup,A2555,A1399
sup,A2557,A1877
sup,A2557,A1810
sup,A2557,A1620
sup,A2557,A2123
sup,A2557,A983
sup,A2557,A686
sup,A2558,A2284
sup,A2558,A466
sup,A2558,A980
sup,A2558,A1526
sup,A2558,A1838
sup,A2558,A1207
sup,A2558,A708
sup,A2560,A1131
sup,A2560,A1787
sup,A2560,A2178
sup,A2560,A2409
sup,A2560,A1874
sup,A2563,A1607
sup,A2563,A2267
sup,A2563,A2485
sup,A2563,A195
sup,A2563,A235
sup,A2563,A1596
sup,A2563,A2561
sup,A2564,A912
sup,A2564,A1723
sup,A2564,A2051
sup,A2564,A1199
sup,A2564,A2121
sup,A2564,A2317
sup,A2564,A483
sup,A2564,A2420
sup,A2566,A1362
sup,A2566,A2143
sup,A2566,A836
sup,A2566,A2578
sup,A2566,A1374
sup,A2566,A1980
sup,A2566,A1132
sup,A2566,A2429
sup,A2566,A1014
sup,A2566,A55
sup,A2566,A1607
sup,A2566,A2013
sup,A2566,A1952
sup,A2566,A89
sup,A2566,A920
sup,A2566,A1571
sup,A2566,A2149
sup,A2568,A2270
sup,A2568,A1190
sup,A2568,A1410
sup,A2568,A1002
sup,A2568,A1714
sup,A2568,A51
sup,A2568,A688
sup,A2568,A1561
sup,A2568,A2133
sup,A2568,A2490
sup,A2568,A1537
sup,A2568,A807
sup,A2568,A810
sup,A2568,A594
sup,A2568,A1026
sup,A2568,A2398
sup,A2568,A1841
sup,A2571,A2351
sup,A2571,A1526
sup,A2571,A1693
sup,A2571,A145
sup,A2571,A1372
sup,A2571,A1861
sup,A2571,A2311
sup,A2571,A2597
sup,A2571,A1974
sup,A2571,A2078
sup,A2571,A234
sup,A2571,A853
sup,A2571,A303
sup,A2571,A1840
sup,A2571,A131
sup,A2571,A1225
sup,A2571,A2425
sup,A2571,A1600
sup,A2571,A254
sup,A2572,A1566
sup,A2572,A1111
sup,A2572,A2233
sup,A2572,A1329
sup,A2572,A629
sup,A2572,A100
sup,A2572,A260
sup,A2579,A963
sup,A2579,A423
sup,A2579,A893
sup,A2579,A2045
sup,A2579,A1635
sup,A2579,A26
sup,A2579,A207
sup,A2579,A1537
sup,A2579,A304
sup,A2579,A1758
sup,A2580,A1078
sup,A2580,A131
sup,A2580,A1467
sup,A2580,A1926
sup,A2580,A123
sup,A2580,A1831
sup,A2580,A472
sup,A2580,A1433
sup,A2580,A1902
sup,A2580,A2132
sup,A2580,A631
sup,A2580,A2595
sup,A2580,A52
sup,A2580,A1955
sup,A2581,A2256
sup,A2581,A1135
sup,A2581,A1955
sup,A2581,A117
sup,A2581,A334
sup,A2581,A494
sup,A2581,A941
sup,A2581,A130
sup,A2581,A615
sup,A2581,A721
sup,A2581,A749
sup,A2581,A2391
sup,A2581,A330
sup,A2581,A667
sup,A2581,A836
sup,A2581,A1587
sup,A2581,A1100
sup,A2581,A1925
sup,A2581,A198
sup,A2583,A2241
sup,A2583,A487
sup,A2583,A2468
sup,A2583,A1041
sup,A2583,A343
sup,A2583,A2175
sup,A2583,A95
sup,A2583,A8
sup,A2583,A1419
sup,A2586,A12
sup,A2586,A1051
sup,A2586,A142
sup,A2591,A1203
sup,A2592,A1978
sup,A2592,A280
sup,A2592,A2267
sup,A2592,A598
sup,A2592,A2336
sup,A2592,A727
sup,A2592,A551
sup,A2592,A67
sup,A2592,A1548
sup,A2592,A2547
sup,A2592,A336
sup,A2592,A1897
sup,A2592,A1259
sup,A2592,A993
sup,A2592,A2068
sup,A2592,A1582
sup,A2593,A2296
sup,A2593,A1582
sup,A2593,A1364
sup,A2593,A1317
sup,A2593,A842
sup,A2593,A2468
sup,A2593,A21
sup,A2593,A1276
sup,A2593,A1242
sup,A2593,A1397
sup,A2595,A991
sup,A2595,A1322
sup,A2595,A934
sup,A2595,A913
sup,A2595,A638
sup,A2595,A1685
sup,A2595,A1075
sup,A2595,A1826
sup,A2595,A1868
sup,A2595,A572
sup,A2595,A2195
sup,A2595,A562
sup,A2595,A859
sup,A2596,A463
sup,A2596,A515
sup,A2596,A759
sup,A2596,A2186
sup,A2596,A318
sup,A2596,A2316
sup,A2596,A1748
sup,A2598,A1620
sup,A2598,A2552
sup,A2598,A795
sup,A2598,A812
sup,A2598,A2305
sup,A2598,A2534
sup,A2598,A2326
sup,A2598,A373
sup,A2598,A41
sup,A2598,A1849
sup,A2598,A1484
sup,A2598,A1795
sup,A2598,A2107
sup,A2598,A256
sup,A2598,A627
sup,A2598,A1103
sup,A2598,A1403
sup,A2598,A337
sup,A2598,A1766
sup,A2598,A1221
sup,A2598,A1345
sup,A2598,A1573
sup,A2598,A518
sup,A2598,A774
sup,A2598,A2476
sup,A2598,A1160
sup,A2598,A2426
att,A0,A1
att,A2,A3
att,A3,A4
att,A4,A5
att,A8,A9
att,A10,A11
att,A11,A12
att,A12,A13
att,A16,A17
att,A17,A18
att,A19,A20
att,A26,A27
att,A27,A28
att,A29,A30
att,A31,A32
att,A32,A33
att,A33,A34
att,A34,A35
att,A35,A36
att,A36,A37
att,A37,A38
att,A38,A39
att,A39,A40
att,A40,A41
att,A41,A42
att,A42,A43
att,A43,A44
att,A44,A45
att,A45,A46
att,A46,A47
att,A47,A48
att,A48,A49
att,A49,A50
att,A50,A51
att,A51,A52
att,A52,A53
att,A53,A54
att,A54,A55
att,A55,A56
att,A56,A57
att,A57,A58
att,A58,A59
att,A59,A31
att,A107,A108
att,A108,A109
att,A109,A110
att,A110,A111
att,A111,A112
att,A112,A113
att,A113,A114
att,A114,A115
att,A115,A116
att,A116,A117
att,A117,A118
att,A118,A119
att,A119,A120
att,A120,A121
att,A121,A122
att,A122,A123
att,A123,A124
att,A124,A125
att,A125,A126
att,A126,A127
att,A127,A128
att,A128,A129
att,A129,A130
att,A130,A131
att,A131,A132
att,A132,A133
att,A133,A107
att,A134,A135
att,A136,A137
att,A145,A146
att,A146,A147
att,A150,A151
att,A151,A152
att,A152,A153
att,A153,A154
att,A154,A155
att,A155,A156
att,A156,A157
att,A157,A158
att,A158,A159
att,A159,A160
att,A160,A161
att,A161,A162
att,A162,A163
att,A163,A164
att,A164,A165
att,A165,A166
att,A166,A167
att,A167,A168
att,A168,A169
att,A169,A150
att,A232,A233
att,A234,A235
att,A239,A240
att,A240,A241
att,A241,A242
att,A242,A243
att,A243,A244
att,A245,A246
att,A246,A247
att,A249,A250
att,A253,A254
att,A258,A259
att,A259,A260
att,A260,A261
att,A261,A262
att,A262,A263
att,A264,A265
att,A268,A269
att,A269,A270
att,A271,A272
att,A273,A274
att,A275,A276
att,A279,A280
att,A280,A281
att,A282,A283
att,A284,A285
att,A285,A286
att,A286,A287
att,A287,A288
att,A288,A289
att,A289,A290
att,A290,A291
att,A291,A292
att,A292,A293
att,A293,A294
att,A294,A295
att,A295,A296
att,A296,A297
att,A297,A298
att,A298,A299
att,A299,A300
att,A300,A301
att,A301,A302
att,A302,A303
att,A303,A304
att,A304,A305
att,A305,A306
att,A306,A307
att,A307,A308
att,A308,A309
att,A309,A310
att,A310,A311
att,A311,A312
att,A312,A284
att,A319,A320
att,A320,A321
att,A323,A324
att,A325,A326
att,A326,A327
att,A332,A333
att,A337,A338
att,A339,A340
att,A340,A341
att,A343,A344
att,A345,A346
att,A347,A313
att,A348,A349
att,A349,A350
att,A350,A351
att,A351,A352
att,A352,A353
att,A353,A354
att,A354,A355
att,A355,A356
att,A356,A357
att,A357,A358
att,A358,A359
att,A359,A360
att,A360,A361
att,A361,A362
att,A362,A363
att,A363,A364
att,A364,A365
att,A365,A348
att,A431,A432
att,A434,A435
att,A435,A436
att,A437,A438
att,A442,A443
att,A443,A444
att,A444,A445
att,A448,A449
att,A450,A451
att,A451,A452
att,A452,A453
att,A454,A455
att,A456,A457
att,A457,A458
att,A458,A459
att,A462,A463
att,A466,A467
att,A467,A468
att,A468,A469
att,A474,A475
att,A475,A476
att,A476,A431
att,A477,A478
att,A478,A479
att,A479,A480
att,A480,A481
att,A481,A482
att,A482,A483
att,A483,A484
att,A484,A485
att,A485,A486
att,A486,A487
att,A487,A488
att,A488,A489
att,A489,A490
att,A490,A491
att,A491,A492
att,A492,A493
att,A493,A494
att,A494,A495
att,A495,A496
att,A496,A497
att,A497,A498
att,A498,A499
att,A499,A500
att,A500,A501
att,A501,A502
att,A502,A503
att,A503,A504
att,A504,A505
att,A505,A506
att,A506,A477
att,A537,A538
att,A538,A539
att,A539,A540
att,A549,A550
att,A550,A551
att,A552,A553
att,A553,A554
att,A603,A604
att,A604,A605
att,A605,A606
att,A606,A607
att,A607,A608
att,A608,A609
att,A609,A610
att,A610,A611
att,A611,A612
att,A612,A613
att,A613,A614
att,A614,A615
att,A615,A616
att,A616,A617
att,A617,A618
att,A618,A619
att,A619,A620
att,A620,A621
att,A621,A622
att,A622,A623
att,A623,A624
att,A624,A625
att,A625,A626
att,A626,A627
att,A627,A628
att,A628,A629
att,A629,A630
att,A630,A631
att,A631,A632
att,A632,A633
att,A633,A634
att,A634,A635
att,A635,A636
att,A636,A637
att,A637,A638
att,A638,A639
att,A639,A640
att,A640,A641
att,A641,A642
att,A642,A643
att,A643,A644
att,A644,A645
att,A645,A646
att,A646,A647
att,A647,A648
att,A648,A649
att,A649,A650
att,A650,A603
att,A651,A652
att,A655,A656
att,A656,A657
att,A657,A658
att,A660,A661
att,A665,A666
att,A666,A667
att,A670,A671
att,A672,A673
att,A673,A674
att,A674,A675
att,A676,A677
att,A678,A679
att,A680,A681
att,A681,A682
att,A685,A686
att,A686,A687
att,A688,A689
att,A690,A691
att,A691,A692
att,A692,A693
att,A729,A730
att,A764,A765
att,A765,A766
att,A766,A767
att,A767,A768
att,A768,A769
att,A769,A770
att,A770,A771
att,A771,A772
att,A772,A773
att,A773,A774
att,A774,A775
att,A775,A776
att,A776,A777
att,A777,A778
att,A778,A779
att,A779,A780
att,A780,A781
att,A781,A782
att,A782,A783
att,A783,A784
att,A784,A785
att,A785,A786
att,A786,A787
att,A787,A788
att,A788,A789
att,A789,A790
att,A790,A791
att,A791,A792
att,A792,A793
att,A793,A764
att,A847,A848
att,A848,A849
att,A849,A850
att,A850,A851
att,A851,A852
att,A852,A853
att,A853,A854
att,A854,A855
att,A855,A856
att,A856,A857
att,A857,A858
att,A858,A859
att,A859,A860
att,A860,A861
att,A861,A862
att,A862,A863
att,A863,A864
att,A864,A865
att,A865,A866
att,A866,A867
att,A867,A868
att,A868,A869
att,A869,A870
att,A870,A871
att,A871,A872
att,A872,A873
att,A873,A874
att,A874,A875
att,A875,A876
att,A876,A877
att,A877,A878
att,A878,A879
att,A879,A880
att,A880,A881
att,A881,A882
att,A882,A883
att,A883,A884
att,A884,A885
att,A885,A847
att,A886,A887
att,A890,A891
att,A891,A892
att,A892,A893
att,A893,A894
att,A894,A895
att,A897,A898
att,A898,A899
att,A899,A900
att,A901,A902
att,A902,A903
att,A903,A904
att,A904,A905
att,A909,A910
att,A912,A913
att,A913,A914
att,A914,A915
att,A918,A919
att,A919,A920
att,A920,A886
att,A921,A922
att,A922,A923
att,A923,A924
att,A924,A925
att,A925,A926
att,A926,A927
att,A927,A928
att,A928,A929
att,A929,A930
att,A930,A931
att,A931,A932
att,A932,A933
att,A933,A934
att,A934,A935
att,A935,A936
att,A936,A937
att,A937,A938
att,A938,A939
att,A939,A940
att,A940,A941
att,A941,A942
att,A942,A943
att,A943,A944
att,A944,A945
att,A945,A946
att,A946,A947
att,A947,A948
att,A948,A921
att,A996,A997
att,A1000,A1001
att,A1002,A1003
att,A1008,A1009
att,A1010,A1011
att,A1014,A1015
att,A1015,A1016
att,A1017,A1018
att,A1020,A1021
att,A1022,A1023
att,A1024,A1025
att,A1025,A1026
att,A1029,A995
att,A1034,A1035
att,A1039,A1040
att,A1040,A1041
att,A1041,A1042
att,A1043,A1044
att,A1044,A1045
att,A1045,A1046
att,A1047,A1048
att,A1048,A1049
att,A1049,A1050
att,A1050,A1051
att,A1052,A1053
att,A1055,A1056
att,A1056,A1057
att,A1061,A1062
att,A1062,A1063
att,A1064,A1065
att,A1065,A1066
att,A1066,A1067
att,A1067,A1068
att,A1068,A1069
att,A1089,A1090
att,A1090,A1091
att,A1091,A1092
att,A1092,A1093
att,A1093,A1094
att,A1094,A1095
att,A1095,A1096
att,A1096,A1097
att,A1097,A1098
att,A1098,A1099
att,A1099,A1100
att,A1100,A1101
att,A1101,A1102
att,A1102,A1103
att,A1103,A1104
att,A1104,A1105
att,A1105,A1106
att,A1106,A1107
att,A1107,A1108
att,A1108,A1109
att,A1109,A1110
att,A1110,A1111
att,A1111,A1112
att,A1112,A1113
att,A1113,A1114
att,A1114,A1115
att,A1115,A1116
att,A1116,A1117
att,A1117,A1118
att,A1118,A1119
att,A1119,A1120
att,A1120,A1121
att,A1121,A1122
att,A1122,A1123
att,A1123,A1124
att,A1124,A1125
att,A1125,A1126
att,A1126,A1127
att,A1127,A1128
att,A1128,A1129
att,A1129,A1130
att,A1130,A1131
att,A1131,A1132
att,A1132,A1133
att,A1133,A1134
att,A1134,A1135
att,A1135,A1136
att,A1136,A1089
att,A1148,A1149
att,A1149,A1150
att,A1150,A1151
att,A1151,A1152
att,A1152,A1153
att,A1153,A1154
att,A1154,A1155
att,A1155,A1156
att,A1156,A1157
att,A1157,A1158
att,A1158,A1159
att,A1159,A1160
att,A1160,A1161
att,A1161,A1162
att,A1162,A1163
att,A1163,A1164
att,A1164,A1165
att,A1165,A1166
att,A1166,A1167
att,A1167,A1168
att,A1168,A1169
att,A1169,A1170
att,A1170,A1171
att,A1171,A1172
att,A1172,A1148
att,A1217,A1218
att,A1225,A1226
att,A1226,A1227
att,A1227,A1228
att,A1228,A1229
att,A1230,A1231
att,A1233,A1234
att,A1236,A1237
att,A1241,A1242
att,A1243,A1244
att,A1245,A1246
att,A1246,A1247
att,A1247,A1248
att,A1249,A1250
att,A1250,A1251
att,A1309,A1310
att,A1310,A1311
att,A1312,A1313
att,A1313,A1314
att,A1314,A1315
att,A1319,A1320
att,A1321,A1322
att,A1323,A1324
att,A1324,A1325
att,A1325,A1326
att,A1326,A1327
att,A1330,A1331
att,A1332,A1333
att,A1337,A1308
att,A1338,A1339
att,A1339,A1340
att,A1340,A1341
att,A1341,A1342
att,A1342,A1343
att,A1343,A1344
att,A1344,A1345
att,A1345,A1346
att,A1346,A1347
att,A1347,A1348
att,A1348,A1349
att,A1349,A1338
att,A1350,A1351
att,A1351,A1352
att,A1352,A1353
att,A1353,A1354
att,A1354,A1355
att,A1355,A1356
att,A1356,A1357
att,A1357,A1358
att,A1358,A1359
att,A1359,A1360
att,A1360,A1361
att,A1361,A1362
att,A1362,A1363
att,A1363,A1364
att,A1364,A1365
att,A1365,A1366
att,A1366,A1367
att,A1367,A1368
att,A1368,A1369
att,A1369,A1370
att,A1370,A1371
att,A1371,A1372
att,A1372,A1373
att,A1373,A1374
att,A1374,A1375
att,A1375,A1376
att,A1376,A1377
att,A1377,A1378
att,A1378,A1379
att,A1379,A1380
att,A1380,A1381
att,A1381,A1382
att,A1382,A1383
att,A1383,A1384
att,A1384,A1385
att,A1385,A1386
att,A1386,A1387
att,A1387,A1388
att,A1388,A1389
att,A1389,A1390
att,A1390,A1391
att,A1391,A1392
att,A1392,A1393
att,A1393,A1394
att,A1394,A1395
att,A1395,A1350
att,A1397,A1398
att,A1398,A1399
att,A1399,A1400
att,A1404,A1405
att,A1408,A1409
att,A1409,A1410
att,A1411,A1412
att,A1413,A1414
att,A1416,A1417
att,A1421,A1396
att,A1422,A1423
att,A1423,A1424
att,A1424,A1425
att,A1425,A1426
att,A1426,A1427
att,A1427,A1428
att,A1429,A1430
att,A1431,A1432
att,A1432,A1433
att,A1435,A1436
att,A1438,A1439
att,A1439,A1440
att,A1440,A1441
att,A1441,A1442
att,A1443,A1444
att,A1444,A1445
att,A1450,A1451
att,A1451,A1452
att,A1454,A1422
att,A1455,A1456
att,A1456,A1457
att,A1458,A1459
att,A1459,A1460
att,A1460,A1461
att,A1463,A1464
att,A1464,A1465
att,A1465,A1466
att,A1467,A1468
att,A1472,A1473
att,A1474,A1475
att,A1475,A1476
att,A1478,A1479
att,A1479,A1480
att,A1480,A1481
att,A1482,A1483
att,A1484,A1485
att,A1485,A1486
att,A1486,A1487
att,A1487,A1455
att,A1488,A1489
att,A1492,A1493
att,A1493,A1494
att,A1499,A1500
att,A1500,A1501
att,A1503,A1504
att,A1505,A1506
att,A1506,A1507
att,A1515,A1516
att,A1517,A1518
att,A1520,A1521
att,A1521,A1522
att,A1522,A1523
att,A1523,A1524
att,A1524,A1525
att,A1573,A1574
att,A1574,A1575
att,A1577,A1578
att,A1578,A1579
att,A1579,A1580
att,A1580,A1581
att,A1581,A1582
att,A1583,A1584
att,A1586,A1572
att,A1589,A1590
att,A1592,A1593
att,A1598,A1599
att,A1599,A1600
att,A1600,A1601
att,A1601,A1602
att,A1606,A1607
att,A1608,A1609
att,A1609,A1610
att,A1610,A1611
att,A1611,A1612
att,A1612,A1613
att,A1613,A1614
att,A1614,A1615
att,A1616,A1617
att,A1618,A1619
att,A1620,A1621
att,A1669,A1670
att,A1670,A1671
att,A1672,A1673
att,A1678,A1679
att,A1681,A1682
att,A1682,A1683
att,A1685,A1686
att,A1688,A1689
att,A1690,A1691
att,A1691,A1692
att,A1693,A1694
att,A1695,A1696
att,A1697,A1698
att,A1698,A1699
att,A1699,A1700
att,A1700,A1701
att,A1701,A1702
att,A1702,A1703
att,A1703,A1704
att,A1704,A1705
att,A1705,A1706
att,A1706,A1707
att,A1707,A1708
att,A1708,A1709
att,A1709,A1710
att,A1710,A1711
att,A1711,A1712
att,A1712,A1713
att,A1713,A1714
att,A1714,A1715
att,A1715,A1716
att,A1716,A1717
att,A1717,A1718
att,A1718,A1719
att,A1719,A1720
att,A1720,A1721
att,A1721,A1722
att,A1722,A1697
att,A1723,A1724
att,A1727,A1728
att,A1729,A1730
att,A1732,A1733
att,A1736,A1737
att,A1742,A1743
att,A1743,A1744
att,A1748,A1749
att,A1749,A1750
att,A1752,A1753
att,A1753,A1754
att,A1754,A1755
att,A1755,A1756
att,A1756,A1757
att,A1757,A1758
att,A1758,A1759
att,A1759,A1760
att,A1760,A1761
att,A1761,A1762
att,A1762,A1763
att,A1763,A1764
att,A1764,A1765
att,A1765,A1766
att,A1766,A1767
att,A1767,A1768
att,A1768,A1769
att,A1769,A1770
att,A1770,A1771
att,A1771,A1772
att,A1772,A1773
att,A1773,A1774
att,A1774,A1775
att,A1775,A1776
att,A1776,A1777
att,A1777,A1778
att,A1778,A1779
att,A1779,A1752
att,A1780,A1781
att,A1781,A1782
att,A1782,A1783
att,A1783,A1780
att,A1797,A1798
att,A1798,A1799
att,A1799,A1800
att,A1800,A1801
att,A1801,A1802
att,A1802,A1803
att,A1803,A1804
att,A1804,A1805
att,A1805,A1806
att,A1806,A1807
att,A1807,A1808
att,A1808,A1809
att,A1809,A1810
att,A1810,A1811
att,A1811,A1812
att,A1812,A1813
att,A1813,A1814
att,A1814,A1815
att,A1815,A1816
att,A1816,A1817
att,A1817,A1818
att,A1818,A1819
att,A1819,A1820
att,A1820,A1821
att,A1821,A1822
att,A1822,A1823
att,A1823,A1824
att,A1824,A1825
att,A1825,A1826
att,A1826,A1827
att,A1827,A1828
att,A1828,A1829
att,A1829,A1830
att,A1830,A1831
att,A1831,A1832
att,A1832,A1833
att,A1833,A1834
att,A1834,A1835
att,A1835,A1836
att,A1836,A1837
att,A1837,A1838
att,A1838,A1797
att,A1893,A1894
att,A1894,A1895
att,A1895,A1896
att,A1900,A1892
att,A1901,A1902
att,A1902,A1903
att,A1903,A1904
att,A1904,A1905
att,A1905,A1906
att,A1906,A1907
att,A1907,A1908
att,A1908,A1909
att,A1909,A1910
att,A1910,A1911
att,A1911,A1912
att,A1912,A1913
att,A1913,A1914
att,A1914,A1915
att,A1915,A1916
att,A1916,A1917
att,A1917,A1918
att,A1918,A1919
att,A1919,A1920
att,A1920,A1921
att,A1921,A1922
att,A1922,A1923
att,A1923,A1924
att,A1924,A1925
att,A1925,A1926
att,A1926,A1927
att,A1927,A1928
att,A1928,A1929
att,A1929,A1930
att,A1930,A1931
att,A1931,A1901
att,A1932,A1933
att,A1933,A1934
att,A1934,A1935
att,A1935,A1936
att,A1936,A1937
att,A1937,A1938
att,A1938,A1939
att,A1939,A1940
att,A1940,A1941
att,A1941,A1942
att,A1942,A1943
att,A1943,A1944
att,A1944,A1945
att,A1945,A1946
att,A1946,A1947
att,A1947,A1948
att,A1948,A1949
att,A1949,A1950
att,A1950,A1951
att,A1951,A1952
att,A1952,A1953
att,A1953,A1954
att,A1954,A1955
att,A1955,A1956
att,A1956,A1957
att,A1957,A1958
att,A1958,A1959
att,A1959,A1960
att,A1960,A1961
att,A1961,A1962
att,A1962,A1963
att,A1963,A1964
att,A1964,A1965
att,A1965,A1966
att,A1966,A1932
att,A1967,A1968
att,A1968,A1969
att,A1969,A1970
att,A1970,A1971
att,A1971,A1972
att,A1972,A1973
att,A1973,A1974
att,A1974,A1975
att,A1975,A1976
att,A1976,A1977
att,A1977,A1978
att,A1978,A1979
att,A1979,A1980
att,A1980,A1981
att,A1981,A1982
att,A1982,A1983
att,A1983,A1984
att,A1984,A1985
att,A1985,A1986
att,A1986,A1987
att,A1987,A1988
att,A1988,A1989
att,A1989,A1990
att,A1990,A1991
att,A1991,A1992
att,A1992,A1993
att,A1993,A1994
att,A1994,A1995
att,A1995,A1996
att,A1996,A1997
att,A1997,A1998
att,A1998,A1999
att,A1999,A2000
att,A2000,A2001
att,A2001,A2002
att,A2002,A2003
att,A2003,A2004
att,A2004,A2005
att,A2005,A2006
att,A2006,A2007
att,A2007,A1967
att,A2008,A2009
att,A2009,A2010
att,A2010,A2011
att,A2011,A2012
att,A2014,A2015
att,A2015,A2008
att,A2104,A2105
att,A2105,A2106
att,A2106,A2107
att,A2107,A2108
att,A2108,A2104
att,A2109,A2110
att,A2110,A2111
att,A2111,A2112
att,A2112,A2113
att,A2113,A2114
att,A2114,A2115
att,A2115,A2116
att,A2116,A2117
att,A2117,A2118
att,A2118,A2119
att,A2119,A2120
att,A2120,A2121
att,A2121,A2122
att,A2122,A2123
att,A2123,A2124
att,A2124,A2125
att,A2125,A2126
att,A2126,A2127
att,A2127,A2128
att,A2128,A2129
att,A2129,A2130
att,A2130,A2131
att,A2131,A2132
att,A2132,A2133
att,A2133,A2134
att,A2134,A2135
att,A2135,A2136
att,A2136,A2137
att,A2137,A2138
att,A2138,A2139
att,A2139,A2140
att,A2140,A2141
att,A2141,A2142
att,A2142,A2143
att,A2143,A2144
att,A2144,A2145
att,A2145,A2146
att,A2146,A2147
att,A2147,A2148
att,A2148,A2149
att,A2149,A2150
att,A2150,A2151
att,A2151,A2152
att,A2152,A2153
att,A2153,A2109
att,A2154,A2155
att,A2155,A2156
att,A2156,A2157
att,A2158,A2159
att,A2159,A2160
att,A2164,A2165
att,A2166,A2167
att,A2167,A2168
att,A2168,A2169
att,A2170,A2171
att,A2172,A2173
att,A2174,A2175
att,A2177,A2178
att,A2179,A2180
att,A2180,A2181
att,A2181,A2182
att,A2184,A2185
att,A2185,A2186
att,A2187,A2188
att,A2189,A2190
att,A2190,A2191
att,A2191,A2192
att,A2192,A2193
att,A2194,A2195
att,A2199,A2200
att,A2200,A2201
att,A2202,A2154
att,A2203,A2204
att,A2204,A2205
att,A2207,A2208
att,A2211,A2212
att,A2212,A2213
att,A2213,A2214
att,A2214,A2215
att,A2215,A2216
att,A2216,A2217
att,A2217,A2218
att,A2218,A2219
att,A2219,A2220
att,A2220,A2221
att,A2221,A2222
att,A2222,A2223
att,A2223,A2224
att,A2224,A2225
att,A2225,A2226
att,A2226,A2227
att,A2227,A2228
att,A2228,A2229
att,A2229,A2230
att,A2230,A2211
att,A2262,A2263
att,A2263,A2260
att,A2264,A2265
att,A2265,A2266
att,A2266,A2267
att,A2267,A2268
att,A2268,A2269
att,A2269,A2270
att,A2270,A2271
att,A2271,A2272
att,A2272,A2273
att,A2273,A2274
att,A2274,A2275
att,A2275,A2276
att,A2276,A2277
att,A2277,A2278
att,A2278,A2279
att,A2279,A2280
att,A2280,A2281
att,A2281,A2282
att,A2282,A2283
att,A2283,A2284
att,A2284,A2285
att,A2285,A2286
att,A2286,A2287
att,A2287,A2288
att,A2288,A2289
att,A2289,A2290
att,A2290,A2291
att,A2291,A2292
att,A2292,A2293
att,A2293,A2294
att,A2294,A2295
att,A2295,A2264
att,A2296,A2297
att,A2297,A2298
att,A2298,A2299
att,A2299,A2300
att,A2300,A2301
att,A2301,A2302
att,A2302,A2303
att,A2303,A2304
att,A2304,A2305
att,A2305,A2306
att,A2306,A2307
att,A2307,A2308
att,A2308,A2309
att,A2309,A2310
att,A2310,A2296
att,A2313,A2314
att,A2317,A2318
att,A2318,A2319
att,A2319,A2320
att,A2320,A2321
att,A2321,A2322
att,A2323,A2324
att,A2324,A2311
att,A2325,A2326
att,A2326,A2327
att,A2327,A2328
att,A2328,A2329
att,A2329,A2330
att,A2330,A2331
att,A2331,A2332
att,A2332,A2333
att,A2333,A2334
att,A2334,A2335
att,A2335,A2336
att,A2336,A2337
att,A2337,A2338
att,A2338,A2339
att,A2339,A2340
att,A2340,A2341
att,A2341,A2342
att,A2342,A2343
att,A2343,A2344
att,A2344,A2345
att,A2345,A2346
att,A2346,A2347
att,A2347,A2348
att,A2348,A2349
att,A2349,A2325
att,A2350,A2351
att,A2351,A2352
att,A2352,A2353
att,A2353,A2354
att,A2354,A2355
att,A2355,A2356
att,A2356,A2357
att,A2357,A2358
att,A2358,A2359
att,A2359,A2360
att,A2360,A2361
att,A2361,A2362
att,A2362,A2363
att,A2363,A2364
att,A2364,A2365
att,A2365,A2366
att,A2366,A2367
att,A2367,A2368
att,A2368,A2369
att,A2369,A2370
att,A2370,A2371
att,A2371,A2372
att,A2372,A2373
att,A2373,A2374
att,A2374,A2375
att,A2375,A2376
att,A2376,A2377
att,A2377,A2378
att,A2378,A2379
att,A2379,A2380
att,A2380,A2381
att,A2381,A2382
att,A2382,A2383
att,A2383,A2384
att,A2384,A2385
att,A2385,A2386
att,A2386,A2387
att,A2387,A2388
att,A2388,A2389
att,A2389,A2390
att,A2390,A2391
att,A2391,A2392
att,A2392,A2393
att,A2393,A2350
att,A2394,A2395
att,A2396,A2397
att,A2397,A2398
att,A2399,A2400
att,A2400,A2394
att,A2401,A2402
att,A2402,A2403
att,A2403,A2401
att,A2404,A2405
att,A2405,A2406
att,A2406,A2407
att,A2407,A2408
att,A2408,A2409
att,A2409,A2410
att,A2410,A2411
att,A2411,A2412
att,A2412,A2413
att,A2413,A2414
att,A2414,A2415
att,A2415,A2404
att,A2504,A2505
att,A2505,A2506
att,A2506,A2507
att,A2507,A2508
att,A2508,A2509
att,A2509,A2510
att,A2510,A2511
att,A2511,A2512
att,A2512,A2513
att,A2513,A2514
att,A2514,A2515
att,A2515,A2516
att,A2516,A2517
att,A2517,A2518
att,A2518,A2504
att,A2522,A2523
att,A2523,A2524
att,A2524,A2525
att,A2525,A2526
att,A2527,A2528
att,A2528,A2529
att,A2529,A2530
att,A2531,A2532
att,A2532,A2533
att,A2533,A2534
att,A2535,A2536
att,A2538,A2539
att,A2541,A2542
att,A2543,A2544
att,A2544,A2545
att,A2545,A2546
att,A2547,A2548
att,A2551,A2552
att,A2552,A2553
att,A2553,A2554
att,A2557,A2558
att,A2560,A2561
att,A2561,A2562
att,A2563,A2564
att,A2568,A2569
att,A2569,A2570
att,A2572,A2573
att,A2575,A2576
att,A2576,A2577
att,A2577,A2578
att,A2580,A2581
att,A2583,A2584
att,A2584,A2585
att,A2585,A2586
att,A2587,A2588
att,A2590,A2591
att,A2591,A2592
att,A2593,A2594
att,A2594,A2595
att,A30,A31
att,A59,A60
att,A106,A107
att,A149,A150
att,A230,A231
att,A312,A313
att,A347,A348
att,A430,A431
att,A476,A477
att,A602,A603
att,A693,A694
att,A807,A808
att,A837,A838
att,A846,A847
att,A885,A886
att,A994,A995
att,A1029,A1030
att,A1060,A1061
att,A1069,A1070
att,A1088,A1089
att,A1136,A1137
att,A1172,A1173
att,A1337,A1338
att,A1349,A1350
att,A1487,A1488
att,A1528,A1529
att,A1571,A1572
att,A1586,A1587
att,A1640,A1641
att,A1722,A1723
att,A1751,A1752
att,A1779,A1780
att,A1783,A1784
att,A1838,A1839
att,A1852,A1853
att,A1862,A1863
att,A1931,A1932
att,A2007,A2008
att,A2054,A2055
att,A2103,A2104
att,A2210,A2211
att,A2230,A2231
att,A2310,A2311
att,A2393,A2394
att,A2403,A2404
att,A2415,A2416
att,A2554,A2555
att,A0,A1876
att,A0,A90
att,A0,A456
att,A0,A218
att,A1,A856
att,A1,A2098
att,A1,A152
att,A1,A1088
att,A1,A411
att,A1,A459
att,A1,A568
att,A1,A2207
att,A1,A1906
att,A1,A859
att,A1,A565
att,A1,A1796
att,A1,A2059
att,A1,A704
att,A1,A1273
att,A1,A2222
att,A1,A1339
att,A1,A1440
att,A1,A25
att,A1,A574
att,A1,A1665
att,A1,A404
att,A1,A1326
att,A1,A2348
att,A8,A1048
att,A8,A2387
att,A8,A2076
att,A8,A1507
att,A8,A1542
att,A8,A119
att,A8,A2142
att,A8,A141
att,A9,A2238
att,A9,A292
att,A9,A334
att,A9,A1055
att,A9,A1232
att,A9,A136
att,A9,A452
att,A9,A835
att,A9,A1363
att,A9,A1691
att,A9,A1584
att,A9,A2542
att,A10,A566
att,A10,A2514
att,A10,A637
att,A10,A2016
att,A10,A2258
att,A10,A1488
att,A10,A574
att,A10,A750
att,A10,A54
att,A10,A2392
att,A10,A224
att,A10,A2500
att,A10,A1929
att,A11,A1830
att,A11,A348
att,A11,A2178
att,A11,A642
att,A11,A1189
att,A16,A702
att,A16,A832
att,A16,A2585
att,A16,A570
att,A16,A2461
att,A16,A868
att,A16,A1720
att,A16,A1678
att,A16,A2549
att,A16,A589
att,A16,A2440
att,A16,A676
att,A16,A2396
att,A16,A1769
att,A16,A1656
att,A16,A604
att,A16,A2294
att,A16,A949
att,A16,A461
att,A16,A510
att,A16,A1335
att,A16,A494
att,A23,A1192
att,A23,A170
att,A23,A1923
att,A23,A2001
att,A23,A1568
att,A23,A2223
att,A23,A2589
att,A23,A180
att,A23,A806
att,A23,A636
att,A23,A819
att,A23,A669
att,A23,A966
att,A23,A2452
att,A23,A628
att,A23,A396
att,A26,A607
att,A26,A933
att,A26,A1385
att,A26,A1386
att,A26,A2216
att,A26,A832
att,A30,A1928
att,A30,A1642
att,A30,A1501
att,A30,A1635
att,A30,A1071
att,A33,A615
att,A33,A2494
att,A33,A517
att,A33,A2314
att,A33,A241
att,A33,A603
att,A33,A1355
att,A33,A1857
att,A33,A911
att,A33,A1514
att,A33,A974
att,A33,A1764
att,A33,A744
att,A33,A2506
att,A33,A1736
att,A33,A617
att,A33,A704
att,A35,A2386
att,A35,A2195
att,A35,A798
att,A35,A190
att,A35,A365
att,A38,A216
att,A38,A2219
att,A38,A1004
att,A38,A378
att,A38,A522
att,A38,A1230
att,A38,A430
att,A38,A521
att,A38,A2254
att,A38,A1719
att,A38,A1474
att,A38,A1132
att,A39,A949
att,A39,A824
att,A39,A1072
att,A39,A2286
att,A39,A253
att,A39,A439
att,A39,A2275
att,A39,A488
att,A39,A889
att,A39,A876
att,A39,A432
att,A39,A899
att,A39,A1104
att,A39,A2191
att,A39,A2005
att,A39,A1339
att,A39,A2471
att,A39,A789
att,A39,A1833
att,A39,A2389
att,A40,A2244
att,A40,A715
att,A40,A1617
att,A40,A1300
att,A40,A377
att,A40,A1286
att,A40,A300
att,A40,A1489
att,A40,A2226
att,A41,A1279
att,A41,A923
att,A41,A104
att,A41,A1377
att,A43,A2421
att,A43,A878
att,A43,A468
att,A43,A1352
att,A43,A1438
att,A43,A1808
att,A43,A665
att,A43,A1458
att,A43,A2382
att,A43,A1371
att,A43,A894
att,A43,A2343
att,A43,A844
att,A43,A1276
att,A43,A2142
att,A43,A1419
att,A43,A2573
att,A43,A1919
att,A45,A591
att,A45,A2458
att,A45,A806
att,A45,A2550
att,A46,A383
att,A46,A1889
att,A50,A1881
att,A50,A1676
att,A50,A472
att,A50,A440
att,A50,A1103
att,A51,A597
att,A51,A1075
att,A51,A1881
att,A51,A2510
att,A51,A1559
att,A51,A2452
att,A51,A1027
att,A51,A1946
att,A51,A2432
att,A51,A1097
att,A51,A144
att,A51,A417
att,A51,A544
att,A51,A418
att,A51,A540
att,A53,A943
att,A53,A1455
att,A53,A1935
att,A53,A2067
att,A53,A2503
att,A53,A1442
att,A53,A1811
att,A53,A1684
att,A53,A521
att,A53,A976
att,A53,A827
att,A53,A622
att,A53,A1492
att,A53,A576
att,A53,A845
att,A53,A70
att,A53,A1226
att,A53,A2382
att,A53,A149
att,A53,A2136
att,A53,A2450
att,A53,A574
att,A53,A146
att,A53,A2228
att,A54,A2347
att,A54,A2362
att,A54,A953
att,A54,A1364
att,A57,A746
att,A57,A459
att,A57,A2096
att,A57,A1299
att,A57,A1303
att,A57,A2120
att,A57,A2258
att,A57,A2346
att,A57,A936
att,A57,A431
att,A57,A278
att,A57,A618
att,A57,A1271
att,A57,A1461
att,A57,A198
att,A57,A135
att,A57,A1884
att,A57,A1302
att,A57,A4
att,A57,A742
att,A57,A2445
att,A57,A1800
att,A57,A282
att,A57,A971
att,A57,A725
att,A57,A2411
att,A57,A582
att,A57,A1448
att,A57,A1155
att,A58,A748
att,A58,A1091
att,A60,A2468
att,A60,A282
att,A60,A1875
att,A60,A2042
att,A66,A2340
att,A66,A1771
att,A66,A688
att,A66,A935
att,A67,A2004
att,A67,A284
att,A67,A165
att,A67,A435
att,A67,A2196
att,A67,A2405
att,A67,A230
att,A67,A1700
att,A68,A59
att,A68,A2221
att,A68,A1656
att,A68,A1189
att,A68,A2250
att,A68,A1403
att,A68,A751
att,A68,A814
att,A68,A2283
att,A68,A1725
att,A68,A1141
att,A68,A1222
att,A68,A717
att,A68,A547
att,A68,A120
att,A68,A2458
att,A68,A1839
att,A68,A252
att,A69,A1108
att,A69,A1339
att,A69,A2381
att,A69,A570
att,A69,A969
att,A69,A2400
att,A69,A1001
att,A70,A2176
att,A70,A657
att,A70,A1594
att,A70,A1730
att,A70,A1248
att,A70,A1110
att,A70,A1970
att,A70,A1026
att,A70,A164
att,A70,A1148
att,A70,A625
att,A70,A2164
att,A70,A1414
att,A70,A1149
att,A70,A940
att,A70,A239
att,A70,A1637
att,A70,A23
att,A70,A294
att,A70,A1156
att,A72,A684
att,A72,A1967
att,A72,A721
att,A72,A2300
att,A72,A914
att,A72,A321
att,A72,A650
att,A72,A581
att,A72,A1031
att,A72,A2378
att,A72,A1859
att,A72,A617
att,A72,A1684
att,A73,A767
att,A73,A147
att,A73,A1781
att,A73,A2220
att,A73,A1977
att,A73,A2391
att,A73,A40
att,A73,A2315
att,A73,A1051
att,A73,A1093
att,A73,A772
att,A73,A366
att,A73,A1463
att,A73,A1770
att,A73,A1346
att,A73,A1927
att,A73,A1481
att,A73,A2011
att,A73,A1282
att,A73,A1033
att,A73,A2387
att,A73,A2319
att,A73,A947
att,A73,A1621
att,A73,A1342
att,A75,A31
att,A75,A0
att,A75,A623
att,A75,A1610
att,A75,A1539
att,A75,A1210
att,A75,A604
att,A75,A145
att,A75,A2535
att,A75,A379
att,A75,A2376
att,A75,A2098
att,A77,A734
att,A77,A1870
att,A77,A1468
att,A77,A1618
att,A77,A679
att,A77,A1034
att,A77,A1773
att,A77,A2225
att,A77,A2154
att,A77,A1762
att,A77,A1148
att,A77,A2479
att,A77,A2177
att,A77,A1400
att,A77,A1019
att,A77,A1191
att,A77,A2013
att,A77,A1484
att,A77,A239
att,A77,A1914
att,A77,A784
att,A77,A848
att,A77,A426
att,A77,A615
att,A77,A1907
att,A77,A629
att,A77,A2204
att,A78,A2540
att,A78,A64
att,A78,A1923
att,A78,A2266
att,A78,A884
att,A78,A436
att,A78,A2202
att,A78,A622
att,A78,A410
att,A78,A341
att,A78,A986
att,A78,A322
att,A78,A1530
att,A78,A2112
att,A78,A1034
att,A78,A2305
att,A78,A671
att,A78,A314
att,A78,A1969
att,A78,A2348
att,A78,A1460
att,A78,A2343
att,A78,A208
att,A78,A1548
att,A78,A428
att,A80,A1009
att,A80,A695
att,A80,A1385
att,A83,A49
att,A83,A401
att,A83,A1533
att,A83,A92
att,A83,A2346
att,A83,A567
att,A83,A450
att,A83,A2599
att,A83,A2017
att,A83,A1269
att,A83,A2520
att,A83,A629
att,A83,A259
att,A83,A83
att,A84,A1372
att,A84,A1877
att,A84,A2127
att,A84,A908
att,A84,A648
att,A84,A2050
att,A84,A334
att,A84,A1182
att,A84,A428
att,A84,A2438
att,A84,A1285
att,A84,A1101
att,A84,A348
att,A84,A1060
att,A84,A1592
att,A84,A149
att,A84,A2222
att,A84,A966
att,A84,A1523
att,A84,A1027
att,A84,A2470
att,A84,A938
att,A84,A160
att,A86,A2119
att,A86,A854
att,A86,A59
att,A86,A228
att,A86,A1487
att,A86,A20
att,A86,A2571
att,A86,A2416
att,A86,A99
att,A86,A388
att,A86,A1823
att,A86,A1324
att,A86,A851
att,A87,A2082
att,A87,A790
att,A87,A1085
att,A87,A1947
att,A87,A2402
att,A87,A1371
att,A87,A2153
att,A87,A1014
att,A87,A1239
att,A87,A302
att,A87,A1257
att,A87,A1662
att,A87,A295
att,A87,A720
att,A87,A2000
att,A87,A454
att,A87,A2226
att,A87,A273
att,A87,A2546
att,A87,A721
att,A87,A631
att,A87,A2039
att,A87,A1025
att,A87,A1474
att,A87,A2060
att,A87,A895
att,A87,A694
att,A89,A367
att,A89,A2066
att,A89,A293
att,A89,A1864
att,A89,A2092
att,A89,A333
att,A89,A2493
att,A89,A625
att,A89,A1260
att,A89,A182
att,A89,A1160
att,A89,A1831
att,A90,A1736
att,A90,A28
att,A90,A566
att,A90,A984
att,A90,A1251
att,A90,A837
att,A90,A568
att,A92,A1430
att,A92,A491
att,A92,A863
att,A92,A1701
att,A92,A1007
att,A92,A1879
att,A92,A900
att,A92,A1876
att,A92,A2571
att,A92,A2312
att,A92,A2305
att,A92,A1476
att,A92,A1478
att,A92,A2280
att,A92,A918
att,A94,A1678
att,A94,A894
att,A94,A817
att,A94,A1392
att,A95,A274
att,A95,A1574
att,A96,A2490
att,A96,A1141
att,A96,A2590
att,A96,A2174
att,A96,A1124
att,A96,A1155
att,A96,A1101
att,A96,A824
att,A96,A2542
att,A96,A281
att,A98,A1083
att,A98,A1469
att,A98,A2441
att,A98,A656
att,A98,A1233
att,A98,A577
att,A98,A2456
att,A98,A976
att,A98,A1354
att,A98,A1918
att,A98,A1983
att,A98,A2010
att,A99,A1199
att,A99,A283
att,A99,A2442
att,A99,A1607
att,A99,A1639
att,A99,A1130
att,A99,A1198
att,A99,A793
att,A99,A536
att,A99,A2128
att,A100,A1587
att,A100,A1167
att,A100,A1775
att,A100,A1808
att,A100,A2182
att,A100,A190
att,A100,A243
att,A100,A5
att,A100,A2500
att,A102,A1818
att,A102,A168
att,A102,A593
att,A102,A1575
att,A102,A1001
att,A102,A974
att,A102,A1962
att,A102,A1362
att,A102,A438
att,A102,A1709
att,A102,A190
att,A102,A2366
att,A102,A1010
att,A102,A1155
att,A102,A1270
att,A102,A368
att,A102,A1960
att,A102,A1025
att,A104,A660
att,A104,A1470
att,A104,A333
att,A104,A1971
att,A104,A2128
att,A104,A2441
att,A104,A1504
att,A104,A1402
att,A104,A1391
att,A104,A2001
att,A104,A1030
att,A104,A329
att,A104,A730
att,A104,A925
att,A104,A310
att,A104,A2288
att,A104,A662
att,A104,A1676
att,A104,A2087
att,A112,A84
att,A113,A616
att,A113,A1427
att,A113,A1115
att,A113,A108
att,A115,A1432
att,A115,A2409
att,A115,A789
att,A115,A2578
att,A115,A500
att,A115,A282
att,A115,A168
att,A115,A499
att,A115,A1709
att,A115,A2315
att,A115,A2271
att,A115,A288
att,A115,A23
att,A115,A424
att,A115,A2360
att,A115,A1354
att,A115,A1108
att,A115,A135
att,A115,A427
att,A115,A775
att,A115,A506
att,A115,A2261
att,A115,A566
att,A116,A1707
att,A116,A741
att,A116,A879
att,A116,A1726
att,A116,A1284
att,A116,A1035
att,A116,A1027
att,A116,A396
att,A116,A871
att,A116,A1290
att,A116,A1263
att,A116,A780
att,A116,A808
att,A116,A450
att,A116,A2140
att,A116,A1275
att,A116,A2079
att,A116,A1749
att,A116,A2589
att,A116,A1397
att,A116,A1617
att,A116,A631
att,A117,A180
att,A117,A2264
att,A117,A944
att,A117,A1009
att,A117,A1179
att,A117,A584
att,A117,A2284
att,A117,A1209
att,A117,A2272
att,A117,A2276
att,A117,A127
att,A117,A423
att,A117,A427
att,A117,A492
att,A117,A2054
att,A117,A463
att,A117,A530
att,A117,A1988
att,A117,A1956
att,A117,A1862
att,A117,A494
att,A117,A1170
att,A117,A1762
att,A118,A2132
att,A118,A822
att,A118,A50
att,A118,A110
att,A119,A2264
att,A119,A1042
att,A119,A544
att,A119,A871
att,A119,A687
att,A119,A2334
att,A119,A2077
att,A119,A185
att,A119,A92
att,A119,A836
att,A119,A1477
att,A119,A1853
att,A119,A1047
att,A119,A761
att,A119,A2472
att,A119,A1063
att,A119,A425
att,A119,A1621
att,A125,A2020
att,A125,A2549
att,A125,A2360
att,A125,A654
att,A125,A1786
att,A125,A1008
att,A125,A1180
att,A125,A1875
att,A125,A2502
att,A125,A254
att,A125,A120
att,A125,A84
att,A125,A1765
att,A125,A2086
att,A131,A1958
att,A131,A706
att,A131,A1727
att,A131,A1083
att,A131,A1019
att,A131,A1132
att,A131,A559
att,A131,A1750
att,A131,A77
att,A131,A349
att,A131,A2017
att,A131,A990
att,A131,A1030
att,A131,A1665
att,A131,A723
att,A131,A2482
att,A131,A1211
att,A131,A1501
att,A131,A2348
att,A131,A505
att,A131,A1123
att,A131,A1462
att,A131,A313
att,A131,A1278
att,A131,A397
att,A131,A2289
att,A131,A644
att,A133,A696
att,A133,A1166
att,A133,A1687
att,A133,A2030
att,A133,A1859
att,A133,A401
att,A133,A1926
att,A133,A64
att,A133,A1951
att,A133,A1063
att,A133,A951
att,A133,A317
att,A133,A1587
att,A133,A2439
att,A133,A1628
att,A134,A469
att,A134,A1836
att,A134,A1770
att,A134,A1243
att,A134,A686
att,A134,A1322
att,A134,A1647
att,A134,A858
att,A134,A2547
att,A134,A2405
att,A134,A1567
att,A134,A1680
att,A134,A2105
att,A134,A946
att,A134,A2562
att,A134,A1438
att,A134,A93
att,A134,A1940
att,A134,A191
att,A134,A383
att,A134,A2559
att,A134,A1929
att,A135,A2523
att,A135,A57
att,A135,A2333
att,A139,A961
att,A139,A226
att,A139,A1774
att,A139,A2458
att,A139,A2407
att,A139,A846
att,A139,A349
att,A139,A1895
att,A139,A2413
att,A139,A2439
att,A139,A579
att,A139,A1169
att,A139,A123
att,A141,A2356
att,A141,A1282
att,A141,A1361
att,A141,A2362
att,A141,A1875
att,A141,A15
att,A141,A1876
att,A141,A934
att,A141,A579
att,A141,A1542
att,A141,A2300
att,A141,A2429
att,A141,A253
att,A141,A654
att,A141,A2361
att,A141,A2133
att,A142,A1885
att,A142,A910
att,A142,A2349
att,A142,A1770
att,A142,A1400
att,A142,A360
att,A142,A808
att,A146,A2108
att,A146,A445
att,A146,A1507
att,A146,A1647
att,A146,A1401
att,A146,A16
att,A146,A1697
att,A146,A2194
att,A146,A116
att,A146,A186
att,A146,A254
att,A146,A1336
att,A146,A2255
att,A146,A786
att,A146,A265
att,A146,A129
att,A146,A268
att,A146,A2443
att,A148,A1486
att,A148,A1812
att,A148,A1224
att,A148,A1436
att,A148,A2069
att,A148,A1869
att,A148,A1329
att,A148,A744
att,A148,A1222
att,A148,A489
att,A148,A1797
att,A148,A1261
att,A148,A1025
att,A148,A2142
att,A148,A1363
att,A148,A1120
att,A148,A2249
att,A151,A1589
att,A151,A2095
att,A151,A248
att,A151,A706
att,A151,A1608
att,A151,A12
att,A151,A1066
att,A151,A2261
att,A151,A492
att,A151,A808
att,A151,A177
att,A151,A1428
att,A151,A11
att,A151,A1694
att,A151,A2432
att,A151,A664
att,A151,A2075
att,A151,A897
att,A151,A1742
att,A151,A1413
att,A151,A1531
att,A151,A2199
att,A151,A1861
att,A152,A193
att,A152,A2199
att,A152,A932
att,A152,A337
att,A152,A2451
att,A152,A1369
att,A152,A2230
att,A152,A51
att,A152,A1415
att,A152,A1784
att,A154,A1609
att,A154,A717
att,A154,A542
att,A154,A2029
att,A154,A2548
att,A154,A2543
att,A154,A2478
att,A154,A112
att,A154,A2528
att,A154,A1842
att,A154,A1589
att,A154,A912
att,A154,A1826
att,A154,A2112
att,A156,A1036
att,A156,A1338
att,A160,A328
att,A160,A1555
att,A160,A2497
att,A160,A2303
att,A160,A551
att,A160,A2596
att,A160,A2088
att,A160,A270
att,A163,A1152
att,A163,A29
att,A163,A1344
att,A163,A1700
att,A163,A1728
att,A163,A1525
att,A163,A280
att,A163,A2560
att,A163,A1891
att,A163,A1356
att,A163,A1812
att,A163,A354
att,A163,A162
att,A163,A1182
att,A163,A2457
att,A163,A86
att,A163,A2055
att,A163,A2527
att,A163,A2165
att,A163,A1346
att,A163,A302
att,A163,A1099
att,A163,A2141
att,A163,A863
att,A163,A1949
att,A163,A5
att,A164,A1221
att,A164,A1061
att,A164,A1990
att,A164,A2079
att,A164,A511
att,A164,A114
att,A164,A622
att,A164,A1856
att,A164,A20
att,A169,A101
att,A170,A2207
att,A170,A1594
att,A170,A2403
att,A170,A337
att,A170,A2468
att,A171,A1268
att,A171,A455
att,A171,A390
att,A171,A1667
att,A171,A2507
att,A171,A1427
att,A171,A1785
att,A171,A1746
att,A171,A707
att,A171,A1986
att,A171,A1114
att,A171,A1717
att,A171,A2591
att,A171,A2288
att,A171,A458
att,A171,A1119
att,A171,A429
att,A171,A1790
att,A175,A2434
att,A175,A1233
att,A175,A766
att,A175,A196
att,A175,A2343
att,A175,A208
att,A175,A1123
att,A175,A2088
att,A175,A2443
att,A175,A2186
att,A175,A2130
att,A175,A1287
att,A175,A1490
att,A175,A1135
att,A175,A80
att,A175,A937
att,A175,A2201
att,A175,A21
att,A175,A140
att,A176,A1264
att,A176,A2158
att,A176,A1534
att,A176,A224
att,A176,A495
att,A176,A2085
att,A176,A1459
att,A176,A1116
att,A176,A1162
att,A176,A1454
att,A176,A1229
att,A176,A717
att,A176,A2282
att,A176,A2344
att,A176,A1592
att,A177,A538
att,A179,A2555
att,A179,A2166
att,A179,A952
att,A179,A2552
att,A184,A186
att,A185,A1796
att,A185,A1968
att,A185,A53
att,A185,A2241
att,A185,A2527
att,A185,A1383
att,A185,A1024
att,A185,A305
att,A185,A1987
att,A185,A2293
att,A185,A2008
att,A185,A2534
att,A185,A2310
att,A185,A2378
att,A185,A437
att,A185,A20
att,A185,A2370
att,A185,A1788
att,A187,A2329
att,A187,A827
att,A187,A349
att,A187,A2533
att,A187,A1446
att,A187,A2246
att,A187,A891
att,A187,A1037
att,A187,A864
att,A187,A788
att,A187,A828
att,A187,A460
att,A187,A2065
att,A187,A143
att,A187,A430
att,A187,A1927
att,A187,A1401
att,A187,A1462
att,A187,A1273
att,A188,A1512
att,A188,A524
att,A188,A2256
att,A188,A2233
att,A188,A2162
att,A188,A305
att,A188,A1137
att,A188,A2598
att,A188,A463
att,A188,A1398
att,A188,A2206
att,A188,A1087
att,A188,A614
att,A188,A583
att,A188,A1775
att,A189,A1360
att,A189,A853
att,A189,A1187
att,A189,A752
att,A189,A1615
att,A189,A761
att,A189,A87
att,A189,A1147
att,A189,A1603
att,A189,A574
att,A189,A1788
att,A189,A1120
att,A189,A211
att,A189,A394
att,A189,A2461
att,A189,A2282
att,A189,A2398
att,A189,A1572
att,A189,A2464
att,A189,A2038
att,A189,A2436
att,A192,A285
att,A192,A2453
att,A192,A245
att,A192,A1540
att,A192,A2490
att,A192,A1711
att,A192,A2357
att,A193,A1578
att,A193,A2513
att,A193,A1232
att,A193,A370
att,A193,A2173
att,A193,A1406
att,A193,A574
att,A193,A603
att,A193,A1850
att,A193,A1613
att,A193,A2259
att,A193,A2340
att,A193,A1051
att,A193,A437
att,A193,A1615
att,A193,A1659
att,A193,A513
att,A193,A1310
att,A193,A2171
att,A193,A176
att,A193,A677
att,A193,A539
att,A193,A591
att,A193,A760
att,A195,A1542
att,A195,A1067
att,A195,A917
att,A195,A157
att,A195,A1293
att,A198,A2251
att,A198,A989
att,A198,A1004
att,A198,A2555
att,A198,A2041
att,A198,A2082
att,A198,A2163
att,A198,A2383
att,A198,A2000
att,A198,A1632
att,A198,A1382
att,A198,A426
att,A198,A1262
att,A198,A1373
att,A198,A2506
att,A198,A1162
att,A198,A787
att,A198,A1112
att,A198,A2553
att,A198,A1103
att,A198,A518
att,A198,A1040
att,A198,A1533
att,A198,A1057
att,A203,A1454
att,A203,A1002
att,A204,A1608
att,A204,A834
att,A204,A1369
att,A204,A491
att,A204,A957
att,A204,A2039
att,A204,A828
att,A204,A156
att,A204,A2057
att,A204,A447
att,A204,A295
att,A204,A104
att,A204,A2338
att,A204,A1792
att,A205,A494
att,A205,A840
att,A205,A713
att,A205,A655
att,A205,A2454
att,A205,A366
att,A205,A380
att,A205,A1569
att,A205,A860
att,A205,A1699
att,A205,A2509
att,A206,A613
att,A206,A1490
att,A206,A1210
att,A206,A2461
att,A206,A241
att,A206,A1434
att,A206,A365
att,A207,A1968
att,A207,A453
att,A207,A501
att,A207,A1848
att,A207,A675
att,A207,A45
att,A207,A2589
att,A207,A256
att,A207,A575
att,A208,A1943
att,A208,A192
att,A208,A184
att,A208,A400
att,A208,A2463
att,A208,A1482
att,A208,A2040
att,A208,A955
att,A208,A1906
att,A208,A138
att,A208,A1088
att,A208,A1532
att,A208,A275
att,A208,A694
att,A208,A2387
att,A208,A1553
att,A208,A2201
att,A208,A2486
att,A208,A2419
att,A208,A1652
att,A208,A660
att,A208,A252
att,A208,A947
att,A208,A1805
att,A208,A618
att,A209,A107
att,A209,A1239
att,A209,A1478
att,A209,A1042
att,A209,A282
att,A209,A1230
att,A209,A1372
att,A209,A1231
att,A209,A21
att,A209,A2098
att,A209,A844
att,A209,A1898
att,A209,A508
att,A210,A1246
att,A210,A342
att,A210,A2569
att,A210,A1478
att,A210,A145
att,A210,A632
att,A210,A1652
att,A210,A42
att,A210,A2156
att,A211,A429
att,A211,A89
att,A212,A1287
att,A212,A1065
att,A212,A2411
att,A212,A1564
att,A212,A1602
att,A212,A2071
att,A212,A2274
att,A212,A1002
att,A212,A534
att,A212,A873
att,A212,A843
att,A212,A880
att,A212,A409
att,A212,A870
att,A212,A719
att,A215,A1984
att,A215,A1234
att,A215,A992
att,A215,A2323
att,A215,A2337
att,A220,A2516
att,A220,A917
att,A220,A1161
att,A220,A1224
att,A220,A2308
att,A220,A2124
att,A220,A1694
att,A220,A1843
att,A220,A753
att,A220,A2140
att,A220,A1247
att,A220,A2381
att,A220,A1725
att,A220,A2551
att,A220,A1704
att,A220,A161
att,A220,A539
att,A220,A567
att,A220,A2413
att,A220,A26
att,A220,A1776
att,A220,A319
att,A220,A721
att,A220,A1340
att,A221,A2489
att,A221,A1709
att,A221,A1823
att,A221,A609
att,A221,A2065
att,A221,A1576
att,A221,A2528
att,A221,A327
att,A221,A959
att,A221,A1075
att,A221,A1177
att,A221,A2288
att,A221,A2516
att,A221,A1457
att,A221,A1301
att,A221,A1952
att,A221,A2237
att,A221,A893
att,A221,A1699
att,A221,A1513
att,A221,A2134
att,A221,A1696
att,A223,A170
att,A223,A1781
att,A223,A505
att,A223,A2108
att,A223,A2021
att,A223,A982
att,A223,A1766
att,A223,A764
att,A229,A355
att,A229,A1670
att,A229,A1815
att,A230,A1384
att,A230,A1142
att,A231,A1703
att,A231,A872
att,A231,A1718
att,A231,A1418
att,A231,A1956
att,A231,A2566
att,A231,A1152
att,A231,A1958
att,A231,A1414
att,A231,A1818
att,A231,A1240
att,A231,A1207
att,A231,A751
att,A231,A2055
att,A231,A2196
att,A231,A1427
att,A231,A952
att,A231,A1709
att,A231,A1315
att,A231,A599
att,A231,A1710
att,A231,A2384
att,A232,A2063
att,A232,A1504
att,A232,A268
att,A232,A2593
att,A232,A1642
att,A232,A694
att,A232,A2308
att,A232,A751
att,A232,A2227
att,A232,A780
att,A232,A1630
att,A232,A1245
att,A232,A2396
att,A232,A240
att,A232,A1681
att,A232,A854
att,A237,A1885
att,A237,A2497
att,A237,A2503
att,A237,A110
att,A237,A2558
att,A237,A212
att,A237,A1828
att,A237,A1363
att,A237,A2593
att,A237,A1781
att,A237,A2090
att,A237,A521
att,A237,A1935
att,A237,A1913
att,A237,A2264
att,A237,A2466
att,A237,A1286
att,A237,A2342
att,A237,A1798
att,A237,A860
att,A237,A43
att,A237,A878
att,A237,A1594
att,A237,A2468
att,A237,A2316
att,A237,A102
att,A237,A1525
att,A238,A674
att,A238,A1900
att,A238,A2171
att,A239,A1252
att,A239,A1271
att,A239,A1997
att,A239,A2172
att,A239,A1150
att,A239,A1064
att,A239,A1845
att,A239,A2598
att,A239,A1315
att,A239,A641
att,A239,A2574
att,A239,A1487
att,A239,A2252
att,A241,A2507
att,A242,A496
att,A242,A2436
att,A242,A2557
att,A242,A2243
att,A242,A1545
att,A242,A1638
att,A242,A2305
att,A245,A535
att,A245,A1765
att,A245,A1712
att,A245,A308
att,A245,A1158
att,A245,A483
att,A245,A1174
att,A245,A1841
att,A245,A222
att,A245,A2031
att,A245,A2227
att,A245,A833
att,A245,A1803
att,A245,A706
att,A245,A253
att,A245,A1617
att,A245,A54
att,A245,A778
att,A245,A2389
att,A245,A896
att,A245,A952
att,A245,A2329
att,A246,A474
att,A246,A2159
att,A246,A2491
att,A246,A919
att,A246,A995
att,A246,A1347
att,A246,A1088
att,A246,A2383
att,A246,A29
att,A246,A2184
att,A246,A1319
att,A246,A1068
att,A246,A381
att,A246,A1093
att,A246,A1177
att,A248,A2283
att,A248,A1536
att,A248,A2447
att,A248,A745
att,A248,A517
att,A248,A1896
att,A248,A1184
att,A248,A2385
att,A248,A643
att,A248,A844
att,A251,A2558
att,A251,A2183
att,A251,A2360
att,A251,A1149
att,A251,A1695
att,A252,A2076
att,A252,A1672
att,A252,A1900
att,A252,A531
att,A252,A508
att,A252,A363
att,A252,A2509
att,A252,A1748
att,A252,A383
att,A252,A639
att,A252,A1384
att,A253,A305
att,A253,A1164
att,A254,A34
att,A254,A210
att,A254,A1024
att,A254,A258
att,A254,A1471
att,A254,A761
att,A254,A2539
att,A254,A1659
att,A254,A1113
att,A254,A697
att,A254,A1028
att,A254,A645
att,A254,A705
att,A254,A1814
att,A254,A1575
att,A254,A137
att,A254,A2430
att,A254,A370
att,A254,A2295
att,A254,A747
att,A254,A1927
att,A254,A410
att,A256,A15
att,A256,A536
att,A256,A1361
att,A256,A1997
att,A256,A1896
att,A256,A2017
att,A256,A1174
att,A256,A1386
att,A256,A232
att,A256,A20
att,A256,A998
att,A256,A2520
att,A256,A1610
att,A256,A2386
att,A256,A1533
att,A256,A1290
att,A256,A1421
att,A256,A721
att,A256,A1211
att,A256,A2488
att,A256,A1246
att,A256,A0
att,A258,A2506
att,A258,A260
att,A258,A1793
att,A258,A1145
att,A258,A2180
att,A258,A404
att,A259,A335
att,A259,A688
att,A259,A1876
att,A259,A1114
att,A259,A544
att,A259,A1747
att,A259,A2325
att,A262,A95
att,A262,A787
att,A262,A1431
att,A262,A2219
att,A262,A1893
att,A262,A1101
att,A262,A1099
att,A262,A422
att,A262,A598
att,A262,A479
att,A262,A1411
att,A262,A1683
att,A262,A1766
att,A262,A218
att,A262,A2322
att,A262,A548
att,A262,A1519
att,A262,A2529
att,A262,A1011
att,A262,A2197
att,A262,A2459
att,A262,A852
att,A262,A413
att,A268,A349
att,A268,A4
att,A268,A299
att,A268,A232
att,A268,A1436
att,A268,A502
att,A268,A1087
att,A268,A760
att,A268,A679
att,A268,A1895
att,A268,A700
att,A268,A1951
att,A268,A2448
att,A269,A1332
att,A269,A2480
att,A269,A2408
att,A269,A153
att,A269,A497
att,A269,A1936
att,A269,A1759
att,A269,A1113
att,A269,A2031
att,A269,A907
att,A270,A756
att,A270,A1770
att,A270,A256
att,A270,A2429
att,A270,A1621
att,A270,A383
att,A270,A1828
att,A270,A1460
att,A270,A826
att,A270,A2195
att,A270,A902
att,A270,A1539
att,A271,A267
att,A271,A1430
att,A271,A2476
att,A271,A1716
att,A271,A2334
att,A271,A235
att,A271,A2431
att,A271,A1630
att,A271,A1929
att,A271,A28
att,A271,A270
att,A271,A866
att,A271,A2261
att,A271,A1022
att,A271,A2543
att,A271,A308
att,A271,A1678
att,A271,A1911
att,A271,A2464
att,A271,A1836
att,A271,A515
att,A271,A646
att,A271,A2481
att,A275,A1891
att,A275,A947
att,A275,A1372
att,A275,A582
att,A275,A633
att,A275,A1331
att,A275,A1097
att,A277,A1111
att,A277,A946
att,A277,A2471
att,A277,A2081
att,A277,A985
att,A277,A1910
att,A278,A2558
att,A280,A1030
att,A280,A300
att,A280,A1331
att,A280,A1653
att,A280,A2447
att,A280,A699
att,A280,A478
att,A280,A508
att,A280,A908
att,A280,A2216
att,A280,A2114
att,A280,A1218
att,A280,A1989
att,A280,A77
att,A280,A2150
att,A282,A1633
att,A282,A1676
att,A282,A224
att,A285,A1781
att,A285,A632
att,A285,A892
att,A285,A510
att,A285,A2295
att,A285,A1052
att,A285,A2145
att,A285,A2321
att,A285,A947
att,A285,A1780
att,A285,A729
att,A285,A2151
att,A285,A541
att,A285,A1299
att,A285,A836
att,A285,A2487
att,A285,A1016
att,A285,A745
att,A286,A2021
att,A286,A205
att,A286,A823
att,A286,A397
att,A286,A2398
att,A286,A1262
att,A286,A1766
att,A286,A1000
att,A286,A2379
att,A286,A1649
att,A286,A1904
att,A286,A793
att,A286,A1589
att,A286,A908
att,A286,A1529
att,A286,A408
att,A286,A1174
att,A286,A854
att,A286,A135
att,A286,A1347
att,A286,A1286
att,A287,A2596
att,A287,A1386
att,A287,A737
att,A287,A711
att,A287,A575
att,A287,A1932
att,A287,A652
att,A287,A819
att,A287,A1052
att,A287,A852
att,A287,A190
att,A287,A1569
att,A287,A614
att,A287,A861
att,A287,A1910
att,A287,A184
att,A287,A532
att,A287,A453
att,A287,A2555
att,A287,A2361
att,A287,A74
att,A287,A2254
att,A287,A677
att,A288,A53
att,A288,A112
att,A288,A1682
att,A288,A772
att,A288,A1147
att,A288,A1308
att,A289,A2276
att,A289,A951
att,A289,A400
att,A289,A1795
att,A289,A2224
att,A289,A1115
att,A289,A917
att,A289,A1280
att,A289,A2407
att,A289,A1886
att,A289,A2237
att,A289,A1363
att,A289,A637
att,A289,A1553
att,A289,A2290
att,A289,A160
att,A290,A1212
att,A290,A826
att,A290,A1300
att,A290,A2334
att,A290,A143
att,A290,A2110
att,A290,A1421
att,A290,A1134
att,A290,A2022
att,A290,A1232
att,A290,A357
att,A290,A1318
att,A290,A237
att,A290,A2227
att,A290,A2593
att,A290,A869
att,A290,A1250
att,A290,A1182
att,A290,A1074
att,A290,A363
att,A290,A1053
att,A290,A574
att,A290,A2353
att,A290,A683
att,A290,A63
att,A290,A458
att,A292,A1472
att,A292,A1146
att,A292,A702
att,A292,A335
att,A292,A1761
att,A292,A2466
att,A292,A759
att,A292,A2015
att,A292,A880
att,A292,A852
att,A292,A239
att,A292,A590
att,A292,A729
att,A292,A1540
att,A292,A2289
att,A292,A567
att,A292,A121
att,A293,A1191
att,A293,A1585
att,A293,A781
att,A293,A686
att,A293,A330
att,A293,A203
att,A293,A1282
att,A293,A1481
att,A293,A498
att,A293,A2053
att,A293,A2413
att,A293,A2497
att,A293,A2093
att,A293,A2150
att,A299,A335
att,A299,A1341
att,A299,A794
att,A299,A569
att,A299,A744
att,A299,A838
att,A299,A479
att,A300,A235
att,A300,A1960
att,A300,A578
att,A300,A49
att,A300,A2286
att,A300,A1502
att,A300,A2218
att,A300,A758
att,A300,A1373
att,A300,A2082
att,A300,A2291
att,A300,A741
att,A300,A398
att,A300,A444
att,A300,A1644
att,A300,A193
att,A300,A1978
att,A300,A1166
att,A302,A1377
att,A302,A1916
att,A302,A852
att,A302,A812
att,A302,A2465
att,A302,A389
att,A302,A1958
att,A302,A2008
att,A305,A10
att,A305,A2404
att,A305,A194
att,A305,A1817
att,A305,A2026
att,A305,A995
att,A305,A1579
att,A305,A2178
att,A305,A1966
att,A305,A1008
att,A305,A1590
att,A305,A483
att,A305,A1758
att,A305,A2513
att,A305,A323
att,A305,A515
att,A305,A1195
att,A305,A1629
att,A305,A2312
att,A305,A2573
att,A305,A606
att,A305,A1483
att,A305,A909
att,A305,A2579
att,A305,A2515
att,A305,A1287
att,A305,A378
att,A305,A560
att,A306,A13
att,A306,A1324
att,A306,A2399
att,A306,A645
att,A306,A282
att,A306,A2295
att,A306,A2363
att,A306,A190
att,A307,A1023
att,A307,A2584
att,A307,A2331
att,A307,A487
att,A307,A208
att,A307,A1344
att,A307,A2110
att,A307,A1649
att,A307,A1881
att,A307,A2207
att,A307,A343
att,A307,A1588
att,A307,A2198
att,A307,A119
att,A308,A1129
att,A308,A240
att,A308,A2279
att,A308,A1377
att,A308,A1421
att,A308,A1720
att,A308,A1222
att,A308,A363
att,A308,A764
att,A308,A1921
att,A308,A160
att,A308,A1177
att,A308,A1673
att,A308,A1838
att,A308,A1328
att,A308,A2161
att,A308,A2554
att,A308,A521
att,A308,A1479
att,A310,A2025
att,A310,A1501
att,A310,A879
att,A310,A1611
att,A310,A1861
att,A315,A1441
att,A315,A994
att,A315,A865
att,A315,A2140
att,A315,A1261
att,A315,A371
att,A315,A1698
att,A316,A222
att,A316,A2518
att,A316,A2273
att,A316,A1677
att,A316,A522
att,A316,A732
att,A316,A2200
att,A317,A291
att,A317,A1931
att,A317,A695
att,A317,A1639
att,A317,A846
att,A318,A1951
att,A318,A10
att,A318,A2049
att,A318,A2155
att,A318,A1778
att,A318,A604
att,A318,A1054
att,A318,A955
att,A318,A1730
att,A318,A341
att,A318,A2379
att,A318,A1211
att,A318,A894
att,A318,A2492
att,A318,A1301
att,A318,A148
att,A318,A48
att,A318,A2342
att,A318,A2142
att,A318,A765
att,A318,A2499
att,A318,A1854
att,A318,A1340
att,A318,A1550
att,A318,A15
att,A318,A1792
att,A319,A513
att,A319,A1788
att,A319,A1595
att,A319,A2458
att,A319,A2186
att,A319,A1869
att,A319,A2235
att,A319,A1898
att,A319,A189
att,A319,A1396
att,A319,A1669
att,A319,A2079
att,A321,A1482
att,A321,A1784
att,A321,A1843
att,A321,A1009
att,A321,A1546
att,A321,A223
att,A321,A2154
att,A321,A1199
att,A321,A272
att,A321,A833
att,A321,A2369
att,A321,A1926
att,A322,A1534
att,A322,A409
att,A322,A1903
att,A322,A1347
att,A322,A857
att,A322,A1318
att,A322,A1311
att,A322,A1346
att,A322,A418
att,A322,A2082
att,A322,A2105
att,A322,A2372
att,A322,A1122
att,A322,A2024
att,A322,A597
att,A322,A309
att,A322,A641
att,A322,A779
att,A322,A2477
att,A322,A360
att,A324,A2010
att,A324,A206
att,A324,A2324
att,A324,A2078
att,A324,A1604
att,A324,A1076
att,A328,A1347
att,A328,A1392
att,A328,A1892
att,A328,A2195
att,A328,A2041
att,A328,A543
att,A328,A232
att,A328,A2399
att,A328,A1686
att,A328,A803
att,A328,A1477
att,A328,A1205
att,A329,A1518
att,A329,A2355
att,A329,A2219
att,A329,A2436
att,A329,A1902
att,A330,A975
att,A330,A1095
att,A330,A2174
att,A330,A2309
att,A330,A1510
att,A330,A2203
att,A330,A313
att,A331,A1915
att,A331,A1567
att,A332,A2450
att,A332,A1070
att,A332,A1193
att,A332,A357
att,A332,A1594
att,A332,A1483
att,A332,A450
att,A332,A2153
att,A332,A2485
att,A334,A2205
att,A334,A1500
att,A334,A420
att,A334,A764
att,A334,A1769
att,A334,A2309
att,A334,A1986
att,A334,A1578
att,A337,A2185
att,A337,A1906
att,A337,A966
att,A337,A1625
att,A337,A1359
att,A337,A2206
att,A337,A1705
att,A337,A1607
att,A337,A1935
att,A337,A2286
att,A337,A2345
att,A337,A1287
att,A337,A916
att,A339,A742
att,A339,A2356
att,A339,A286
att,A339,A2157
att,A339,A877
att,A339,A1750
att,A340,A1250
att,A340,A1763
att,A340,A687
att,A340,A2379
att,A340,A524
att,A340,A1569
att,A340,A275
att,A340,A2309
att,A340,A1680
att,A341,A2091
att,A341,A1882
att,A341,A2141
att,A341,A1974
att,A341,A2084
att,A341,A1915
att,A341,A1764
att,A341,A20
att,A341,A1850
att,A341,A219
att,A341,A1336
att,A341,A495
att,A341,A507
att,A341,A533
att,A343,A1206
att,A343,A1932
att,A343,A1454
att,A343,A2042
att,A346,A182
att,A346,A383
att,A346,A1845
att,A346,A379
att,A346,A758
att,A346,A728
att,A350,A284
att,A350,A2211
att,A350,A1880
att,A350,A445
att,A350,A730
att,A350,A1017
att,A350,A1275
att,A350,A948
att,A350,A1069
att,A350,A1214
att,A350,A1902
att,A350,A2288
att,A350,A1119
att,A350,A712
att,A350,A1842
att,A350,A1564
att,A350,A925
att,A350,A1982
att,A350,A722
att,A350,A217
att,A350,A1764
att,A350,A1206
att,A353,A2583
att,A353,A1042
att,A353,A2178
att,A353,A361
att,A353,A1858
att,A353,A1498
att,A353,A247
att,A353,A36
att,A353,A2172
att,A353,A467
att,A353,A1748
att,A354,A1018
att,A354,A468
att,A354,A520
att,A354,A434
att,A354,A1008
att,A354,A1592
att,A354,A1605
att,A354,A2508
att,A354,A764
att,A354,A845
att,A354,A2350
att,A354,A1415
att,A354,A839
att,A354,A2336
att,A354,A1266
att,A354,A454
att,A354,A1344
att,A354,A873
att,A354,A1660
att,A354,A1665
att,A354,A1695
att,A354,A301
att,A354,A1195
att,A354,A1831
att,A354,A2055
att,A356,A1037
att,A356,A1468
att,A356,A1574
att,A356,A1415
att,A356,A2078
att,A356,A284
att,A356,A1110
att,A356,A2066
att,A356,A2201
att,A356,A1868
att,A356,A2305
att,A356,A575
att,A356,A545
att,A356,A737
att,A356,A800
att,A356,A843
att,A356,A24
att,A357,A2452
att,A357,A1868
att,A357,A1020
att,A360,A1860
att,A360,A1276
att,A360,A1664
att,A360,A358
att,A360,A1171
att,A360,A902
att,A360,A92
att,A360,A169
att,A362,A687
att,A362,A1550
att,A362,A1781
att,A362,A2125
att,A362,A826
att,A362,A473
att,A362,A910
att,A362,A36
att,A364,A1842
att,A364,A1088
att,A364,A1023
att,A364,A2418
att,A364,A792
att,A364,A759
att,A364,A1593
att,A364,A921
att,A364,A1396
att,A364,A1174
att,A364,A529
att,A364,A1605
att,A364,A1005
att,A364,A773
att,A364,A1136
att,A364,A137
att,A364,A588
att,A364,A77
att,A364,A1363
att,A367,A1432
att,A367,A1966
att,A367,A378
att,A371,A2257
att,A371,A2137
att,A371,A1085
att,A371,A2339
att,A371,A1280
att,A371,A2299
att,A371,A1799
att,A371,A2178
att,A371,A1922
att,A371,A42
att,A373,A47
att,A373,A1781
att,A373,A2219
att,A373,A678
att,A373,A342
att,A373,A477
att,A373,A1131
att,A373,A1342
att,A373,A273
att,A373,A189
att,A373,A2237
att,A373,A1930
att,A373,A100
att,A373,A185
att,A373,A1038
att,A373,A748
att,A373,A1810
att,A373,A2019
att,A373,A2339
att,A373,A2064
att,A373,A1108
att,A373,A459
att,A373,A229
att,A373,A2526
att,A375,A2158
att,A375,A1448
att,A375,A1215
att,A375,A1195
att,A375,A2486
att,A375,A2065
att,A375,A1642
att,A375,A149
att,A375,A1872
att,A375,A2001
att,A375,A101
att,A375,A15
att,A375,A1152
att,A375,A974
att,A375,A2167
att,A375,A0
att,A375,A1291
att,A375,A1398
att,A375,A2133
att,A375,A1236
att,A376,A1026
att,A376,A1718
att,A376,A716
att,A376,A2061
att,A376,A315
att,A376,A1658
att,A376,A1290
att,A376,A2163
att,A376,A2483
att,A376,A455
att,A376,A474
att,A376,A43
att,A376,A2276
att,A376,A794
att,A376,A682
att,A376,A742
att,A376,A1657
att,A376,A2327
att,A376,A2256
att,A378,A809
att,A378,A2225
att,A380,A823
att,A380,A493
att,A380,A261
att,A381,A437
att,A381,A1139
att,A381,A1668
att,A381,A583
att,A381,A75
att,A381,A1941
att,A381,A890
att,A382,A1106
att,A382,A960
att,A382,A378
att,A382,A2436
att,A382,A1323
att,A383,A1885
att,A383,A788
att,A383,A1961
att,A383,A410
att,A383,A186
att,A383,A395
att,A383,A2575
att,A383,A1825
att,A385,A1775
att,A385,A1886
att,A385,A641
att,A385,A2386
att,A385,A733
att,A385,A943
att,A385,A990
att,A385,A1525
att,A385,A805
att,A385,A1334
att,A385,A261
att,A385,A2120
att,A386,A2170
att,A386,A2463
att,A386,A1964
att,A386,A1220
att,A386,A356
att,A386,A2292
att,A386,A1685
att,A386,A1251
att,A386,A641
att,A386,A2568
att,A386,A1624
att,A386,A1415
att,A386,A454
att,A387,A1765
att,A387,A739
att,A387,A789
att,A387,A414
att,A387,A2540
att,A387,A1517
att,A387,A12
att,A387,A2006
att,A387,A1959
att,A387,A1684
att,A387,A1430
att,A387,A740
att,A388,A210
att,A388,A1385
att,A388,A1279
att,A388,A1436
att,A388,A2036
att,A388,A527
att,A388,A1452
att,A388,A1984
att,A388,A1371
att,A388,A1791
att,A388,A2390
att,A388,A1775
att,A388,A2020
att,A388,A1012
att,A388,A1273
att,A388,A190
att,A388,A1970
att,A388,A2094
att,A388,A2011
att,A388,A1480
att,A388,A1682
att,A388,A127
att,A388,A2547
att,A388,A63
att,A388,A2228
att,A390,A2524
att,A390,A590
att,A390,A2416
att,A390,A299
att,A390,A2338
att,A390,A1323
att,A390,A1065
att,A390,A497
att,A390,A1971
att,A390,A1002
att,A390,A2271
att,A392,A2433
att,A392,A564
att,A392,A226
att,A392,A719
att,A392,A167
att,A392,A1921
att,A392,A583
att,A392,A2349
att,A392,A1656
att,A392,A28
att,A392,A731
att,A392,A1554
att,A392,A670
att,A394,A2422
att,A394,A1223
att,A394,A557
att,A394,A1882
att,A394,A2473
att,A394,A1729
att,A394,A684
att,A394,A1960
att,A394,A2285
att,A394,A567
att,A394,A822
att,A394,A1867
att,A394,A598
att,A394,A2131
att,A394,A131
att,A394,A1494
att,A394,A1652
att,A394,A1400
att,A394,A519
att,A394,A2350
att,A394,A1853
att,A394,A1381
att,A394,A2478
att,A394,A182
att,A394,A1
att,A395,A1911
att,A395,A269
att,A395,A2523
att,A395,A929
att,A399,A1709
att,A399,A2109
att,A399,A1643
att,A400,A2043
att,A400,A469
att,A400,A743
att,A400,A1072
att,A400,A39
att,A400,A861
att,A400,A2162
att,A400,A1746
att,A400,A637
att,A400,A1288
att,A400,A1851
att,A400,A1469
att,A401,A113
att,A401,A2541
att,A401,A744
att,A401,A2043
att,A401,A2451
att,A401,A1650
att,A402,A1171
att,A402,A574
att,A402,A841
att,A402,A960
att,A402,A1495
att,A402,A2165
att,A402,A2512
att,A402,A257
att,A402,A137
att,A402,A2133
att,A402,A1737
att,A402,A2236
att,A402,A1863
att,A402,A2366
att,A402,A2173
att,A402,A1363
att,A402,A2502
att,A404,A2192
att,A404,A876
att,A404,A2131
att,A404,A2045
att,A404,A1357
att,A404,A4
att,A404,A1767
att,A404,A2282
att,A404,A493
att,A404,A2197
att,A404,A2568
att,A404,A46
att,A404,A2274
att,A404,A249
att,A408,A1276
att,A408,A267
att,A408,A2143
att,A408,A778
att,A408,A952
att,A408,A907
att,A408,A1653
att,A408,A1740
att,A408,A1180
att,A408,A2343
att,A408,A217
att,A408,A2336
att,A408,A1840
att,A408,A301
att,A408,A716
att,A408,A390
att,A408,A2188
att,A408,A2016
att,A408,A1351
att,A408,A1299
att,A411,A1559
att,A411,A1181
att,A411,A734
att,A411,A930
att,A411,A1725
att,A411,A1151
att,A411,A1176
att,A411,A1903
att,A411,A2302
att,A411,A904
att,A411,A2017
att,A411,A22
att,A411,A2445
att,A411,A2384
att,A411,A2305
att,A411,A884
att,A411,A1948
att,A413,A384
att,A413,A2593
att,A413,A1388
att,A413,A493
att,A413,A2474
att,A413,A671
att,A413,A1430
att,A413,A215
att,A413,A689
att,A413,A976
att,A413,A276
att,A415,A166
att,A415,A2018
att,A415,A2299
att,A415,A609
att,A415,A2444
att,A415,A1162
att,A415,A1948
att,A415,A1450
att,A415,A2256
att,A415,A985
att,A415,A249
att,A415,A1229
att,A415,A2532
att,A415,A235
att,A415,A2259
att,A415,A2247
att,A416,A1686
att,A416,A268
att,A416,A689
att,A416,A1374
att,A416,A1545
att,A416,A938
att,A416,A837
att,A416,A1580
att,A416,A1031
att,A416,A1270
att,A416,A1427
att,A416,A1188
att,A416,A467
att,A416,A262
att,A416,A615
att,A416,A505
att,A416,A1725
att,A416,A724
att,A416,A1632
att,A421,A17
att,A421,A845
att,A422,A505
att,A422,A1156
att,A422,A1420
att,A423,A1444
att,A425,A245
att,A425,A237
att,A425,A1646
att,A425,A146
att,A425,A1852
att,A425,A189
att,A425,A2577
att,A425,A1319
att,A425,A1826
att,A425,A1491
att,A425,A2072
att,A425,A98
att,A425,A2531
att,A427,A2512
att,A427,A1901
att,A427,A681
att,A427,A2008
att,A427,A2517
att,A427,A824
att,A430,A1724
att,A430,A2210
att,A430,A416
att,A430,A620
att,A431,A1256
att,A431,A375
att,A431,A2075
att,A431,A2375
att,A431,A1332
att,A431,A1139
att,A431,A1018
att,A431,A1181
att,A431,A2094
att,A431,A2032
att,A431,A77
att,A431,A1655
att,A431,A2347
att,A431,A2224
att,A431,A1208
att,A432,A1811
att,A432,A1172
att,A432,A2225
att,A432,A1045
att,A432,A1366
att,A432,A593
att,A432,A856
att,A432,A1257
att,A432,A2432
att,A432,A1148
att,A432,A2566
att,A432,A741
att,A438,A638
att,A438,A1736
att,A438,A522
att,A439,A673
att,A439,A2459
att,A439,A105
att,A439,A2356
att,A442,A747
att,A442,A586
att,A442,A552
att,A442,A1611
att,A442,A2333
att,A442,A2122
att,A442,A1382
att,A442,A1948
att,A442,A504
att,A442,A92
att,A442,A268
att,A442,A1322
att,A443,A655
att,A443,A1461
att,A443,A1122
att,A443,A892
att,A443,A1793
att,A443,A943
att,A443,A1498
att,A443,A1115
att,A443,A245
att,A443,A857
att,A443,A294
att,A443,A1468
att,A443,A1478
att,A443,A893
att,A443,A1876
att,A443,A107
att,A443,A1837
att,A446,A1388
att,A446,A1816
att,A449,A538
att,A449,A1564
att,A449,A463
att,A449,A2234
att,A449,A2054
att,A449,A758
att,A449,A1604
att,A449,A565
att,A449,A1642
att,A449,A1556
att,A449,A97
att,A449,A1946
att,A449,A645
att,A449,A2147
att,A449,A2330
att,A449,A1231
att,A449,A762
att,A449,A1912
att,A449,A470
att,A449,A2501
att,A453,A319
att,A453,A1962
att,A453,A1421
att,A453,A1204
att,A453,A1007
att,A453,A2257
att,A453,A1920
att,A453,A358
att,A453,A655
att,A453,A1814
att,A453,A781
att,A453,A873
att,A453,A691
att,A453,A1119
att,A453,A889
att,A453,A1193
att,A453,A42
att,A453,A741
att,A453,A1645
att,A453,A1216
att,A453,A555
att,A453,A1042
att,A453,A2254
att,A454,A1799
att,A454,A1938
att,A454,A1728
att,A454,A522
att,A454,A1234
att,A454,A2269
att,A454,A1070
att,A454,A327
att,A454,A440
att,A454,A1047
att,A454,A70
att,A454,A660
att,A456,A2493
att,A456,A1639
att,A456,A675
att,A456,A1805
att,A456,A1446
att,A456,A1556
att,A456,A1023
att,A456,A235
att,A456,A2527
att,A456,A2181
att,A456,A858
att,A456,A1475
att,A456,A1950
att,A456,A361
att,A456,A182
att,A456,A2243
att,A456,A1899
att,A456,A349
att,A456,A257
att,A456,A856
att,A456,A1986
att,A456,A4
att,A458,A337
att,A458,A1925
att,A458,A1886
att,A458,A1868
att,A458,A1348
att,A458,A1486
att,A458,A1530
att,A458,A2058
att,A458,A1695
att,A458,A439
att,A458,A165
att,A458,A837
att,A458,A1338
att,A458,A1851
att,A458,A33
att,A458,A2078
att,A458,A419
att,A458,A1966
att,A458,A336
att,A458,A1439
att,A458,A1618
att,A458,A2442
att,A458,A1820
att,A460,A529
att,A460,A575
att,A460,A1709
att,A460,A1650
att,A460,A324
att,A460,A919
att,A460,A2289
att,A460,A2180
att,A460,A1072
att,A460,A1351
att,A460,A1987
att,A460,A1091
att,A460,A1193
att,A460,A2309
att,A460,A913
att,A460,A1691
att,A460,A774
att,A460,A1133
att,A460,A1375
att,A460,A1521
att,A460,A1614
att,A461,A429
att,A461,A609
att,A461,A169
att,A461,A351
att,A461,A1338
att,A461,A1851
att,A461,A1406
att,A461,A1492
att,A461,A232
att,A461,A1508
att,A461,A592
att,A463,A575
att,A463,A619
att,A463,A316
att,A463,A1803
att,A463,A949
att,A463,A646
att,A463,A1759
att,A463,A384
att,A463,A914
att,A465,A2072
att,A465,A1628
att,A465,A2497
att,A465,A1662
att,A465,A177
att,A465,A2121
att,A466,A175
att,A466,A451
att,A466,A222
att,A466,A1631
att,A466,A2393
att,A466,A1780
att,A466,A1087
att,A466,A108
att,A466,A2428
att,A466,A2254
att,A466,A1151
att,A466,A1235
att,A466,A1612
att,A466,A1405
att,A466,A1840
att,A466,A168
att,A471,A1043
att,A471,A129
att,A471,A2166
att,A471,A1273
att,A471,A883
att,A471,A1004
att,A471,A1099
att,A471,A1124
att,A473,A2039
att,A473,A53
att,A474,A1681
att,A474,A1865
att,A474,A884
att,A474,A1786
att,A474,A1517
att,A474,A914
att,A474,A652
att,A474,A153
att,A474,A1521
att,A474,A9
att,A478,A2280
att,A478,A902
att,A478,A1605
att,A478,A422
att,A478,A1236
att,A478,A948
att,A478,A1086
att,A478,A648
att,A482,A951
att,A482,A1158
att,A482,A128
att,A482,A194
att,A482,A1492
att,A486,A277
att,A486,A992
att,A486,A1660
att,A486,A198
att,A486,A1127
att,A486,A1463
att,A486,A1699
att,A486,A961
att,A486,A2377
att,A486,A1336
att,A486,A214
att,A486,A2468
att,A491,A1341
att,A491,A1469
att,A491,A2584
att,A491,A1660
att,A495,A1322
att,A495,A2417
att,A495,A911
att,A495,A2199
att,A495,A351
att,A495,A331
att,A495,A261
att,A495,A220
att,A495,A2390
att,A495,A172
att,A498,A1479
att,A498,A2279
att,A498,A1518
att,A498,A2263
att,A503,A440
att,A503,A2562
att,A503,A2256
att,A503,A729
att,A504,A276
att,A504,A318
att,A504,A541
att,A504,A1497
att,A504,A1542
att,A504,A2255
att,A504,A1002
att,A504,A1117
att,A504,A525
att,A504,A1630
att,A504,A979
att,A504,A762
att,A504,A887
att,A504,A1547
att,A504,A126
att,A504,A927
att,A504,A1915
att,A504,A1051
att,A504,A841
att,A504,A123
att,A504,A1091
att,A504,A1209
att,A504,A1663
att,A504,A97
att,A504,A173
att,A504,A372
att,A504,A1620
att,A505,A762
att,A505,A454
att,A505,A518
att,A505,A2071
att,A505,A1510
att,A505,A2003
att,A505,A942
att,A505,A182
att,A505,A900
att,A505,A2571
att,A505,A606
att,A505,A1938
att,A505,A247
att,A505,A694
att,A506,A1
att,A506,A1421
att,A506,A2549
att,A506,A2016
att,A506,A1751
att,A506,A2028
att,A506,A1737
att,A506,A1649
att,A506,A1027
att,A506,A1188
att,A506,A2274
att,A506,A1176
att,A506,A1861
att,A506,A1114
att,A506,A1878
att,A506,A1723
att,A506,A2017
att,A506,A1273
att,A506,A2559
att,A506,A556
att,A506,A1844
att,A506,A1809
att,A507,A1170
att,A507,A1910
att,A507,A940
att,A507,A2293
att,A507,A1565
att,A507,A2011
att,A507,A1076
att,A507,A1626
att,A507,A1700
att,A507,A507
att,A507,A193
att,A507,A1538
att,A511,A679
att,A511,A1146
att,A511,A1152
att,A514,A176
att,A514,A908
att,A514,A703
att,A514,A1578
att,A514,A1885
att,A514,A85
att,A514,A1057
att,A514,A2017
att,A514,A1850
att,A514,A242
att,A514,A330
att,A514,A2117
att,A514,A2103
att,A514,A1180
att,A514,A872
att,A514,A1704
att,A514,A1402
att,A514,A561
att,A514,A2177
att,A514,A2021
att,A514,A2190
att,A514,A509
att,A515,A1577
att,A515,A389
att,A515,A1612
att,A515,A1326
att,A515,A2038
att,A515,A2083
att,A515,A1127
att,A515,A15
att,A515,A252
att,A515,A1613
att,A515,A1310
att,A515,A2324
att,A515,A1039
att,A515,A1269
att,A515,A1430
att,A515,A1945
att,A515,A1142
att,A515,A510
att,A515,A1286
att,A515,A1328
att,A515,A604
att,A515,A667
att,A519,A275
att,A519,A2546
att,A519,A1504
att,A519,A1547
att,A519,A259
att,A519,A2222
att,A519,A674
att,A519,A178
att,A519,A45
att,A519,A2492
att,A519,A349
att,A519,A875
att,A519,A1818
att,A519,A1812
att,A519,A915
att,A519,A1291
att,A519,A1401
att,A519,A1716
att,A519,A36
att,A519,A2269
att,A519,A1799
att,A519,A558
att,A519,A135
att,A519,A2537
att,A519,A585
att,A520,A436
att,A520,A1826
att,A520,A900
att,A520,A959
att,A520,A1835
att,A520,A689
att,A520,A1159
att,A520,A409
att,A520,A2221
att,A520,A1410
att,A520,A1798
att,A520,A376
att,A520,A1676
att,A520,A1616
att,A520,A912
att,A520,A2088
att,A520,A1339
att,A520,A1104
att,A520,A370
att,A520,A1565
att,A520,A1496
att,A520,A2468
att,A520,A786
att,A520,A1871
att,A520,A986
att,A520,A344
att,A520,A1701
att,A520,A2568
att,A520,A1436
att,A520,A1902
att,A520,A2164
att,A522,A1098
att,A522,A4
att,A522,A1121
att,A522,A2153
att,A522,A761
att,A522,A1317
att,A522,A1595
att,A522,A704
att,A522,A365
att,A523,A273
att,A523,A2373
att,A524,A190
att,A524,A470
att,A524,A715
att,A524,A1070
att,A524,A840
att,A524,A2528
att,A524,A597
att,A524,A2087
att,A524,A1953
att,A524,A2040
att,A524,A2203
att,A524,A595
att,A526,A2442
att,A526,A243
att,A526,A556
att,A526,A1124
att,A526,A1630
att,A526,A119
att,A527,A1471
att,A527,A1695
att,A527,A1574
att,A527,A38
att,A527,A275
att,A527,A1410
att,A527,A279
att,A527,A759
att,A527,A667
att,A527,A373
att,A527,A1412
att,A527,A1606
att,A527,A1185
att,A527,A2325
att,A527,A1971
att,A527,A894
att,A527,A2452
att,A527,A947
att,A527,A1561
att,A527,A131
att,A527,A440
att,A527,A2380
att,A527,A2451
att,A527,A851
att,A530,A2429
att,A530,A877
att,A530,A1388
att,A530,A1198
att,A530,A185
att,A530,A2476
att,A530,A2299
att,A530,A652
att,A530,A2121
att,A530,A2360
att,A530,A1845
att,A531,A424
att,A531,A269
att,A531,A2345
att,A531,A2586
att,A531,A1472
att,A531,A943
att,A531,A1234
att,A531,A543
att,A531,A495
att,A531,A2010
att,A531,A2276
att,A531,A811
att,A531,A1621
att,A531,A2297
att,A531,A2229
att,A531,A2100
att,A531,A294
att,A531,A1367
att,A534,A2382
att,A534,A827
att,A534,A2019
att,A534,A394
att,A534,A273
att,A534,A1733
att,A534,A411
att,A534,A2343
att,A534,A869
att,A534,A49
att,A535,A447
att,A536,A151
att,A536,A1888
att,A536,A2346
att,A536,A1620
att,A536,A860
att,A536,A1825
att,A536,A2061
att,A536,A1244
att,A536,A690
att,A536,A734
att,A536,A1684
att,A536,A984
att,A536,A1737
att,A536,A294
att,A537,A311
att,A537,A1084
att,A537,A356
att,A537,A2319
att,A537,A944
att,A538,A859
att,A538,A174
att,A538,A2283
att,A538,A217
att,A538,A2204
att,A538,A1026
att,A538,A2187
att,A538,A2256
att,A538,A855
att,A538,A2538
att,A538,A1827
att,A538,A268
att,A538,A2
att,A538,A554
att,A540,A2241
att,A540,A1620
att,A540,A23
att,A540,A1838
att,A540,A221
att,A540,A1688
att,A540,A744
att,A540,A1649
att,A540,A1358
att,A540,A1930
att,A540,A210
att,A540,A910
att,A540,A2499
att,A540,A2067
att,A540,A147
att,A540,A1978
att,A540,A2424
att,A542,A2284
att,A542,A500
att,A542,A1949
att,A542,A1107
att,A542,A1016
att,A542,A1193
att,A542,A1906
att,A542,A169
att,A542,A2498
att,A542,A1829
att,A542,A85
att,A542,A662
att,A542,A77
att,A542,A2225
att,A542,A1862
att,A542,A1093
att,A542,A39
att,A544,A2258
att,A544,A339
att,A544,A2172
att,A544,A1871
att,A544,A181
att,A544,A2041
att,A544,A92
att,A544,A446
att,A544,A1794
att,A544,A224
att,A544,A1343
att,A544,A1173
att,A544,A559
att,A544,A1069
att,A544,A1159
att,A544,A1886
att,A544,A338
att,A544,A753
att,A544,A367
att,A544,A1
att,A544,A1918
att,A544,A1528
att,A544,A1224
att,A544,A419
att,A545,A1097
att,A545,A34
att,A545,A252
att,A545,A698
att,A545,A1032
att,A548,A1590
att,A548,A2115
att,A549,A2274
att,A549,A210
att,A549,A698
att,A549,A1265
att,A549,A2144
att,A549,A2142
att,A549,A699
att,A549,A1966
att,A549,A684
att,A549,A576
att,A549,A2145
att,A549,A1353
att,A549,A1530
att,A549,A2382
att,A549,A1168
att,A549,A658
att,A549,A2578
att,A549,A2457
att,A549,A227
att,A549,A127
att,A551,A1443
att,A551,A1750
att,A551,A969
att,A551,A78
att,A553,A95
att,A553,A1621
att,A553,A2526
att,A554,A237
att,A554,A1249
att,A554,A364
att,A554,A1602
att,A554,A101
att,A554,A1575
att,A554,A1320
att,A554,A373
att,A554,A1646
att,A554,A2187
att,A554,A93
att,A554,A204
att,A554,A374
att,A554,A2563
att,A554,A2389
att,A554,A624
att,A554,A576
att,A554,A2060
att,A554,A2023
att,A554,A2016
att,A554,A2473
att,A554,A1917
att,A554,A2380
att,A554,A86
att,A554,A1311
att,A558,A166
att,A561,A2043
att,A561,A15
att,A561,A590
att,A561,A150
att,A561,A1390
att,A561,A614
att,A561,A1391
att,A561,A21
att,A561,A1336
att,A561,A1461
att,A561,A1606
att,A561,A1129
att,A561,A1301
att,A561,A2310
att,A561,A1437
att,A561,A2264
att,A561,A1054
att,A561,A832
att,A561,A2110
att,A561,A2447
att,A561,A858
att,A561,A1441
att,A561,A1011
att,A561,A714
att,A561,A593
att,A561,A117
att,A561,A1312
att,A561,A2185
att,A561,A1147
att,A564,A1314
att,A564,A1984
att,A564,A1083
att,A564,A696
att,A565,A251
att,A565,A201
att,A565,A1476
att,A565,A2154
att,A565,A981
att,A565,A882
att,A565,A933
att,A565,A95
att,A565,A1454
att,A565,A2153
att,A565,A1422
att,A565,A18
att,A565,A1305
att,A565,A1851
att,A565,A1650
att,A565,A406
att,A565,A2575
att,A567,A833
att,A567,A1001
att,A567,A2200
att,A567,A2151
att,A567,A555
att,A567,A125
att,A567,A513
att,A567,A2514
att,A568,A1226
att,A568,A1050
att,A568,A1741
att,A568,A191
att,A568,A2489
att,A568,A791
att,A568,A632
att,A568,A1667
att,A568,A3
att,A568,A976
att,A568,A2199
att,A568,A1898
att,A568,A2412
att,A568,A79
att,A568,A1692
att,A568,A1735
att,A568,A1113
att,A568,A962
att,A568,A23
att,A568,A1528
att,A568,A1485
att,A568,A685
att,A568,A121
att,A568,A1246
att,A568,A257
att,A568,A787
att,A568,A827
att,A568,A1257
att,A569,A738
att,A573,A1313
att,A573,A1772
att,A573,A7
att,A573,A1418
att,A573,A1277
att,A573,A1102
att,A573,A2584
att,A573,A759
att,A573,A852
att,A573,A649
att,A573,A537
att,A573,A1695
att,A573,A2565
att,A573,A842
att,A579,A609
att,A579,A1982
att,A579,A2375
att,A579,A319
att,A579,A1387
att,A579,A2089
att,A579,A595
att,A582,A1503
att,A582,A859
att,A582,A2483
att,A586,A129
att,A586,A839
att,A586,A761
att,A586,A1915
att,A586,A353
att,A586,A1887
att,A587,A1326
att,A587,A1505
att,A588,A2443
att,A588,A1388
att,A588,A1898
att,A588,A865
att,A588,A2103
att,A588,A608
att,A588,A109
att,A588,A943
att,A588,A38
att,A588,A2271
att,A588,A1639
att,A591,A1851
att,A591,A875
att,A591,A1838
att,A591,A2114
att,A591,A656
att,A591,A135
att,A591,A1249
att,A591,A1087
att,A591,A935
att,A591,A2335
att,A591,A325
att,A591,A731
att,A591,A1088
att,A591,A1017
att,A591,A452
att,A591,A1871
att,A591,A199
att,A591,A960
att,A591,A658
att,A591,A1935
att,A593,A2108
att,A593,A1396
att,A593,A2159
att,A593,A860
att,A593,A1892
att,A593,A2202
att,A593,A424
att,A593,A1981
att,A593,A641
att,A593,A215
att,A593,A431
att,A593,A766
att,A593,A1050
att,A593,A1151
att,A593,A1034
att,A593,A134
att,A593,A2279
att,A593,A1943
att,A594,A1144
att,A594,A538
att,A594,A241
att,A594,A398
att,A594,A1860
att,A594,A232
att,A594,A315
att,A594,A1408
att,A594,A44
att,A594,A1278
att,A594,A1578
att,A594,A390
att,A594,A514
att,A594,A551
att,A594,A672
att,A594,A1536
att,A595,A698
att,A595,A285
att,A595,A1079
att,A595,A466
att,A595,A1577
att,A595,A72
att,A595,A1675
att,A595,A837
att,A596,A2088
att,A596,A845
att,A596,A1231
att,A596,A341
att,A596,A2374
att,A596,A420
att,A596,A1683
att,A596,A1745
att,A596,A76
att,A596,A2167
att,A596,A1289
att,A596,A958
att,A596,A669
att,A596,A876
att,A596,A1659
att,A596,A2449
att,A596,A1527
att,A596,A51
att,A596,A1197
att,A596,A2213
att,A596,A644
att,A596,A488
att,A596,A2292
att,A596,A2252
att,A596,A1461
att,A597,A2096
att,A597,A963
att,A597,A2549
att,A597,A323
att,A597,A1666
att,A597,A201
att,A597,A316
att,A597,A745
att,A597,A1003
att,A597,A1172
att,A597,A794
att,A597,A2528
att,A597,A335
att,A597,A435
att,A597,A1678
att,A597,A370
att,A597,A398
att,A597,A2467
att,A600,A444
att,A600,A607
att,A600,A2572
att,A600,A129
att,A600,A887
att,A600,A1711
att,A600,A1871
att,A600,A1811
att,A600,A1657
att,A600,A98
att,A600,A1874
att,A600,A980
att,A602,A585
att,A602,A1003
att,A602,A173
att,A602,A1795
att,A602,A1755
att,A602,A750
att,A602,A1150
att,A602,A2180
att,A604,A646
att,A604,A731
att,A604,A2377
att,A604,A1528
att,A604,A1939
att,A604,A1636
att,A604,A928
att,A604,A37
att,A604,A946
att,A604,A1448
att,A604,A1705
att,A604,A1081
att,A604,A1434
att,A604,A177
att,A604,A2256
att,A604,A1863
att,A604,A125
att,A604,A2593
att,A604,A311
att,A604,A1248
att,A604,A934
att,A604,A1005
att,A604,A1757
att,A606,A692
att,A606,A747
att,A606,A1879
att,A606,A1867
att,A606,A425
att,A606,A310
att,A606,A2144
att,A606,A87
att,A606,A2202
att,A606,A1843
att,A606,A2392
att,A606,A134
att,A606,A1454
att,A606,A406
att,A606,A1299
att,A606,A2236
att,A606,A1388
att,A606,A825
att,A608,A1442
att,A608,A1658
att,A608,A1818
att,A608,A1291
att,A608,A392
att,A608,A1107
att,A608,A782
att,A608,A740
att,A608,A1325
att,A608,A1633
att,A608,A573
att,A608,A1154
att,A608,A2501
att,A608,A2031
att,A608,A1781
att,A608,A1683
att,A608,A342
att,A609,A72
att,A609,A1105
att,A609,A311
att,A609,A1706
att,A609,A1582
att,A609,A2129
att,A609,A2387
att,A609,A2591
att,A609,A1810
att,A609,A383
att,A609,A773
att,A609,A1698
att,A609,A600
att,A609,A1737
att,A609,A1488
att,A609,A982
att,A609,A1929
att,A609,A2044
att,A609,A1547
att,A609,A421
att,A612,A1671
att,A612,A789
att,A612,A2035
att,A612,A216
att,A612,A2069
att,A612,A130
att,A612,A2249
att,A612,A1164
att,A612,A1105
att,A612,A313
att,A612,A1479
att,A612,A153
att,A612,A2055
att,A612,A1269
att,A612,A1163
att,A612,A802
att,A612,A1879
att,A612,A1229
att,A613,A2053
att,A613,A2380
att,A613,A704
att,A613,A577
att,A613,A260
att,A613,A894
att,A613,A1911
att,A613,A756
att,A613,A1082
att,A613,A2379
att,A614,A1565
att,A614,A1298
att,A616,A438
att,A616,A164
att,A618,A1505
att,A618,A553
att,A618,A1512
att,A618,A1788
att,A618,A1163
att,A618,A360
att,A618,A2397
att,A618,A815
att,A618,A239
att,A618,A1028
att,A618,A1501
att,A618,A1972
att,A618,A1864
att,A618,A317
att,A619,A236
att,A619,A1622
att,A619,A264
att,A619,A1640
att,A619,A533
att,A619,A2078
att,A619,A1190
att,A619,A2350
att,A619,A2521
att,A619,A1209
att,A619,A877
att,A619,A1576
att,A619,A265
att,A622,A868
att,A622,A1669
att,A622,A945
att,A622,A107
att,A622,A737
att,A622,A109
att,A622,A27
att,A622,A366
att,A622,A2568
att,A622,A2048
att,A622,A2127
att,A622,A1865
att,A622,A1118
att,A622,A531
att,A622,A1102
att,A622,A2553
att,A622,A405
att,A622,A1684
att,A622,A1879
att,A622,A1626
att,A622,A132
att,A622,A28
att,A622,A1247
att,A622,A1608
att,A622,A635
att,A622,A733
att,A623,A476
att,A623,A325
att,A623,A2336
att,A623,A1619
att,A623,A2373
att,A623,A524
att,A626,A1029
att,A626,A2166
att,A626,A86
att,A629,A2194
att,A629,A22
att,A629,A1831
att,A629,A2402
att,A629,A767
att,A629,A639
att,A629,A1403
att,A629,A765
att,A629,A1435
att,A629,A1971
att,A629,A1481
att,A632,A1466
att,A632,A217
att,A632,A2506
att,A632,A10
att,A632,A710
att,A632,A198
att,A632,A2221
att,A632,A705
att,A632,A336
att,A632,A1649
att,A632,A1797
att,A632,A932
att,A632,A1465
att,A632,A360
att,A632,A1445
att,A632,A1244
att,A632,A1969
att,A632,A237
att,A633,A869
att,A633,A479
att,A633,A231
att,A633,A318
att,A633,A290
att,A633,A1096
att,A633,A2273
att,A633,A2190
att,A633,A45
att,A633,A803
att,A633,A906
att,A633,A1069
att,A633,A216
att,A633,A2484
att,A639,A2047
att,A639,A1541
att,A639,A687
att,A639,A1941
att,A639,A1767
att,A639,A204
att,A639,A734
att,A639,A2187
att,A639,A1938
att,A639,A338
att,A639,A1290
att,A639,A1294
att,A639,A166
att,A639,A2216
att,A639,A271
att,A639,A413
att,A639,A627
att,A639,A1898
att,A640,A1501
att,A640,A1210
att,A640,A3
att,A640,A2229
att,A640,A2081
att,A640,A183
att,A640,A2046
att,A640,A1609
att,A641,A598
att,A641,A2509
att,A641,A1744
att,A642,A95
att,A642,A1727
att,A642,A864
att,A642,A1202
att,A642,A2447
att,A642,A1645
att,A642,A1376
att,A642,A417
att,A642,A2085
att,A642,A386
att,A642,A1781
att,A642,A1014
att,A642,A631
att,A642,A2003
att,A642,A382
att,A642,A952
att,A643,A1748
att,A643,A548
att,A643,A30
att,A643,A404
att,A643,A2524
att,A643,A803
att,A644,A609
att,A644,A1789
att,A644,A2387
att,A644,A153
att,A644,A2157
att,A644,A1062
att,A644,A912
att,A644,A2451
att,A644,A1958
att,A644,A2545
att,A644,A2555
att,A644,A1004
att,A644,A314
att,A644,A1852
att,A644,A1001
att,A644,A919
att,A644,A1890
att,A644,A1407
att,A644,A32
att,A644,A2508
att,A644,A2091
att,A644,A1028
att,A644,A1464
att,A644,A2365
att,A644,A434
att,A644,A1729
att,A644,A1872
att,A644,A2285
att,A644,A1556
att,A644,A1326
att,A645,A327
att,A645,A366
att,A645,A2247
att,A645,A2128
att,A645,A1625
att,A645,A562
att,A645,A2034
att,A645,A675
att,A645,A2299
att,A645,A1730
att,A645,A1940
att,A645,A909
att,A645,A2075
att,A645,A2127
att,A645,A994
att,A645,A54
att,A645,A2344
att,A645,A2481
att,A645,A723
att,A645,A2339
att,A646,A2215
att,A646,A2492
att,A646,A1662
att,A646,A1077
att,A646,A2089
att,A646,A165
att,A646,A2486
att,A646,A2542
att,A646,A1639
att,A647,A1366
att,A647,A1489
att,A647,A1479
att,A647,A1519
att,A647,A1993
att,A647,A2546
att,A647,A2244
att,A647,A82
att,A647,A533
att,A647,A2580
att,A647,A1829
att,A647,A291
att,A647,A1550
att,A648,A2213
att,A648,A48
att,A648,A2263
att,A648,A2297
att,A648,A816
att,A648,A126
att,A648,A1094
att,A648,A467
att,A648,A1962
att,A648,A1491
att,A648,A903
att,A658,A805
att,A658,A460
att,A658,A201
att,A658,A2081
att,A658,A1853
att,A658,A2058
att,A658,A222
att,A658,A1367
att,A658,A941
att,A658,A1311
att,A658,A2048
att,A658,A1185
att,A658,A2211
att,A658,A821
att,A658,A717
att,A658,A64
att,A658,A1655
att,A658,A2098
att,A658,A1129
att,A661,A1895
att,A661,A37
att,A661,A193
att,A661,A833
att,A661,A1960
att,A661,A2127
att,A661,A1898
att,A661,A253
att,A661,A326
att,A661,A2394
att,A661,A606
att,A661,A2142
att,A661,A1401
att,A661,A708
att,A661,A2400
att,A661,A1250
att,A661,A1391
att,A661,A1605
att,A661,A1027
att,A662,A2064
att,A662,A573
att,A662,A1138
att,A662,A1001
att,A662,A746
att,A662,A1738
att,A662,A1348
att,A662,A1543
att,A662,A1918
att,A662,A1155
att,A662,A790
att,A663,A1117
att,A663,A978
att,A663,A437
att,A663,A1473
att,A663,A346
att,A663,A2482
att,A663,A2237
att,A663,A2513
att,A663,A720
att,A663,A2582
att,A663,A1081
att,A663,A1211
att,A663,A880
att,A663,A1581
att,A664,A2241
att,A664,A600
att,A664,A1344
att,A665,A1036
att,A665,A2169
att,A665,A1658
att,A665,A443
att,A665,A2456
att,A665,A2334
att,A666,A1492
att,A666,A1377
att,A666,A1008
att,A666,A2379
att,A666,A453
att,A666,A673
att,A666,A866
att,A666,A760
att,A666,A1262
att,A666,A2491
att,A666,A260
att,A666,A725
att,A666,A825
att,A666,A351
att,A666,A720
att,A666,A1957
att,A666,A1930
att,A667,A2223
att,A667,A1462
att,A667,A1655
att,A667,A883
att,A667,A268
att,A667,A2512
att,A667,A2220
att,A667,A796
att,A667,A1487
att,A667,A1015
att,A667,A1020
att,A667,A1475
att,A667,A2175
att,A667,A1096
att,A667,A1032
att,A668,A1260
att,A668,A2483
att,A668,A990
att,A668,A1366
att,A668,A323
att,A668,A1817
att,A668,A574
att,A668,A542
att,A668,A379
att,A668,A2596
att,A668,A1974
att,A669,A1947
att,A669,A1567
att,A669,A110
att,A669,A1851
att,A669,A1623
att,A669,A58
att,A669,A1836
att,A669,A529
att,A669,A118
att,A669,A1523
att,A670,A2364
att,A670,A368
att,A670,A2145
att,A670,A1422
att,A670,A1489
att,A670,A2402
att,A670,A1783
att,A671,A2227
att,A671,A2285
att,A671,A1824
att,A671,A815
att,A671,A2177
att,A671,A2509
att,A671,A220
att,A671,A586
att,A671,A2526
att,A671,A1660
att,A671,A1621
att,A674,A2017
att,A674,A263
att,A674,A1678
att,A674,A823
att,A676,A1774
att,A676,A2197
att,A676,A1965
att,A676,A1629
att,A678,A510
att,A678,A1606
att,A678,A876
att,A678,A296
att,A678,A1190
att,A678,A1116
att,A678,A286
att,A678,A1448
att,A678,A37
att,A678,A2046
att,A678,A136
att,A678,A793
att,A678,A439
att,A678,A849
att,A678,A1747
att,A678,A1100
att,A678,A107
att,A678,A1728
att,A678,A1012
att,A678,A1215
att,A678,A834
att,A678,A1239
att,A678,A2439
att,A684,A2527
att,A684,A2015
att,A684,A2021
att,A684,A141
att,A684,A2186
att,A684,A1003
att,A684,A1221
att,A684,A892
att,A684,A1448
att,A684,A1694
att,A684,A683
att,A684,A2599
att,A684,A342
att,A684,A1309
att,A684,A2117
att,A684,A1280
att,A684,A2199
att,A684,A330
att,A684,A2241
att,A684,A2162
att,A684,A1564
att,A684,A2465
att,A684,A749
att,A686,A894
att,A686,A1501
att,A686,A2263
att,A686,A1550
att,A686,A613
att,A686,A350
att,A686,A79
att,A686,A61
att,A686,A2034
att,A686,A1539
att,A686,A464
att,A686,A227
att,A687,A2164
att,A687,A2231
att,A687,A817
att,A687,A1367
att,A687,A594
att,A687,A1217
att,A687,A441
att,A687,A2414
att,A687,A2594
att,A687,A2483
att,A687,A1523
att,A687,A1876
att,A687,A1965
att,A687,A413
att,A687,A1826
att,A687,A2318
att,A687,A1290
att,A687,A1623
att,A687,A2075
att,A687,A1521
att,A689,A2044
att,A689,A807
att,A689,A1029
att,A689,A2545
att,A689,A2439
att,A689,A2566
att,A689,A2390
att,A689,A675
att,A689,A779
att,A689,A2554
att,A689,A994
att,A689,A1779
att,A689,A2184
att,A689,A959
att,A689,A98
att,A689,A1274
att,A689,A1764
att,A689,A55
att,A689,A125
att,A689,A770
att,A689,A1449
att,A689,A558
att,A689,A1259
att,A689,A185
att,A689,A1023
att,A689,A2213
att,A689,A658
att,A690,A2431
att,A690,A1992
att,A690,A604
att,A690,A1941
att,A690,A2163
att,A690,A1571
att,A690,A2385
att,A690,A1139
att,A690,A445
att,A690,A1331
att,A690,A8
att,A690,A1695
att,A691,A544
att,A691,A1739
att,A691,A433
att,A691,A1151
att,A691,A1858
att,A691,A1642
att,A691,A2408
att,A691,A1570
att,A691,A2212
att,A691,A2451
att,A691,A836
att,A691,A1708
att,A691,A682
att,A691,A2047
att,A691,A1715
att,A691,A302
att,A691,A2442
att,A691,A1432
att,A691,A1431
att,A691,A1240
att,A691,A1461
att,A691,A666
att,A691,A1886
att,A691,A1274
att,A691,A2163
att,A691,A2032
att,A692,A2042
att,A692,A2599
att,A692,A52
att,A692,A1860
att,A692,A766
att,A692,A174
att,A692,A1191
att,A692,A1904
att,A692,A1632
att,A692,A752
att,A692,A2224
att,A692,A2573
att,A692,A1799
att,A692,A1804
att,A692,A2149
att,A692,A2010
att,A692,A802
att,A692,A1747
att,A692,A2359
att,A692,A529
att,A694,A613
att,A694,A808
att,A695,A2509
att,A695,A1540
att,A695,A2355
att,A695,A2065
att,A695,A1988
att,A696,A1154
att,A696,A1767
att,A696,A1206
att,A696,A1578
att,A696,A1571
att,A696,A2335
att,A696,A1934
att,A696,A46
att,A696,A2216
att,A696,A2104
att,A696,A958
att,A696,A1913
att,A696,A2045
att,A696,A2369
att,A698,A1555
att,A698,A1762
att,A698,A1281
att,A698,A2077
att,A698,A870
att,A699,A1279
att,A699,A1716
att,A699,A225
att,A699,A2313
att,A699,A1877
att,A699,A2532
att,A699,A2345
att,A699,A692
att,A702,A813
att,A704,A1931
att,A704,A2399
att,A704,A648
att,A704,A1653
att,A704,A1502
att,A704,A1073
att,A704,A1514
att,A704,A1351
att,A704,A548
att,A704,A721
att,A704,A617
att,A704,A1166
att,A704,A571
att,A704,A512
att,A704,A2151
att,A704,A2391
att,A704,A441
att,A704,A1213
att,A704,A1444
att,A704,A783
att,A704,A1526
att,A704,A805
att,A704,A2207
att,A704,A2095
att,A705,A1554
att,A705,A1218
att,A705,A756
att,A705,A614
att,A705,A2075
att,A705,A434
att,A705,A205
att,A705,A1473
att,A705,A136
att,A705,A84
att,A705,A86
att,A705,A1279
att,A705,A1633
att,A705,A1078
att,A705,A1481
att,A705,A2284
att,A705,A1361
att,A705,A960
att,A705,A1849
att,A705,A196
att,A705,A1050
att,A705,A1067
att,A705,A2550
att,A705,A810
att,A705,A193
att,A706,A115
att,A706,A2252
att,A706,A618
att,A706,A1992
att,A706,A1435
att,A706,A1856
att,A706,A52
att,A706,A2278
att,A706,A1203
att,A706,A47
att,A706,A1573
att,A706,A286
att,A706,A2412
att,A706,A1277
att,A706,A1516
att,A706,A1418
att,A706,A1290
att,A707,A792
att,A707,A1681
att,A707,A958
att,A707,A821
att,A707,A2238
att,A707,A1927
att,A707,A2422
att,A707,A1200
att,A708,A2576
att,A708,A2063
att,A708,A1336
att,A708,A59
att,A708,A157
att,A708,A2596
att,A708,A293
att,A708,A273
att,A708,A2049
att,A708,A565
att,A708,A553
att,A708,A870
att,A708,A1774
att,A708,A1937
att,A708,A77
att,A710,A1490
att,A711,A1639
att,A711,A2115
att,A711,A990
att,A711,A1707
att,A711,A341
att,A712,A2278
att,A712,A1805
att,A712,A233
att,A712,A2496
att,A712,A796
att,A712,A1057
att,A712,A1892
att,A712,A980
att,A712,A717
att,A712,A1241
att,A712,A362
att,A712,A171
att,A712,A2372
att,A712,A1550
att,A712,A1966
att,A712,A581
att,A712,A113
att,A712,A408
att,A712,A1904
att,A712,A179
att,A712,A1908
att,A712,A2009
att,A712,A650
att,A712,A780
att,A712,A57
att,A712,A2045
att,A714,A178
att,A714,A145
att,A714,A2160
att,A714,A1768
att,A714,A181
att,A714,A1063
att,A714,A1596
att,A714,A328
att,A714,A2252
att,A714,A1656
att,A714,A2295
att,A714,A2382
att,A714,A1785
att,A714,A683
att,A714,A722
att,A714,A2390
att,A714,A2566
att,A714,A952
att,A718,A109
att,A718,A1183
att,A718,A2333
att,A718,A1621
att,A718,A1103
att,A718,A2355
att,A718,A630
att,A718,A875
att,A718,A59
att,A718,A35
att,A718,A2294
att,A718,A1964
att,A718,A2544
att,A718,A1975
att,A719,A393
att,A719,A2238
att,A719,A1546
att,A719,A888
att,A719,A2371
att,A719,A2415
att,A719,A1524
att,A719,A1927
att,A719,A831
att,A719,A1633
att,A719,A44
att,A719,A1191
att,A719,A361
att,A719,A386
att,A719,A277
att,A719,A840
att,A719,A387
att,A719,A103
att,A719,A1891
att,A719,A360
att,A719,A2084
att,A719,A1485
att,A720,A2182
att,A720,A320
att,A720,A1356
att,A721,A239
att,A721,A408
att,A721,A336
att,A721,A447
att,A721,A42
att,A722,A48
att,A722,A291
att,A722,A806
att,A722,A594
att,A722,A2566
att,A722,A895
att,A722,A236
att,A722,A681
att,A722,A1150
att,A722,A650
att,A722,A1403
att,A722,A2571
att,A722,A1460
att,A722,A1506
att,A722,A1735
att,A722,A935
att,A722,A355
att,A722,A64
att,A722,A2329
att,A722,A33
att,A723,A2249
att,A723,A2509
att,A723,A1980
att,A723,A2573
att,A723,A117
att,A723,A58
att,A723,A2414
att,A723,A2485
att,A723,A1429
att,A723,A283
att,A723,A1563
att,A723,A642
att,A723,A695
att,A723,A821
att,A723,A1646
att,A723,A597
att,A723,A940
att,A723,A2040
att,A723,A118
att,A723,A1702
att,A723,A2383
att,A723,A411
att,A724,A1962
att,A724,A1757
att,A724,A24
att,A724,A1640
att,A724,A1542
att,A724,A681
att,A727,A1263
att,A727,A298
att,A727,A342
att,A727,A1381
att,A727,A178
att,A727,A1891
att,A730,A760
att,A730,A1436
att,A730,A2201
att,A730,A216
att,A730,A1615
att,A730,A381
att,A730,A192
att,A730,A421
att,A730,A278
att,A730,A2179
att,A730,A1536
att,A730,A1646
att,A730,A836
att,A733,A1743
att,A733,A1510
att,A733,A869
att,A733,A840
att,A733,A1980
att,A733,A80
att,A733,A2034
att,A733,A1121
att,A733,A553
att,A733,A968
att,A733,A2472
att,A733,A2243
att,A733,A1146
att,A733,A1884
att,A733,A1331
att,A733,A336
att,A733,A230
att,A733,A1497
att,A736,A1985
att,A736,A848
att,A736,A629
att,A736,A1699
att,A736,A313
att,A736,A386
att,A736,A1958
att,A736,A601
att,A736,A502
att,A736,A1045
att,A737,A8
att,A737,A139
att,A737,A1444
att,A737,A1385
att,A737,A2357
att,A737,A1279
att,A737,A1807
att,A737,A1092
att,A737,A266
att,A737,A888
att,A737,A903
att,A737,A2250
att,A737,A630
att,A737,A185
att,A737,A783
att,A737,A465
att,A737,A2031
att,A737,A760
att,A737,A1745
att,A737,A2422
att,A737,A1058
att,A737,A982
att,A737,A719
att,A737,A646
att,A737,A601
att,A737,A2520
att,A737,A2445
att,A739,A249
att,A739,A2460
att,A739,A2108
att,A739,A1069
att,A739,A2254
att,A739,A1317
att,A739,A164
att,A739,A1787
att,A739,A1275
att,A739,A432
att,A739,A1895
att,A740,A214
att,A740,A1821
att,A740,A1550
att,A740,A2133
att,A740,A1216
att,A740,A1392
att,A740,A2356
att,A740,A316
att,A740,A886
att,A740,A1114
att,A740,A566
att,A740,A393
att,A740,A665
att,A740,A1393
att,A740,A161
att,A740,A448
att,A740,A1653
att,A740,A2337
att,A740,A113
att,A740,A1637
att,A740,A771
att,A740,A2348
att,A742,A1454
att,A742,A1748
att,A742,A1836
att,A742,A2541
att,A742,A736
att,A742,A1268
att,A742,A1572
att,A742,A2023
att,A742,A2124
att,A742,A1195
att,A742,A1792
att,A744,A963
att,A744,A1745
att,A744,A923
att,A744,A2557
att,A744,A1023
att,A744,A807
att,A744,A1099
att,A744,A1075
att,A744,A2453
att,A744,A883
att,A744,A899
att,A744,A325
att,A744,A537
att,A744,A1345
att,A744,A2523
att,A744,A177
att,A744,A1338
att,A744,A1724
att,A744,A557
att,A744,A1296
att,A744,A900
att,A744,A1098
att,A744,A1138
att,A744,A234
att,A744,A1640
att,A744,A873
att,A745,A1402
att,A745,A387
att,A745,A2410
att,A745,A265
att,A745,A1373
att,A745,A504
att,A745,A2041
att,A745,A1047
att,A745,A1019
att,A745,A146
att,A745,A2425
att,A745,A2316
att,A745,A280
att,A745,A878
att,A745,A1895
att,A745,A1043
att,A745,A848
att,A745,A550
att,A745,A1486
att,A747,A941
att,A747,A513
att,A747,A2154
att,A747,A623
att,A747,A1062
att,A747,A750
att,A747,A756
att,A747,A853
att,A747,A2454
att,A747,A1050
att,A747,A794
att,A748,A658
att,A748,A1487
att,A748,A2364
att,A748,A1740
att,A748,A1888
att,A748,A1543
att,A748,A1356
att,A748,A635
att,A750,A669
att,A750,A1400
att,A750,A182
att,A750,A1735
att,A750,A1740
att,A750,A2253
att,A750,A1046
att,A750,A985
att,A751,A1089
att,A751,A984
att,A751,A1973
att,A751,A2289
att,A751,A2096
att,A751,A271
att,A751,A1293
att,A751,A331
att,A751,A2072
att,A751,A1252
att,A751,A1049
att,A752,A180
att,A752,A317
att,A752,A1971
att,A752,A2048
att,A752,A2495
att,A752,A1516
att,A752,A236
att,A752,A392
att,A752,A2209
att,A752,A1449
att,A752,A291
att,A752,A326
att,A756,A1938
att,A756,A2425
att,A756,A1901
att,A756,A234
att,A763,A2518
att,A763,A948
att,A763,A975
att,A763,A2249
att,A763,A506
att,A763,A1897
att,A763,A2428
att,A763,A906
att,A763,A787
att,A763,A1163
att,A763,A2059
att,A763,A648
att,A765,A501
att,A765,A2027
att,A765,A2497
att,A765,A237
att,A765,A1381
att,A765,A955
att,A765,A892
att,A765,A106
att,A765,A1043
att,A765,A1070
att,A765,A352
att,A765,A1324
att,A765,A2059
att,A765,A44
att,A765,A2054
att,A765,A133
att,A768,A422
att,A768,A638
att,A768,A1691
att,A768,A375
att,A768,A823
att,A768,A2538
att,A768,A2563
att,A768,A722
att,A768,A784
att,A768,A1554
att,A768,A2356
att,A768,A364
att,A768,A1124
att,A768,A55
att,A768,A814
att,A769,A333
att,A769,A2138
att,A769,A2549
att,A769,A1788
att,A769,A2296
att,A769,A1122
att,A769,A9
att,A769,A612
att,A769,A962
att,A769,A376
att,A769,A460
att,A769,A154
att,A769,A2526
att,A769,A651
att,A769,A434
att,A769,A2223
att,A769,A1969
att,A769,A1431
att,A769,A1834
att,A769,A2108
att,A769,A1811
att,A769,A2565
att,A769,A2141
att,A769,A1485
att,A769,A182
att,A769,A815
att,A769,A215
att,A769,A1959
att,A769,A2353
att,A769,A543
att,A770,A757
att,A770,A2309
att,A770,A2347
att,A771,A1704
att,A771,A1836
att,A771,A278
att,A774,A1999
att,A774,A334
att,A774,A898
att,A776,A2417
att,A776,A2283
att,A776,A2496
att,A776,A2437
att,A780,A2380
att,A780,A1254
att,A780,A2343
att,A780,A1620
att,A780,A409
att,A780,A1681
att,A780,A483
att,A780,A1458
att,A780,A695
att,A780,A2513
att,A780,A622
att,A780,A1965
att,A780,A1344
att,A780,A355
att,A780,A894
att,A780,A705
att,A780,A1937
att,A780,A1086
att,A780,A602
att,A784,A2247
att,A784,A2179
att,A784,A404
att,A784,A1598
att,A784,A931
att,A784,A1023
att,A784,A2487
att,A786,A71
att,A787,A630
att,A787,A2314
att,A787,A1367
att,A787,A2252
att,A787,A824
att,A787,A961
att,A787,A1255
att,A787,A1967
att,A787,A2344
att,A787,A360
att,A787,A772
att,A787,A2099
att,A787,A2501
att,A787,A1868
att,A787,A2480
att,A787,A1775
att,A787,A726
att,A787,A2477
att,A791,A556
att,A791,A2596
att,A791,A1947
att,A791,A2337
att,A791,A1688
att,A791,A2016
att,A791,A1447
att,A792,A2531
att,A792,A2256
att,A792,A182
att,A792,A1997
att,A792,A701
att,A792,A1157
att,A792,A1932
att,A792,A1947
att,A792,A1905
att,A792,A279
att,A792,A671
att,A792,A1657
att,A792,A1599
att,A792,A1995
att,A792,A1426
att,A792,A64
att,A792,A2033
att,A792,A1666
att,A792,A1773
att,A792,A1308
att,A793,A1230
att,A793,A1206
att,A793,A1552
att,A793,A1168
att,A793,A1061
att,A793,A221
att,A793,A161
att,A793,A2457
att,A793,A1860
att,A793,A2238
att,A793,A2436
att,A793,A1503
att,A795,A225
att,A795,A911
att,A795,A2084
att,A795,A1351
att,A795,A1320
att,A795,A2197
att,A795,A2445
att,A795,A1802
att,A795,A1975
att,A795,A1353
att,A795,A642
att,A795,A223
att,A795,A428
att,A795,A1445
att,A795,A2344
att,A795,A1668
att,A795,A728
att,A795,A2394
att,A795,A206
att,A795,A1049
att,A795,A1940
att,A796,A51
att,A797,A493
att,A797,A990
att,A797,A1306
att,A797,A1986
att,A797,A1097
att,A797,A927
att,A797,A1548
att,A797,A709
att,A797,A567
att,A797,A2305
att,A797,A204
att,A797,A1560
att,A797,A380
att,A797,A1622
att,A797,A288
att,A797,A399
att,A798,A1629
att,A799,A1766
att,A799,A1857
att,A799,A1052
att,A799,A1937
att,A799,A1112
att,A799,A1167
att,A799,A2205
att,A799,A158
att,A799,A2402
att,A799,A912
att,A799,A1849
att,A799,A501
att,A799,A849
att,A799,A35
att,A799,A1922
att,A799,A1688
att,A799,A1671
att,A799,A833
att,A799,A2104
att,A799,A231
att,A799,A1158
att,A799,A496
att,A799,A2429
att,A799,A200
att,A799,A457
att,A799,A2498
att,A799,A2539
att,A799,A1437
att,A799,A307
att,A806,A2328
att,A806,A142
att,A806,A1794
att,A806,A1350
att,A806,A1399
att,A806,A501
att,A806,A513
att,A806,A309
att,A806,A2319
att,A806,A1384
att,A806,A1101
att,A807,A837
att,A807,A133
att,A807,A811
att,A807,A956
att,A807,A2495
att,A807,A1204
att,A807,A1164
att,A807,A708
att,A807,A1479
att,A807,A2150
att,A807,A958
att,A807,A2581
att,A807,A1278
att,A807,A1500
att,A807,A2044
att,A807,A685
att,A807,A2270
att,A810,A1669
att,A810,A1626
att,A810,A974
att,A810,A1107
att,A810,A1604
att,A810,A1112
att,A810,A77
att,A810,A231
att,A810,A2029
att,A810,A1693
att,A810,A1998
att,A810,A1470
att,A810,A1548
att,A810,A915
att,A810,A1596
att,A810,A48
att,A810,A1540
att,A810,A603
att,A812,A582
att,A812,A2040
att,A812,A1052
att,A812,A1751
att,A812,A1438
att,A812,A1185
att,A812,A1043
att,A812,A424
att,A812,A2388
att,A812,A423
att,A812,A877
att,A812,A1046
att,A812,A1742
att,A812,A1436
att,A812,A581
att,A812,A750
att,A812,A1076
att,A812,A1255
att,A812,A194
att,A812,A2510
att,A812,A1404
att,A812,A248
att,A812,A2470
att,A812,A1480
att,A812,A2573
att,A812,A232
att,A814,A942
att,A814,A2195
att,A814,A820
att,A814,A1846
att,A814,A2052
att,A814,A2108
att,A814,A1470
att,A814,A1808
att,A814,A32
att,A814,A407
att,A814,A830
att,A814,A1852
att,A814,A2301
att,A814,A1365
att,A816,A1368
att,A816,A2094
att,A816,A543
att,A816,A2566
att,A816,A1816
att,A816,A808
att,A816,A168
att,A816,A273
att,A816,A703
att,A816,A1322
att,A816,A446
att,A816,A2437
att,A816,A2099
att,A816,A1200
att,A816,A1075
att,A816,A304
att,A818,A1298
att,A818,A2294
att,A818,A1949
att,A818,A2406
att,A818,A106
att,A820,A1670
att,A820,A1100
att,A820,A1358
att,A820,A1035
att,A821,A2311
att,A821,A259
att,A821,A1315
att,A821,A1956
att,A821,A1005
att,A821,A1511
att,A821,A245
att,A821,A2572
att,A821,A2561
att,A822,A1488
att,A822,A1839
att,A822,A29
att,A822,A2257
att,A822,A685
att,A822,A1116
att,A822,A424
att,A822,A1428
att,A822,A1358
att,A824,A1714
att,A824,A450
att,A824,A2544
att,A824,A1023
att,A824,A2395
att,A824,A2390
att,A827,A2125
att,A827,A1586
att,A827,A821
att,A827,A129
att,A827,A1044
att,A827,A867
att,A828,A1269
att,A828,A1823
att,A828,A831
att,A828,A2553
att,A828,A2434
att,A828,A443
att,A828,A1179
att,A828,A262
att,A828,A875
att,A828,A368
att,A828,A1327
att,A828,A2342
att,A828,A700
att,A828,A1778
att,A828,A1631
att,A828,A1490
att,A828,A1684
att,A828,A2190
att,A828,A845
att,A828,A2256
att,A828,A913
att,A828,A284
att,A828,A2232
att,A828,A615
att,A828,A1217
att,A828,A2429
att,A828,A1726
att,A828,A1229
att,A828,A1669
att,A829,A2016
att,A829,A65
att,A829,A931
att,A829,A606
att,A829,A1700
att,A829,A2207
att,A829,A1789
att,A830,A2507
att,A830,A2148
att,A830,A17
att,A830,A756
att,A830,A855
att,A830,A776
att,A830,A1692
att,A830,A1147
att,A830,A2504
att,A830,A2242
att,A830,A457
att,A830,A2499
att,A830,A1526
att,A830,A1154
att,A830,A779
att,A830,A1686
att,A830,A1776
att,A836,A1155
att,A836,A777
att,A836,A1139
att,A836,A759
att,A836,A336
att,A836,A1594
att,A836,A2533
att,A836,A1219
att,A836,A2043
att,A837,A546
att,A837,A1385
att,A837,A1195
att,A837,A659
att,A837,A2352
att,A837,A1374
att,A839,A2427
att,A839,A2546
att,A839,A1535
att,A839,A1612
att,A839,A2172
att,A839,A85
att,A839,A645
att,A839,A479
att,A839,A2559
att,A839,A37
att,A839,A711
att,A839,A1950
att,A839,A213
att,A839,A2096
att,A839,A474
att,A840,A347
att,A840,A2075
att,A840,A2296
att,A840,A1389
att,A840,A340
att,A840,A1594
att,A840,A460
att,A840,A196
att,A840,A1506
att,A840,A111
att,A840,A261
att,A840,A1078
att,A840,A2583
att,A840,A598
att,A840,A845
att,A846,A1010
att,A847,A2416
att,A847,A1884
att,A847,A217
att,A847,A1608
att,A847,A1624
att,A847,A2359
att,A847,A177
att,A847,A529
att,A847,A221
att,A847,A820
att,A847,A106
att,A850,A1759
att,A850,A1924
att,A850,A1440
att,A850,A2516
att,A850,A2447
att,A850,A700
att,A850,A670
att,A850,A377
att,A850,A1908
att,A850,A1569
att,A850,A165
att,A850,A1409
att,A850,A1026
att,A850,A2364
att,A850,A2406
att,A850,A748
att,A850,A1986
att,A850,A285
att,A850,A573
att,A850,A287
att,A850,A258
att,A852,A199
att,A852,A2518
att,A852,A36
att,A852,A45
att,A852,A249
att,A852,A2378
att,A852,A1993
att,A852,A1893
att,A852,A1935
att,A852,A498
att,A852,A1593
att,A852,A1580
att,A852,A407
att,A852,A602
att,A853,A519
att,A853,A547
att,A853,A809
att,A853,A2193
att,A853,A2385
att,A853,A1822
att,A853,A1424
att,A853,A1146
att,A853,A763
att,A853,A1517
att,A853,A1105
att,A853,A2484
att,A855,A1416
att,A855,A1981
att,A855,A110
att,A855,A1437
att,A855,A2288
att,A855,A430
att,A855,A2033
att,A855,A1561
att,A855,A1331
att,A855,A735
att,A855,A2415
att,A855,A1078
att,A855,A2591
att,A855,A44
att,A855,A967
att,A855,A1503
att,A855,A584
att,A855,A623
att,A855,A173
att,A855,A1680
att,A857,A1872
att,A857,A1239
att,A857,A2056
att,A857,A2438
att,A857,A1037
att,A857,A1718
att,A857,A1624
att,A857,A909
att,A857,A933
att,A857,A803
att,A857,A2459
att,A858,A1351
att,A858,A382
att,A858,A2261
att,A858,A2157
att,A858,A2060
att,A858,A2266
att,A858,A921
att,A858,A886
att,A858,A161
att,A858,A1019
att,A858,A6
att,A859,A1934
att,A860,A1646
att,A860,A1648
att,A860,A1959
att,A860,A837
att,A860,A1330
att,A860,A694
att,A860,A500
att,A860,A769
att,A860,A2256
att,A860,A2368
att,A860,A185
att,A860,A835
att,A860,A2224
att,A860,A1557
att,A860,A2017
att,A860,A2227
att,A860,A359
att,A860,A973
att,A860,A2580
att,A860,A251
att,A860,A1502
att,A860,A1373
att,A860,A1745
att,A860,A1792
att,A860,A547
att,A860,A858
att,A862,A429
att,A862,A1987
att,A862,A72
att,A862,A458
att,A862,A788
att,A862,A972
att,A863,A1584
att,A863,A957
att,A863,A2468
att,A863,A2544
att,A863,A2201
att,A863,A2050
att,A863,A1602
att,A863,A1641
att,A863,A491
att,A863,A557
att,A863,A2345
att,A863,A917
att,A863,A748
att,A863,A1596
att,A863,A1435
att,A864,A1844
att,A864,A32
att,A864,A1552
att,A864,A2340
att,A864,A826
att,A864,A1019
att,A864,A1633
att,A864,A58
att,A864,A2422
att,A864,A828
att,A864,A669
att,A864,A312
att,A864,A1090
att,A864,A2393
att,A864,A1040
att,A864,A582
att,A864,A2563
att,A864,A1955
att,A864,A1467
att,A864,A1000
att,A864,A1260
att,A864,A1097
att,A864,A1684
att,A864,A1454
att,A864,A1432
att,A864,A1588
att,A864,A159
att,A864,A533
att,A864,A2306
att,A864,A1196
att,A864,A2070
att,A867,A1634
att,A867,A2306
att,A867,A1032
att,A869,A1658
att,A869,A979
att,A869,A911
att,A869,A2314
att,A869,A2582
att,A869,A2565
att,A869,A1730
att,A869,A193
att,A869,A2094
att,A869,A2308
att,A869,A1576
att,A869,A463
att,A869,A1722
att,A869,A630
att,A869,A2399
att,A869,A1294
att,A869,A1832
att,A869,A1
att,A869,A1364
att,A870,A876
att,A870,A460
att,A870,A1652
att,A870,A2157
att,A871,A1544
att,A871,A917
att,A871,A1986
att,A871,A2136
att,A871,A2428
att,A871,A1701
att,A871,A739
att,A871,A655
att,A871,A1453
att,A871,A1019
att,A871,A287
att,A871,A962
att,A871,A1650
att,A871,A1668
att,A871,A2279
att,A871,A16
att,A871,A2057
att,A872,A1695
att,A872,A1271
att,A874,A45
att,A874,A517
att,A874,A2050
att,A874,A2380
att,A874,A2105
att,A874,A541
att,A874,A371
att,A874,A685
att,A874,A463
att,A874,A627
att,A875,A1125
att,A875,A2597
att,A875,A2412
att,A875,A2106
att,A875,A1359
att,A875,A888
att,A875,A2152
att,A875,A611
att,A875,A80
att,A875,A2328
att,A875,A755
att,A875,A2230
att,A875,A1159
att,A875,A717
att,A875,A2063
att,A875,A848
att,A875,A86
att,A875,A1695
att,A875,A1321
att,A875,A1571
att,A875,A1877
att,A875,A409
att,A875,A405
att,A876,A2073
att,A876,A1626
att,A876,A578
att,A876,A1438
att,A876,A2237
att,A876,A1035
att,A876,A1064
att,A876,A248
att,A876,A386
att,A876,A844
att,A876,A802
att,A876,A281
att,A876,A1338
att,A876,A131
att,A876,A2243
att,A876,A536
att,A876,A1152
att,A876,A226
att,A876,A2495
att,A876,A1659
att,A876,A1271
att,A876,A2294
att,A876,A805
att,A876,A2054
att,A878,A1439
att,A878,A2384
att,A878,A432
att,A878,A2238
att,A878,A2154
att,A878,A1805
att,A878,A1477
att,A878,A2036
att,A878,A2571
att,A878,A1769
att,A878,A709
att,A878,A2567
att,A878,A571
att,A878,A454
att,A879,A1889
att,A879,A2297
att,A879,A2015
att,A879,A2135
att,A879,A697
att,A879,A1540
att,A879,A1099
att,A879,A58
att,A879,A985
att,A879,A449
att,A879,A2379
att,A879,A849
att,A879,A2399
att,A879,A203
att,A879,A158
att,A879,A10
att,A879,A1499
att,A879,A1568
att,A879,A1900
att,A879,A2004
att,A879,A2027
att,A879,A813
att,A879,A2396
att,A879,A276
att,A879,A2227
att,A879,A1906
att,A879,A1357
att,A879,A1627
att,A879,A313
att,A880,A592
att,A880,A1421
att,A880,A1529
att,A880,A1283
att,A880,A515
att,A883,A1286
att,A883,A166
att,A886,A2582
att,A886,A674
att,A886,A456
att,A886,A1723
att,A886,A915
att,A886,A486
att,A886,A1275
att,A886,A1231
att,A886,A2008
att,A886,A659
att,A886,A1541
att,A886,A1908
att,A886,A493
att,A886,A1613
att,A886,A107
att,A886,A2373
att,A886,A883
att,A887,A2057
att,A887,A400
att,A887,A1668
att,A887,A332
att,A887,A1986
att,A887,A1121
att,A887,A43
att,A887,A632
att,A887,A405
att,A888,A480
att,A888,A2357
att,A888,A2336
att,A888,A2333
att,A888,A1099
att,A888,A322
att,A888,A1372
att,A888,A406
att,A888,A1467
att,A888,A1305
att,A888,A2248
att,A888,A1668
att,A888,A1620
att,A888,A1705
att,A888,A1686
att,A888,A2256
att,A888,A2117
att,A888,A2457
att,A888,A2452
att,A889,A1930
att,A889,A969
att,A889,A341
att,A889,A1651
att,A889,A2049
att,A889,A1204
att,A889,A938
att,A889,A1517
att,A889,A974
att,A889,A977
att,A889,A2318
att,A889,A78
att,A889,A995
att,A889,A2048
att,A889,A1547
att,A889,A1501
att,A889,A1736
att,A889,A2537
att,A889,A322
att,A889,A64
att,A889,A1302
att,A890,A973
att,A890,A1876
att,A890,A972
att,A890,A35
att,A890,A1443
att,A890,A2102
att,A890,A1171
att,A890,A209
att,A890,A1460
att,A890,A168
att,A890,A416
att,A890,A1721
att,A890,A1902
att,A890,A1127
att,A890,A1877
att,A890,A1590
att,A890,A339
att,A890,A829
att,A890,A255
att,A890,A548
att,A890,A1665
att,A890,A2347
att,A890,A922
att,A891,A2250
att,A891,A469
att,A891,A30
att,A891,A2441
att,A891,A2400
att,A891,A881
att,A891,A2203
att,A891,A277
att,A891,A1319
att,A891,A1250
att,A891,A908
att,A891,A680
att,A891,A2569
att,A891,A2518
att,A891,A1715
att,A891,A2119
att,A891,A750
att,A891,A1151
att,A891,A1549
att,A891,A2100
att,A891,A895
att,A891,A2434
att,A891,A1291
att,A895,A2007
att,A895,A1783
att,A895,A56
att,A895,A316
att,A896,A2435
att,A896,A2009
att,A896,A2112
att,A896,A1739
att,A896,A577
att,A896,A878
att,A896,A1683
att,A896,A1338
att,A896,A2336
att,A896,A786
att,A896,A146
att,A896,A375
att,A896,A726
att,A896,A811
att,A896,A397
att,A896,A29
att,A896,A178
att,A896,A1276
att,A896,A1531
att,A896,A11
att,A896,A810
att,A896,A596
att,A896,A944
att,A896,A38
att,A896,A1881
att,A897,A2320
att,A897,A2153
att,A897,A640
att,A897,A536
att,A897,A570
att,A897,A1706
att,A897,A925
att,A897,A1921
att,A897,A2529
att,A897,A1032
att,A897,A1485
att,A897,A2235
att,A897,A1555
att,A897,A1369
att,A898,A1635
att,A898,A516
att,A898,A1401
att,A898,A790
att,A898,A1449
att,A898,A2283
att,A898,A757
att,A898,A956
att,A898,A1316
att,A898,A2077
att,A898,A2482
att,A898,A1607
att,A898,A1995
att,A898,A2229
att,A898,A772
att,A899,A1607
att,A899,A2234
att,A899,A820
att,A899,A2089
att,A899,A2498
att,A899,A1280
att,A899,A2539
att,A899,A1083
att,A899,A1858
att,A899,A2286
att,A899,A421
att,A899,A2119
att,A899,A710
att,A899,A2435
att,A899,A751
att,A899,A1678
att,A901,A1238
att,A901,A1777
att,A901,A584
att,A901,A887
att,A901,A2267
att,A901,A1455
att,A901,A1249
att,A901,A1303
att,A901,A2533
att,A901,A1391
att,A901,A1557
att,A901,A2461
att,A901,A709
att,A901,A2340
att,A901,A420
att,A903,A331
att,A903,A485
att,A903,A1331
att,A903,A1649
att,A903,A849
att,A903,A2201
att,A903,A1737
att,A905,A2561
att,A905,A1970
att,A905,A124
att,A905,A2537
att,A905,A1455
att,A906,A1907
att,A906,A138
att,A906,A1687
att,A906,A483
att,A906,A2534
att,A906,A2052
att,A906,A304
att,A906,A1414
att,A906,A1506
att,A906,A1010
att,A906,A1740
att,A906,A369
att,A906,A149
att,A906,A656
att,A906,A1236
att,A906,A370
att,A906,A1771
att,A906,A493
att,A906,A1055
att,A915,A330
att,A915,A809
att,A915,A1591
att,A915,A1922
att,A915,A1039
att,A915,A1222
att,A915,A983
att,A915,A1094
att,A915,A646
att,A915,A1242
att,A915,A762
att,A915,A1725
att,A915,A2092
att,A915,A1503
att,A915,A446
att,A915,A1450
att,A915,A518
att,A915,A1316
att,A915,A1201
att,A915,A2414
att,A919,A2050
att,A919,A2202
att,A919,A470
att,A919,A2210
att,A919,A1625
att,A919,A2487
att,A919,A2129
att,A919,A1948
att,A919,A1752
att,A919,A1054
att,A920,A2449
att,A922,A29
att,A922,A1367
att,A922,A1143
att,A922,A727
att,A922,A149
att,A922,A1296
att,A922,A2110
att,A922,A1991
att,A922,A2155
att,A922,A1714
att,A922,A2380
att,A922,A1223
att,A922,A676
att,A922,A606
att,A922,A2313
att,A922,A121
att,A924,A865
att,A924,A2132
att,A924,A940
att,A924,A367
att,A924,A880
att,A924,A43
att,A924,A1543
att,A924,A380
att,A924,A1507
att,A924,A125
att,A924,A2283
att,A924,A357
att,A926,A953
att,A926,A2589
att,A926,A2367
att,A926,A143
att,A926,A1974
att,A926,A531
att,A926,A201
att,A926,A538
att,A926,A113
att,A927,A1005
att,A927,A333
att,A927,A403
att,A927,A341
att,A927,A2143
att,A927,A2376
att,A927,A457
att,A927,A1823
att,A927,A2380
att,A927,A1905
att,A927,A1932
att,A927,A81
att,A927,A226
att,A927,A156
att,A927,A773
att,A927,A2200
att,A927,A738
att,A927,A786
att,A927,A1140
att,A927,A1586
att,A927,A1789
att,A927,A269
att,A929,A1714
att,A929,A2146
att,A929,A320
att,A929,A1553
att,A929,A348
att,A929,A1956
att,A929,A2449
att,A929,A2579
att,A929,A2205
att,A929,A1000
att,A929,A80
att,A929,A1476
att,A929,A2232
att,A930,A2272
att,A930,A2283
att,A930,A1837
att,A930,A190
att,A931,A195
att,A931,A657
att,A931,A720
att,A935,A1441
att,A935,A2597
att,A935,A455
att,A935,A339
att,A935,A465
att,A935,A1065
att,A935,A789
att,A935,A411
att,A935,A1561
att,A935,A1741
att,A935,A1714
att,A935,A205
att,A935,A1814
att,A935,A1875
att,A935,A2224
att,A936,A2434
att,A936,A518
att,A936,A2462
att,A936,A1736
att,A936,A1873
att,A936,A998
att,A936,A2116
att,A936,A1858
att,A936,A451
att,A936,A1374
att,A936,A2304
att,A936,A2280
att,A938,A2184
att,A938,A1552
att,A938,A1790
att,A938,A2533
att,A938,A1509
att,A938,A2227
att,A938,A337
att,A938,A2079
att,A938,A988
att,A938,A1855
att,A938,A1337
att,A938,A448
att,A940,A1216
att,A940,A1834
att,A940,A2446
att,A941,A310
att,A941,A1850
att,A943,A1925
att,A943,A1944
att,A943,A2569
att,A943,A488
att,A943,A1788
att,A943,A1139
att,A943,A774
att,A943,A189
att,A943,A2343
att,A943,A2093
att,A943,A1951
att,A943,A1653
att,A943,A1926
att,A943,A2150
att,A945,A1119
att,A945,A2209
att,A945,A1469
att,A945,A1012
att,A945,A1674
att,A945,A229
att,A946,A67
att,A946,A155
att,A946,A2528
att,A946,A2497
att,A946,A2403
att,A949,A2240
att,A949,A2490
att,A949,A594
att,A949,A310
att,A949,A2296
att,A949,A29
att,A952,A1399
att,A952,A1541
att,A952,A477
att,A952,A1080
att,A952,A267
att,A952,A1787
att,A952,A494
att,A952,A809
att,A952,A1361
att,A953,A1120
att,A953,A1709
att,A953,A1326
att,A956,A1714
att,A956,A664
att,A956,A2286
att,A956,A832
att,A956,A1095
att,A956,A11
att,A956,A560
att,A956,A2536
att,A956,A629
att,A956,A1629
att,A956,A36
att,A956,A379
att,A956,A2079
att,A956,A752
att,A956,A1886
att,A956,A277
att,A957,A2389
att,A957,A1889
att,A957,A1207
att,A957,A1451
att,A957,A1749
att,A957,A721
att,A957,A1395
att,A957,A63
att,A957,A1914
att,A957,A170
att,A957,A2553
att,A960,A2027
att,A960,A1878
att,A960,A58
att,A961,A723
att,A961,A1946
att,A961,A1464
att,A961,A85
att,A961,A83
att,A961,A660
att,A961,A2427
att,A961,A2165
att,A961,A2552
att,A961,A856
att,A961,A2133
att,A961,A344
att,A961,A631
att,A961,A654
att,A961,A1811
att,A961,A357
att,A961,A1526
att,A961,A1361
att,A961,A705
att,A961,A1064
att,A961,A2201
att,A963,A700
att,A963,A1554
att,A963,A1840
att,A963,A1165
att,A963,A1604
att,A965,A91
att,A965,A2057
att,A965,A483
att,A965,A1177
att,A965,A778
att,A965,A532
att,A965,A1732
att,A965,A10
att,A965,A286
att,A965,A77
att,A965,A435
att,A965,A868
att,A965,A1859
att,A965,A700
att,A965,A2489
att,A965,A80
att,A965,A1068
att,A965,A1188
att,A965,A306
att,A969,A1826
att,A969,A406
att,A969,A2070
att,A969,A642
att,A969,A1829
att,A969,A2317
att,A969,A1386
att,A971,A1453
att,A971,A89
att,A971,A1146
att,A971,A1104
att,A971,A1406
att,A971,A1954
att,A971,A2410
att,A971,A2433
att,A971,A321
att,A971,A233
att,A971,A1853
att,A971,A1020
att,A971,A66
att,A971,A2452
att,A971,A1967
att,A971,A2363
att,A971,A589
att,A972,A1554
att,A972,A536
att,A972,A72
att,A972,A60
att,A972,A1263
att,A972,A1799
att,A972,A1762
att,A972,A2048
att,A972,A1458
att,A972,A941
att,A972,A1717
att,A972,A2017
att,A972,A421
att,A972,A132
att,A973,A2567
att,A973,A1421
att,A973,A99
att,A973,A719
att,A973,A80
att,A973,A681
att,A973,A720
att,A973,A592
att,A973,A1927
att,A973,A2505
att,A973,A1319
att,A973,A1092
att,A973,A2507
att,A973,A745
att,A973,A324
att,A973,A1134
att,A973,A612
att,A973,A808
att,A973,A2351
att,A973,A1859
att,A973,A1949
att,A973,A1942
att,A973,A759
att,A973,A56
att,A973,A1706
att,A973,A2095
att,A973,A248
att,A973,A683
att,A973,A107
att,A974,A2186
att,A974,A449
att,A974,A1609
att,A974,A19
att,A974,A1926
att,A974,A1651
att,A974,A256
att,A974,A1833
att,A974,A419
att,A974,A1460
att,A979,A2193
att,A979,A2573
att,A979,A2455
att,A979,A2083
att,A979,A1804
att,A979,A186
att,A979,A89
att,A979,A1830
att,A979,A850
att,A979,A2431
att,A979,A1054
att,A980,A355
att,A980,A163
att,A980,A1649
att,A980,A87
att,A980,A837
att,A980,A1095
att,A982,A639
att,A982,A1976
att,A982,A1858
att,A982,A234
att,A982,A145
att,A982,A2360
att,A982,A545
att,A982,A573
att,A982,A2131
att,A982,A422
att,A982,A1516
att,A982,A612
att,A982,A1986
att,A982,A2080
att,A982,A1503
att,A982,A1323
att,A983,A1982
att,A983,A2309
att,A983,A452
att,A983,A1720
att,A983,A1169
att,A983,A1518
att,A983,A2013
att,A983,A2347
att,A983,A593
att,A983,A1886
att,A983,A357
att,A983,A555
att,A983,A513
att,A983,A2543
att,A983,A49
att,A983,A1151
att,A983,A180
att,A983,A1789
att,A986,A890
att,A986,A220
att,A986,A232
att,A986,A576
att,A986,A785
att,A986,A2296
att,A986,A1747
att,A986,A1750
att,A986,A2107
att,A986,A730
att,A986,A280
att,A986,A2133
att,A986,A2129
att,A986,A976
att,A988,A1311
att,A988,A2555
att,A988,A1333
att,A988,A1591
att,A988,A1469
att,A988,A2161
att,A990,A2023
att,A990,A1403
att,A990,A510
att,A990,A43
att,A990,A1246
att,A990,A1921
att,A990,A2347
att,A990,A2451
att,A990,A290
att,A990,A2044
att,A990,A177
att,A990,A659
att,A990,A454
att,A990,A2011
att,A990,A1296
att,A990,A2106
att,A990,A1294
att,A990,A2303
att,A990,A185
att,A990,A745
att,A990,A1598
att,A992,A1453
att,A992,A1963
att,A992,A885
att,A992,A457
att,A992,A716
att,A992,A373
att,A992,A504
att,A992,A17
att,A992,A172
att,A992,A576
att,A992,A2259
att,A992,A1935
att,A992,A2086
att,A992,A374
att,A992,A589
att,A992,A336
att,A992,A493
att,A992,A521
att,A992,A2023
att,A992,A613
att,A992,A1622
att,A992,A1048
att,A996,A939
att,A996,A824
att,A996,A1976
att,A996,A89
att,A996,A466
att,A996,A547
att,A996,A1504
att,A996,A2170
att,A997,A2215
att,A997,A454
att,A997,A1323
att,A997,A49
att,A997,A2038
att,A997,A489
att,A997,A1830
att,A997,A1548
att,A997,A477
att,A997,A1612
att,A997,A1789
att,A997,A1166
att,A997,A2518
att,A997,A308
att,A997,A2072
att,A997,A909
att,A997,A273
att,A998,A986
att,A998,A1693
att,A998,A2302
att,A998,A2399
att,A998,A323
att,A998,A411
att,A998,A56
att,A998,A2169
att,A998,A35
att,A998,A1136
att,A998,A1774
att,A998,A1594
att,A998,A1402
att,A998,A1200
att,A998,A1426
att,A999,A2444
att,A999,A1892
att,A999,A2000
att,A999,A2103
att,A999,A29
att,A999,A1171
att,A999,A1144
att,A999,A833
att,A999,A2218
att,A999,A2010
att,A999,A1086
att,A999,A1400
att,A999,A1618
att,A999,A903
att,A999,A148
att,A999,A989
att,A999,A532
att,A999,A436
att,A999,A1708
att,A1001,A934
att,A1001,A2175
att,A1001,A968
att,A1001,A1948
att,A1001,A295
att,A1001,A312
att,A1001,A2061
att,A1001,A2405
att,A1001,A1623
att,A1001,A279
att,A1001,A1757
att,A1001,A1255
att,A1001,A1040
att,A1003,A959
att,A1003,A1689
att,A1003,A1327
att,A1003,A2113
att,A1003,A2372
att,A1003,A447
att,A1003,A1446
att,A1003,A174
att,A1003,A1718
att,A1003,A2000
att,A1004,A63
att,A1004,A2364
att,A1004,A2397
att,A1004,A170
att,A1004,A2339
att,A1004,A1506
att,A1004,A2353
att,A1004,A217
att,A1006,A2238
att,A1006,A531
att,A1006,A1301
att,A1006,A126
att,A1006,A1703
att,A1006,A875
att,A1006,A686
att,A1006,A12
att,A1006,A1330
att,A1006,A1132
att,A1006,A1201
att,A1006,A53
att,A1006,A1088
att,A1008,A365
att,A1008,A1579
att,A1008,A1331
att,A1008,A892
att,A1008,A323
att,A1008,A2489
att,A1008,A1133
att,A1008,A104
att,A1010,A486
att,A1010,A1963
att,A1010,A1366
att,A1010,A108
att,A1010,A2296
att,A1010,A281
att,A1010,A1496
att,A1010,A1965
att,A1010,A1479
att,A1010,A54
att,A1010,A1406
att,A1011,A2526
att,A1011,A597
att,A1011,A1764
att,A1011,A1029
att,A1011,A195
att,A1011,A1551
att,A1011,A29
att,A1011,A509
att,A1011,A2346
att,A1011,A1630
att,A1011,A2482
att,A1011,A341
att,A1011,A825
att,A1011,A1237
att,A1011,A52
att,A1011,A1864
att,A1011,A1376
att,A1011,A2174
att,A1011,A361
att,A1011,A1771
att,A1011,A49
att,A1011,A414
att,A1012,A1135
att,A1012,A2573
att,A1012,A2212
att,A1012,A267
att,A1012,A75
att,A1012,A944
att,A1012,A1979
att,A1012,A342
att,A1012,A1228
att,A1012,A671
att,A1012,A1133
att,A1012,A1557
att,A1013,A1278
att,A1013,A629
att,A1013,A219
att,A1013,A956
att,A1013,A2083
att,A1013,A309
att,A1013,A314
att,A1013,A2305
att,A1013,A58
att,A1013,A263
att,A1013,A535
att,A1013,A746
att,A1013,A168
att,A1013,A503
att,A1013,A293
att,A1013,A356
att,A1013,A2458
att,A1013,A1
att,A1013,A1134
att,A1013,A1415
att,A1013,A141
att,A1013,A875
att,A1013,A1757
att,A1013,A576
att,A1013,A2140
att,A1014,A2088
att,A1014,A1607
att,A1014,A760
att,A1014,A2470
att,A1014,A1487
att,A1014,A1799
att,A1014,A472
att,A1014,A1406
att,A1014,A2012
att,A1014,A378
att,A1014,A2591
att,A1014,A1560
att,A1014,A1152
att,A1014,A1155
att,A1014,A48
att,A1014,A2350
att,A1016,A1004
att,A1016,A191
att,A1018,A540
att,A1018,A1617
att,A1018,A1354
att,A1018,A66
att,A1018,A553
att,A1018,A1812
att,A1018,A2247
att,A1018,A2472
att,A1018,A1571
att,A1018,A2051
att,A1018,A2205
att,A1018,A1300
att,A1018,A1527
att,A1018,A300
att,A1018,A105
att,A1018,A1048
att,A1018,A768
att,A1018,A2559
att,A1018,A1859
att,A1018,A362
att,A1018,A20
att,A1018,A1718
att,A1018,A1341
att,A1018,A1609
att,A1019,A1752
att,A1019,A967
att,A1019,A579
att,A1019,A1515
att,A1019,A457
att,A1019,A1395
att,A1019,A2390
att,A1019,A87
att,A1019,A1618
att,A1019,A2513
att,A1019,A2180
att,A1019,A865
att,A1019,A850
att,A1019,A1183
att,A1019,A546
att,A1019,A1852
att,A1019,A10
att,A1019,A1124
att,A1019,A110
att,A1019,A499
att,A1019,A576
att,A1019,A1811
att,A1019,A345
att,A1019,A1236
att,A1020,A2075
att,A1020,A174
att,A1020,A2543
att,A1020,A859
att,A1020,A196
att,A1020,A2128
att,A1020,A1266
att,A1020,A850
att,A1020,A507
att,A1020,A916
att,A1020,A1070
att,A1020,A1172
att,A1020,A964
att,A1020,A2572
att,A1020,A2101
att,A1020,A748
att,A1020,A2550
att,A1022,A435
att,A1022,A1623
att,A1022,A1693
att,A1022,A1387
att,A1023,A984
att,A1023,A795
att,A1023,A691
att,A1023,A1213
att,A1023,A787
att,A1023,A1724
att,A1023,A1735
att,A1023,A2005
att,A1024,A1882
att,A1024,A1330
att,A1024,A774
att,A1024,A1453
att,A1024,A1174
att,A1024,A950
att,A1024,A1112
att,A1024,A1138
att,A1024,A1550
att,A1024,A1283
att,A1024,A2045
att,A1024,A265
att,A1024,A798
att,A1024,A1118
att,A1026,A1642
att,A1026,A1113
att,A1026,A95
att,A1026,A257
att,A1027,A2489
att,A1027,A492
att,A1027,A2383
att,A1027,A109
att,A1027,A2359
att,A1030,A2412
att,A1030,A1195
att,A1030,A322
att,A1030,A1998
att,A1030,A495
att,A1030,A1575
att,A1030,A982
att,A1030,A1711
att,A1030,A1534
att,A1030,A1858
att,A1030,A241
att,A1030,A2293
att,A1030,A2024
att,A1031,A1382
att,A1031,A791
att,A1031,A226
att,A1031,A155
att,A1031,A2110
att,A1031,A2566
att,A1031,A1586
att,A1031,A2220
att,A1031,A1956
att,A1031,A2069
att,A1031,A2365
att,A1031,A510
att,A1031,A1820
att,A1031,A2491
att,A1031,A2274
att,A1031,A1946
att,A1031,A1660
att,A1031,A915
att,A1032,A456
att,A1032,A1746
att,A1033,A79
att,A1033,A1012
att,A1033,A1774
att,A1033,A96
att,A1033,A186
att,A1033,A864
att,A1033,A1893
att,A1033,A1745
att,A1033,A662
att,A1033,A2328
att,A1033,A1264
att,A1033,A1456
att,A1033,A1946
att,A1033,A406
att,A1033,A84
att,A1033,A140
att,A1033,A1817
att,A1033,A526
att,A1033,A1466
att,A1033,A863
att,A1033,A2511
att,A1033,A221
att,A1033,A1676
att,A1033,A357
att,A1033,A1164
att,A1033,A2517
att,A1033,A1532
att,A1033,A728
att,A1033,A1510
att,A1034,A1304
att,A1034,A2181
att,A1034,A2229
att,A1034,A742
att,A1034,A2446
att,A1034,A364
att,A1034,A1978
att,A1034,A853
att,A1034,A564
att,A1034,A228
att,A1034,A2262
att,A1034,A692
att,A1034,A374
att,A1034,A847
att,A1034,A290
att,A1034,A1997
att,A1034,A179
att,A1034,A1774
att,A1034,A1255
att,A1034,A204
att,A1034,A587
att,A1035,A831
att,A1035,A2166
att,A1035,A411
att,A1035,A664
att,A1035,A1174
att,A1035,A2032
att,A1035,A1208
att,A1035,A122
att,A1035,A810
att,A1035,A513
att,A1035,A2122
att,A1035,A1835
att,A1036,A1877
att,A1036,A641
att,A1036,A2179
att,A1036,A1883
att,A1036,A1885
att,A1036,A1495
att,A1036,A2455
att,A1036,A985
att,A1036,A2071
att,A1036,A1139
att,A1036,A128
att,A1036,A2464
att,A1036,A2321
att,A1036,A1137
att,A1036,A2383
att,A1037,A1024
att,A1037,A1776
att,A1037,A1988
att,A1037,A1568
att,A1037,A1864
att,A1037,A1956
att,A1037,A604
att,A1037,A1445
att,A1037,A2366
att,A1037,A407
att,A1037,A484
att,A1040,A375
att,A1040,A1264
att,A1040,A2552
att,A1040,A1517
att,A1040,A1755
att,A1040,A2176
att,A1040,A1890
att,A1040,A254
att,A1040,A1058
att,A1040,A1662
att,A1040,A1697
att,A1040,A2444
att,A1040,A927
att,A1040,A2040
att,A1041,A2557
att,A1041,A241
att,A1041,A1580
att,A1041,A418
att,A1041,A1250
att,A1041,A298
att,A1041,A1685
att,A1041,A606
att,A1041,A1470
att,A1041,A1799
att,A1041,A37
att,A1041,A519
att,A1041,A860
att,A1041,A619
att,A1045,A1886
att,A1045,A1904
att,A1046,A899
att,A1046,A729
att,A1046,A2359
att,A1046,A1801
att,A1047,A2109
att,A1047,A2174
att,A1047,A1256
att,A1047,A2525
att,A1047,A60
att,A1047,A2080
att,A1047,A28
att,A1047,A13
att,A1047,A2262
att,A1050,A640
att,A1050,A1951
att,A1050,A1638
att,A1050,A2344
att,A1050,A1486
att,A1050,A1195
att,A1050,A460
att,A1050,A2205
att,A1050,A534
att,A1050,A2529
att,A1050,A1570
att,A1050,A2072
att,A1050,A413
att,A1050,A1629
att,A1050,A597
att,A1050,A906
att,A1050,A1794
att,A1050,A454
att,A1050,A1778
att,A1050,A1136
att,A1050,A1561
att,A1052,A433
att,A1052,A1664
att,A1052,A1640
att,A1052,A2289
att,A1054,A526
att,A1054,A1459
att,A1054,A2189
att,A1054,A157
att,A1055,A1633
att,A1055,A1608
att,A1055,A2543
att,A1055,A1827
att,A1055,A172
att,A1056,A2433
att,A1056,A705
att,A1056,A434
att,A1056,A1970
att,A1056,A1647
att,A1056,A761
att,A1056,A1819
att,A1056,A427
att,A1056,A1364
att,A1056,A1284
att,A1056,A1194
att,A1056,A1978
att,A1056,A1336
att,A1056,A1981
att,A1056,A232
att,A1056,A1047
att,A1056,A350
att,A1056,A2270
att,A1056,A971
att,A1056,A443
att,A1061,A471
att,A1061,A2146
att,A1061,A2235
att,A1061,A1419
att,A1061,A1711
att,A1061,A1245
att,A1061,A2446
att,A1064,A1243
att,A1064,A1826
att,A1064,A2539
att,A1064,A1662
att,A1066,A2059
att,A1066,A1584
att,A1066,A2522
att,A1066,A1987
att,A1066,A1997
att,A1066,A2015
att,A1066,A2146
att,A1066,A1395
att,A1066,A541
att,A1066,A1896
att,A1066,A555
att,A1066,A1218
att,A1066,A1647
att,A1066,A1818
att,A1066,A2576
att,A1066,A637
att,A1066,A356
att,A1066,A341
att,A1066,A99
att,A1066,A2298
att,A1066,A2220
att,A1066,A2165
att,A1066,A336
att,A1066,A2253
att,A1068,A1432
att,A1068,A2463
att,A1068,A1563
att,A1068,A2340
att,A1068,A1300
att,A1068,A1861
att,A1068,A1622
att,A1068,A774
att,A1068,A1840
att,A1068,A2035
att,A1068,A1922
att,A1068,A1833
att,A1068,A1632
att,A1068,A2462
att,A1068,A69
att,A1068,A1382
att,A1068,A741
att,A1068,A1099
att,A1068,A1350
att,A1068,A676
att,A1070,A2316
att,A1070,A2442
att,A1070,A1042
att,A1070,A1054
att,A1070,A19
att,A1070,A784
att,A1071,A2103
att,A1071,A2536
att,A1071,A1132
att,A1071,A1547
att,A1071,A1940
att,A1071,A1651
att,A1071,A1337
att,A1071,A2425
att,A1071,A2494
att,A1072,A1096
att,A1072,A1620
att,A1072,A1541
att,A1072,A179
att,A1072,A145
att,A1072,A1146
att,A1072,A771
att,A1072,A2555
att,A1072,A1295
att,A1072,A2578
att,A1072,A1829
att,A1075,A803
att,A1075,A743
att,A1075,A1741
att,A1075,A1946
att,A1075,A1521
att,A1075,A253
att,A1075,A1523
att,A1075,A548
att,A1075,A1988
att,A1079,A1167
att,A1079,A2048
att,A1079,A1269
att,A1079,A6
att,A1079,A184
att,A1079,A1129
att,A1079,A578
att,A1079,A399
att,A1079,A653
att,A1079,A234
att,A1080,A1445
att,A1080,A2364
att,A1080,A111
att,A1080,A272
att,A1080,A1614
att,A1080,A2034
att,A1080,A338
att,A1080,A185
att,A1080,A718
att,A1080,A1240
att,A1080,A234
att,A1080,A1408
att,A1080,A1018
att,A1085,A12
att,A1085,A1942
att,A1085,A140
att,A1085,A1834
att,A1085,A458
att,A1085,A2520
att,A1085,A2328
att,A1085,A1073
att,A1085,A109
att,A1085,A392
att,A1085,A585
att,A1085,A114
att,A1085,A773
att,A1085,A1203
att,A1085,A1569
att,A1085,A1392
att,A1085,A2055
att,A1085,A2313
att,A1085,A49
att,A1086,A430
att,A1086,A39
att,A1087,A1241
att,A1087,A781
att,A1087,A347
att,A1087,A1307
att,A1087,A1014
att,A1087,A1262
att,A1087,A1236
att,A1087,A932
att,A1090,A1771
att,A1090,A2301
att,A1090,A1130
att,A1090,A1777
att,A1090,A1482
att,A1093,A2137
att,A1093,A2560
att,A1093,A1629
att,A1093,A335
att,A1093,A1691
att,A1093,A184
att,A1093,A1551
att,A1093,A1582
att,A1093,A2598
att,A1093,A2451
att,A1093,A2419
att,A1093,A1278
att,A1093,A1313
att,A1093,A949
att,A1093,A714
att,A1093,A1214
att,A1093,A1028
att,A1093,A2083
att,A1094,A834
att,A1094,A1033
att,A1094,A1895
att,A1094,A1774
att,A1095,A1352
att,A1095,A184
att,A1095,A2231
att,A1095,A2388
att,A1095,A2241
att,A1095,A2553
att,A1095,A986
att,A1095,A1078
att,A1095,A767
att,A1095,A1180
att,A1095,A2498
att,A1095,A2125
att,A1095,A10
att,A1095,A1512
att,A1095,A2482
att,A1095,A2320
att,A1096,A1785
att,A1096,A2245
att,A1096,A1879
att,A1096,A2223
att,A1096,A932
att,A1096,A2201
att,A1096,A698
att,A1096,A2436
att,A1096,A364
att,A1096,A2219
att,A1096,A368
att,A1096,A766
att,A1096,A2589
att,A1096,A1162
att,A1096,A1628
att,A1096,A2476
att,A1096,A1539
att,A1098,A74
att,A1098,A169
att,A1098,A2430
att,A1098,A1521
att,A1098,A2174
att,A1098,A510
att,A1098,A2546
att,A1098,A695
att,A1098,A97
att,A1098,A171
att,A1098,A2508
att,A1099,A2491
att,A1099,A2050
att,A1099,A74
att,A1099,A2319
att,A1099,A1788
att,A1099,A1217
att,A1099,A2507
att,A1099,A476
att,A1099,A2059
att,A1100,A890
att,A1100,A929
att,A1100,A1537
att,A1100,A2371
att,A1100,A2328
att,A1100,A526
att,A1100,A2426
att,A1100,A2585
att,A1100,A177
att,A1100,A1047
att,A1100,A1266
att,A1100,A2203
att,A1100,A1263
att,A1101,A614
att,A1105,A2422
att,A1105,A2411
att,A1105,A1993
att,A1105,A1922
att,A1106,A935
att,A1106,A2077
att,A1106,A2452
att,A1106,A1063
att,A1106,A566
att,A1106,A588
att,A1106,A829
att,A1106,A2400
att,A1106,A2433
att,A1106,A1276
att,A1106,A198
att,A1106,A1432
att,A1106,A670
att,A1106,A2223
att,A1106,A1514
att,A1106,A560
att,A1106,A1245
att,A1106,A629
att,A1106,A474
att,A1106,A1534
att,A1106,A1312
att,A1106,A136
att,A1106,A70
att,A1111,A2089
att,A1111,A573
att,A1111,A1947
att,A1111,A271
att,A1111,A632
att,A1111,A772
att,A1111,A1255
att,A1111,A965
att,A1111,A2040
att,A1111,A2045
att,A1111,A1434
att,A1111,A1152
att,A1111,A597
att,A1111,A2402
att,A1111,A2538
att,A1111,A1372
att,A1111,A176
att,A1111,A540
att,A1114,A800
att,A1114,A1868
att,A1114,A2154
att,A1114,A2314
att,A1114,A2400
att,A1114,A103
att,A1114,A1358
att,A1114,A2342
att,A1114,A1845
att,A1114,A2471
att,A1114,A1234
att,A1114,A2078
att,A1114,A2362
att,A1114,A1464
att,A1114,A2022
att,A1114,A869
att,A1114,A318
att,A1114,A2036
att,A1114,A916
att,A1114,A1197
att,A1114,A1363
att,A1114,A335
att,A1114,A625
att,A1115,A108
att,A1115,A683
att,A1115,A1108
att,A1115,A1337
att,A1115,A2016
att,A1115,A2111
att,A1115,A1485
att,A1115,A1052
att,A1121,A1984
att,A1121,A1752
att,A1121,A1695
att,A1121,A1753
att,A1121,A1524
att,A1121,A1736
att,A1121,A2514
att,A1121,A888
att,A1121,A11
att,A1121,A525
att,A1121,A1503
att,A1121,A990
att,A1121,A1427
att,A1121,A2511
att,A1121,A444
att,A1121,A2069
att,A1121,A2394
att,A1121,A999
att,A1121,A16
att,A1121,A2314
att,A1121,A1360
att,A1121,A1368
att,A1121,A1620
att,A1121,A805
att,A1121,A421
att,A1121,A77
att,A1121,A1740
att,A1121,A791
att,A1121,A1520
att,A1123,A1421
att,A1123,A2052
att,A1123,A558
att,A1123,A959
att,A1123,A1919
att,A1123,A1247
att,A1124,A52
att,A1124,A209
att,A1124,A1035
att,A1124,A916
att,A1124,A564
att,A1124,A2372
att,A1124,A474
att,A1124,A1496
att,A1124,A1597
att,A1124,A679
att,A1126,A1640
att,A1126,A2373
att,A1126,A822
att,A1126,A1220
att,A1126,A2191
att,A1126,A2044
att,A1126,A2158
att,A1126,A1758
att,A1126,A2147
att,A1126,A688
att,A1126,A1143
att,A1126,A2177
att,A1126,A2306
att,A1126,A388
att,A1126,A1642
att,A1126,A773
att,A1126,A1880
att,A1126,A853
att,A1126,A610
att,A1126,A1478
att,A1126,A511
att,A1126,A2219
att,A1126,A2167
att,A1126,A146
att,A1126,A248
att,A1127,A123
att,A1127,A2378
att,A1127,A1526
att,A1127,A2035
att,A1127,A1686
att,A1127,A1861
att,A1127,A2302
att,A1127,A2428
att,A1127,A2109
att,A1127,A2381
att,A1127,A1275
att,A1127,A1142
att,A1127,A1482
att,A1127,A844
att,A1127,A1801
att,A1127,A811
att,A1127,A311
att,A1127,A382
att,A1127,A478
att,A1127,A624
att,A1127,A1546
att,A1127,A602
att,A1129,A405
att,A1129,A1239
att,A1129,A876
att,A1129,A368
att,A1129,A2165
att,A1129,A1525
att,A1129,A832
att,A1129,A957
att,A1129,A1183
att,A1129,A751
att,A1129,A433
att,A1129,A2064
att,A1130,A2430
att,A1130,A911
att,A1130,A1554
att,A1130,A2011
att,A1130,A2271
att,A1130,A2105
att,A1130,A330
att,A1130,A101
att,A1130,A937
att,A1130,A2152
att,A1130,A1868
att,A1130,A2034
att,A1130,A1149
att,A1130,A809
att,A1130,A225
att,A1131,A1938
att,A1131,A2289
att,A1131,A1045
att,A1131,A483
att,A1131,A1708
att,A1131,A92
att,A1131,A1369
att,A1131,A575
att,A1131,A802
att,A1131,A1461
att,A1131,A2458
att,A1131,A1953
att,A1131,A121
att,A1131,A33
att,A1133,A1455
att,A1133,A1667
att,A1133,A1598
att,A1133,A1965
att,A1133,A2041
att,A1133,A1363
att,A1133,A1911
att,A1133,A934
att,A1133,A768
att,A1133,A2250
att,A1133,A290
att,A1133,A180
att,A1133,A1531
att,A1133,A130
att,A1138,A143
att,A1138,A793
att,A1138,A704
att,A1138,A1128
att,A1138,A510
att,A1138,A1527
att,A1138,A1620
att,A1138,A478
att,A1138,A2480
att,A1138,A2216
att,A1138,A2115
att,A1138,A438
att,A1138,A1639
att,A1138,A1862
att,A1140,A200
att,A1140,A1765
att,A1140,A1695
att,A1140,A1648
att,A1140,A944
att,A1140,A1766
att,A1140,A1511
att,A1140,A2521
att,A1140,A2508
att,A1140,A516
att,A1140,A246
att,A1140,A1891
att,A1140,A2594
att,A1140,A1107
att,A1142,A953
att,A1142,A2120
att,A1142,A2578
att,A1142,A192
att,A1142,A890
att,A1142,A1355
att,A1142,A1307
att,A1142,A1160
att,A1142,A58
att,A1142,A319
att,A1144,A1017
att,A1144,A262
att,A1144,A1624
att,A1144,A1658
att,A1144,A2189
att,A1144,A2103
att,A1144,A1062
att,A1144,A607
att,A1144,A1157
att,A1145,A1035
att,A1145,A1720
att,A1145,A282
att,A1145,A1680
att,A1145,A294
att,A1145,A1230
att,A1145,A44
att,A1145,A1760
att,A1145,A1718
att,A1145,A746
att,A1145,A2553
att,A1145,A2084
att,A1145,A1353
att,A1145,A1892
att,A1145,A2100
att,A1146,A954
att,A1146,A2111
att,A1146,A2350
att,A1146,A380
att,A1146,A2141
att,A1146,A294
att,A1146,A1201
att,A1146,A2457
att,A1146,A2525
att,A1146,A899
att,A1146,A1039
att,A1146,A2073
att,A1146,A50
att,A1146,A1955
att,A1146,A2206
att,A1146,A1366
att,A1146,A1879
att,A1146,A2498
att,A1146,A1380
att,A1146,A1007
att,A1146,A633
att,A1146,A2258
att,A1146,A1939
att,A1146,A1594
att,A1148,A113
att,A1148,A717
att,A1148,A876
att,A1148,A1258
att,A1148,A1895
att,A1148,A249
att,A1148,A1512
att,A1148,A150
att,A1148,A2272
att,A1148,A1766
att,A1148,A2527
att,A1148,A599
att,A1148,A2415
att,A1148,A1243
att,A1148,A2143
att,A1148,A1779
att,A1148,A151
att,A1148,A1451
att,A1148,A2025
att,A1148,A402
att,A1148,A1797
att,A1148,A1440
att,A1148,A2451
att,A1148,A2172
att,A1151,A982
att,A1151,A1048
att,A1151,A204
att,A1151,A1047
att,A1151,A1457
att,A1151,A2458
att,A1151,A1458
att,A1151,A418
att,A1153,A731
att,A1153,A2487
att,A1153,A537
att,A1153,A167
att,A1153,A1575
att,A1153,A1122
att,A1153,A744
att,A1153,A1837
att,A1153,A540
att,A1153,A978
att,A1153,A1773
att,A1153,A1355
att,A1153,A1755
att,A1153,A1103
att,A1153,A556
att,A1153,A1308
att,A1153,A464
att,A1153,A2414
att,A1153,A505
att,A1153,A2503
att,A1153,A741
att,A1153,A638
att,A1153,A1433
att,A1153,A164
att,A1153,A485
att,A1153,A386
att,A1153,A2017
att,A1153,A1131
att,A1153,A691
att,A1153,A1357
att,A1155,A1561
att,A1155,A401
att,A1155,A1494
att,A1155,A909
att,A1156,A1745
att,A1156,A1714
att,A1156,A2249
att,A1156,A2365
att,A1156,A488
att,A1156,A1416
att,A1156,A266
att,A1156,A1532
att,A1156,A263
att,A1156,A1350
att,A1156,A2430
att,A1156,A1682
att,A1156,A1718
att,A1156,A2404
att,A1156,A2483
att,A1156,A472
att,A1156,A2197
att,A1156,A1636
att,A1157,A193
att,A1157,A355
att,A1157,A651
att,A1157,A720
att,A1157,A2274
att,A1157,A771
att,A1157,A2205
att,A1157,A645
att,A1157,A1037
att,A1157,A2498
att,A1157,A2180
att,A1157,A1190
att,A1157,A680
att,A1157,A2570
att,A1157,A361
att,A1157,A553
att,A1158,A266
att,A1158,A103
att,A1158,A790
att,A1158,A930
att,A1158,A2161
att,A1158,A1058
att,A1158,A1719
att,A1158,A1545
att,A1158,A175
att,A1158,A2154
att,A1158,A287
att,A1158,A434
att,A1158,A2184
att,A1158,A2261
att,A1158,A264
att,A1158,A2119
att,A1159,A1207
att,A1159,A551
att,A1159,A2413
att,A1159,A116
att,A1159,A2241
att,A1159,A1454
att,A1159,A261
att,A1159,A1100
att,A1159,A2117
att,A1159,A2548
att,A1159,A1731
att,A1159,A121
att,A1159,A1545
att,A1159,A2492
att,A1159,A477
att,A1161,A116
att,A1161,A2187
att,A1161,A544
att,A1161,A218
att,A1161,A268
att,A1161,A401
att,A1161,A21
att,A1161,A441
att,A1161,A1334
att,A1161,A1513
att,A1161,A332
att,A1161,A168
att,A1161,A1088
att,A1161,A384
att,A1161,A1581
att,A1161,A1702
att,A1161,A554
att,A1161,A870
att,A1161,A357
att,A1161,A513
att,A1163,A1550
att,A1163,A336
att,A1163,A411
att,A1163,A37
att,A1163,A603
att,A1163,A1697
att,A1163,A1124
att,A1163,A109
att,A1163,A154
att,A1163,A468
att,A1163,A1973
att,A1163,A220
att,A1163,A1418
att,A1163,A107
att,A1163,A1109
att,A1163,A650
att,A1169,A2155
att,A1169,A692
att,A1169,A2534
att,A1169,A2017
att,A1169,A1509
att,A1169,A1307
att,A1169,A2164
att,A1169,A837
att,A1169,A1448
att,A1169,A1254
att,A1169,A408
att,A1169,A1318
att,A1169,A1256
att,A1169,A386
att,A1171,A558
att,A1171,A882
att,A1171,A2197
att,A1172,A1823
att,A1172,A1936
att,A1172,A473
att,A1172,A770
att,A1172,A1737
att,A1172,A1699
att,A1172,A2471
att,A1172,A728
att,A1175,A1659
att,A1175,A35
att,A1175,A1206
att,A1175,A2307
att,A1175,A20
att,A1176,A1847
att,A1176,A331
att,A1176,A1305
att,A1176,A1906
att,A1176,A939
att,A1176,A568
att,A1176,A272
att,A1176,A1625
att,A1176,A1107
att,A1176,A2286
att,A1176,A2447
att,A1176,A695
att,A1176,A107
att,A1176,A2131
att,A1176,A1948
att,A1176,A379
att,A1176,A916
att,A1176,A1731
att,A1176,A2302
att,A1176,A1286
att,A1176,A330
att,A1176,A1935
att,A1180,A1001
att,A1180,A2232
att,A1180,A2336
att,A1180,A199
att,A1180,A1455
att,A1181,A2069
att,A1181,A2065
att,A1181,A541
att,A1181,A1176
att,A1181,A421
att,A1181,A1285
att,A1182,A214
att,A1182,A849
att,A1182,A1744
att,A1182,A2193
att,A1182,A415
att,A1182,A2577
att,A1182,A659
att,A1182,A1149
att,A1182,A1820
att,A1182,A2359
att,A1182,A2066
att,A1182,A167
att,A1182,A2211
att,A1182,A1192
att,A1182,A2467
att,A1182,A1837
att,A1182,A867
att,A1182,A57
att,A1182,A1162
att,A1182,A574
att,A1182,A1989
att,A1182,A2495
att,A1182,A672
att,A1182,A442
att,A1182,A1847
att,A1184,A2351
att,A1184,A1094
att,A1184,A731
att,A1184,A2413
att,A1184,A881
att,A1184,A2542
att,A1184,A1913
att,A1184,A2052
att,A1184,A477
att,A1184,A647
att,A1184,A2010
att,A1184,A1772
att,A1184,A143
att,A1184,A1016
att,A1184,A966
att,A1184,A1926
att,A1184,A419
att,A1184,A1512
att,A1184,A1288
att,A1189,A2029
att,A1189,A675
att,A1189,A1979
att,A1189,A496
att,A1189,A437
att,A1189,A822
att,A1189,A1571
att,A1189,A720
att,A1189,A1489
att,A1189,A2280
att,A1189,A1264
att,A1189,A1004
att,A1189,A1193
att,A1189,A298
att,A1189,A1253
att,A1189,A1276
att,A1189,A749
att,A1189,A2071
att,A1189,A2368
att,A1190,A809
att,A1190,A2032
att,A1190,A698
att,A1190,A1205
att,A1190,A208
att,A1190,A707
att,A1193,A503
att,A1193,A1151
att,A1193,A2559
att,A1193,A995
att,A1193,A1933
att,A1193,A738
att,A1193,A2039
att,A1193,A1670
att,A1193,A1668
att,A1193,A880
att,A1193,A1913
att,A1195,A358
att,A1195,A1590
att,A1195,A321
att,A1195,A1598
att,A1195,A2302
att,A1195,A1606
att,A1195,A1308
att,A1195,A545
att,A1195,A1301
att,A1195,A220
att,A1195,A1417
att,A1195,A1821
att,A1195,A568
att,A1195,A182
att,A1195,A234
att,A1197,A265
att,A1197,A680
att,A1197,A767
att,A1197,A307
att,A1197,A1639
att,A1197,A2370
att,A1197,A75
att,A1197,A1613
att,A1197,A2580
att,A1197,A1946
att,A1197,A754
att,A1197,A751
att,A1197,A2336
att,A1197,A631
att,A1197,A994
att,A1197,A993
att,A1197,A540
att,A1197,A27
att,A1197,A1940
att,A1197,A1402
att,A1199,A425
att,A1199,A1022
att,A1199,A1538
att,A1199,A1478
att,A1199,A2042
att,A1199,A1115
att,A1199,A981
att,A1199,A1017
att,A1199,A709
att,A1199,A1353
att,A1199,A975
att,A1199,A1426
att,A1199,A1414
att,A1199,A1571
att,A1199,A574
att,A1199,A1026
att,A1199,A1192
att,A1199,A2304
att,A1199,A2401
att,A1200,A1356
att,A1200,A1167
att,A1200,A956
att,A1200,A7
att,A1200,A97
att,A1200,A24
att,A1200,A1917
att,A1200,A2409
att,A1200,A998
att,A1200,A1987
att,A1200,A101
att,A1200,A2423
att,A1203,A618
att,A1203,A2568
att,A1203,A11
att,A1203,A1545
att,A1203,A670
att,A1203,A1665
att,A1203,A1996
att,A1203,A1015
att,A1203,A441
att,A1203,A2050
att,A1203,A500
att,A1203,A275
att,A1203,A170
att,A1203,A2312
att,A1203,A2376
att,A1203,A293
att,A1203,A127
att,A1203,A114
att,A1203,A2056
att,A1205,A198
att,A1205,A2345
att,A1205,A1244
att,A1205,A638
att,A1205,A211
att,A1205,A1917
att,A1205,A2231
att,A1205,A1681
att,A1205,A28
att,A1205,A1758
att,A1205,A147
att,A1205,A2313
att,A1205,A883
att,A1205,A109
att,A1205,A1726
att,A1205,A1479
att,A1207,A1068
att,A1207,A1972
att,A1207,A619
att,A1207,A1238
att,A1207,A1906
att,A1207,A599
att,A1207,A1530
att,A1207,A1044
att,A1211,A2368
att,A1211,A2494
att,A1211,A2294
att,A1211,A62
att,A1211,A2386
att,A1211,A1227
att,A1211,A2091
att,A1211,A78
att,A1211,A2024
att,A1211,A1964
att,A1211,A145
att,A1211,A2566
att,A1211,A933
att,A1211,A2033
att,A1211,A2346
att,A1214,A1631
att,A1214,A685
att,A1214,A1423
att,A1214,A51
att,A1214,A727
att,A1214,A481
att,A1214,A2547
att,A1214,A640
att,A1214,A1566
att,A1214,A1264
att,A1214,A2558
att,A1214,A1230
att,A1214,A2104
att,A1214,A612
att,A1214,A2380
att,A1215,A1571
att,A1215,A1115
att,A1215,A38
att,A1215,A1815
att,A1215,A1232
att,A1215,A334
att,A1219,A2122
att,A1220,A1177
att,A1220,A1694
att,A1220,A2301
att,A1220,A135
att,A1220,A1503
att,A1220,A1963
att,A1220,A471
att,A1223,A1320
att,A1223,A2596
att,A1223,A1720
att,A1223,A2598
att,A1223,A229
att,A1225,A1673
att,A1225,A1004
att,A1225,A1654
att,A1225,A1857
att,A1225,A754
att,A1225,A1372
att,A1225,A726
att,A1225,A2586
att,A1225,A1354
att,A1225,A880
att,A1226,A1449
att,A1226,A478
att,A1226,A734
att,A1226,A180
att,A1226,A1247
att,A1226,A1638
att,A1226,A2011
att,A1226,A1486
att,A1226,A2016
att,A1226,A130
att,A1226,A2156
att,A1226,A744
att,A1226,A689
att,A1226,A1784
att,A1226,A489
att,A1226,A139
att,A1226,A2568
att,A1226,A1687
att,A1226,A1140
att,A1226,A1758
att,A1226,A390
att,A1226,A844
att,A1229,A700
att,A1229,A654
att,A1229,A2136
att,A1229,A924
att,A1229,A2561
att,A1229,A421
att,A1229,A1795
att,A1229,A1047
att,A1229,A1065
att,A1229,A87
att,A1229,A301
att,A1229,A1847
att,A1229,A656
att,A1229,A1468
att,A1229,A2052
att,A1230,A1220
att,A1230,A1715
att,A1230,A477
att,A1230,A521
att,A1230,A2571
att,A1230,A1615
att,A1230,A2076
att,A1230,A502
att,A1230,A417
att,A1230,A452
att,A1234,A997
att,A1234,A445
att,A1234,A1988
att,A1240,A1285
att,A1240,A1875
att,A1240,A1330
att,A1240,A492
att,A1240,A690
att,A1240,A1324
att,A1240,A2125
att,A1240,A2010
att,A1240,A83
att,A1240,A188
att,A1240,A980
att,A1240,A2347
att,A1240,A2105
att,A1240,A460
att,A1240,A2247
att,A1240,A2300
att,A1240,A1356
att,A1240,A1633
att,A1241,A1676
att,A1241,A324
att,A1247,A1746
att,A1247,A412
att,A1247,A54
att,A1247,A1924
att,A1247,A286
att,A1247,A1037
att,A1248,A2174
att,A1248,A1628
att,A1248,A1862
att,A1248,A1007
att,A1248,A928
att,A1248,A640
att,A1248,A94
att,A1248,A299
att,A1248,A2281
att,A1248,A65
att,A1248,A776
att,A1248,A943
att,A1248,A1078
att,A1248,A2487
att,A1248,A2182
att,A1249,A1200
att,A1249,A1513
att,A1249,A2182
att,A1249,A877
att,A1249,A222
att,A1249,A807
att,A1249,A1962
att,A1251,A518
att,A1251,A2107
att,A1256,A693
att,A1256,A645
att,A1256,A85
att,A1256,A554
att,A1256,A593
att,A1256,A1986
att,A1259,A2375
att,A1259,A190
att,A1259,A1894
att,A1259,A501
att,A1259,A1212
att,A1259,A1437
att,A1259,A2339
att,A1259,A1794
att,A1259,A628
att,A1259,A337
att,A1259,A1460
att,A1259,A534
att,A1259,A1356
att,A1259,A1341
att,A1259,A1590
att,A1259,A2089
att,A1260,A856
att,A1260,A311
att,A1260,A1161
att,A1260,A2016
att,A1260,A12
att,A1260,A2135
att,A1260,A2556
att,A1260,A1667
att,A1260,A488
att,A1260,A2253
att,A1260,A1384
att,A1260,A926
att,A1260,A2191
att,A1260,A1231
att,A1260,A130
att,A1260,A2316
att,A1260,A1778
att,A1260,A49
att,A1260,A999
att,A1260,A1446
att,A1260,A746
att,A1260,A490
att,A1260,A2538
att,A1260,A1284
att,A1260,A1622
att,A1261,A2549
att,A1261,A420
att,A1261,A2404
att,A1261,A128
att,A1261,A1276
att,A1262,A2239
att,A1262,A1104
att,A1262,A1289
att,A1262,A2594
att,A1262,A1388
att,A1263,A1933
att,A1263,A444
att,A1263,A383
att,A1264,A522
att,A1264,A1383
att,A1264,A154
att,A1264,A223
att,A1264,A2353
att,A1264,A441
att,A1264,A2010
att,A1264,A2340
att,A1265,A1462
att,A1265,A233
att,A1265,A1802
att,A1265,A1798
att,A1267,A1210
att,A1267,A1980
att,A1268,A1365
att,A1268,A1390
att,A1270,A2010
att,A1270,A1744
att,A1270,A583
att,A1270,A790
att,A1270,A326
att,A1270,A2283
att,A1270,A2164
att,A1270,A671
att,A1271,A560
att,A1271,A1401
att,A1271,A1306
att,A1271,A269
att,A1271,A1000
att,A1271,A1553
att,A1271,A1771
att,A1271,A986
att,A1271,A5
att,A1271,A1763
att,A1271,A2249
att,A1271,A206
att,A1271,A1937
att,A1271,A755
att,A1271,A1748
att,A1271,A1809
att,A1271,A1880
att,A1271,A2043
att,A1271,A1077
att,A1271,A1154
att,A1271,A544
att,A1271,A2074
att,A1277,A1994
att,A1277,A1108
att,A1277,A85
att,A1277,A92
att,A1277,A1956
att,A1277,A125
att,A1278,A2458
att,A1278,A1073
att,A1278,A1206
att,A1278,A915
att,A1278,A842
att,A1278,A2478
att,A1278,A1440
att,A1278,A2023
att,A1278,A1915
att,A1278,A2036
att,A1278,A2461
att,A1278,A2177
att,A1278,A126
att,A1278,A588
att,A1278,A208
att,A1279,A2440
att,A1279,A2292
att,A1279,A686
att,A1279,A102
att,A1279,A1861
att,A1279,A1726
att,A1279,A562
att,A1279,A925
att,A1279,A1953
att,A1279,A34
att,A1279,A230
att,A1279,A2354
att,A1279,A943
att,A1279,A1840
att,A1279,A2402
att,A1279,A2139
att,A1279,A593
att,A1279,A292
att,A1279,A730
att,A1279,A1381
att,A1279,A1613
att,A1279,A1999
att,A1280,A1799
att,A1280,A2308
att,A1280,A73
att,A1280,A391
att,A1280,A2314
att,A1280,A247
att,A1280,A1461
att,A1280,A1902
att,A1280,A734
att,A1280,A1704
att,A1280,A818
att,A1280,A1214
att,A1280,A1936
att,A1280,A2403
att,A1280,A51
att,A1280,A2242
att,A1280,A895
att,A1280,A602
att,A1280,A1617
att,A1280,A2498
att,A1280,A146
att,A1280,A579
att,A1280,A333
att,A1280,A776
att,A1281,A2475
att,A1281,A331
att,A1281,A1540
att,A1281,A802
att,A1281,A1341
att,A1281,A509
att,A1281,A1304
att,A1281,A1200
att,A1281,A1218
att,A1281,A633
att,A1281,A2369
att,A1284,A176
att,A1284,A763
att,A1284,A514
att,A1284,A1757
att,A1284,A889
att,A1284,A1850
att,A1284,A127
att,A1284,A821
att,A1284,A1298
att,A1284,A90
att,A1284,A2464
att,A1284,A1136
att,A1284,A2062
att,A1284,A479
att,A1284,A811
att,A1284,A2346
att,A1284,A1055
att,A1284,A2525
att,A1285,A501
att,A1285,A1016
att,A1285,A1846
att,A1285,A1277
att,A1285,A2350
att,A1285,A1980
att,A1285,A318
att,A1285,A679
att,A1287,A1743
att,A1287,A1943
att,A1287,A1169
att,A1295,A975
att,A1295,A1037
att,A1295,A1070
att,A1295,A440
att,A1295,A1236
att,A1295,A1266
att,A1295,A1464
att,A1295,A242
att,A1295,A2214
att,A1295,A2395
att,A1295,A1865
att,A1295,A743
att,A1295,A1662
att,A1298,A1962
att,A1298,A2266
att,A1298,A973
att,A1298,A1696
att,A1298,A566
att,A1298,A1927
att,A1298,A1183
att,A1298,A1328
att,A1298,A2262
att,A1298,A2305
att,A1298,A1811
att,A1298,A986
att,A1298,A1286
att,A1298,A404
att,A1298,A1364
att,A1298,A1358
att,A1298,A1247
att,A1298,A1599
att,A1299,A565
att,A1299,A2432
att,A1299,A2249
att,A1299,A1203
att,A1299,A2380
att,A1299,A1345
att,A1299,A1602
att,A1299,A865
att,A1299,A1360
att,A1299,A1299
att,A1299,A2159
att,A1299,A2232
att,A1299,A1093
att,A1299,A114
att,A1299,A1761
att,A1299,A1340
att,A1300,A2404
att,A1300,A2355
att,A1300,A518
att,A1301,A288
att,A1301,A1714
att,A1301,A1118
att,A1301,A1555
att,A1301,A212
att,A1301,A1038
att,A1301,A1079
att,A1301,A1096
att,A1301,A2229
att,A1301,A2092
att,A1301,A1739
att,A1301,A321
att,A1301,A1686
att,A1301,A2217
att,A1301,A77
att,A1305,A1536
att,A1305,A2101
att,A1305,A1556
att,A1305,A1380
att,A1305,A2243
att,A1305,A1381
att,A1305,A1194
att,A1305,A1425
att,A1305,A1988
att,A1305,A2580
att,A1305,A749
att,A1305,A792
att,A1305,A1123
att,A1305,A529
att,A1305,A2250
att,A1305,A430
att,A1305,A1477
att,A1305,A483
att,A1305,A2029
att,A1305,A429
att,A1305,A2485
att,A1306,A2333
att,A1306,A705
att,A1306,A388
att,A1306,A1269
att,A1306,A2454
att,A1306,A510
att,A1306,A1776
att,A1306,A133
att,A1306,A227
att,A1309,A1765
att,A1309,A889
att,A1309,A2050
att,A1309,A1596
att,A1309,A993
att,A1309,A582
att,A1309,A371
att,A1309,A464
att,A1309,A1110
att,A1309,A1184
att,A1309,A1076
att,A1309,A2396
att,A1309,A1787
att,A1309,A1265
att,A1309,A878
att,A1309,A2279
att,A1309,A361
att,A1309,A1088
att,A1309,A1360
att,A1309,A1313
att,A1310,A549
att,A1310,A2555
att,A1310,A1321
att,A1310,A269
att,A1310,A1820
att,A1310,A1882
att,A1310,A2325
att,A1311,A917
att,A1311,A1639
att,A1311,A1138
att,A1311,A54
att,A1311,A740
att,A1311,A2195
att,A1311,A1813
att,A1311,A781
att,A1311,A640
att,A1311,A1406
att,A1311,A1
att,A1311,A426
att,A1311,A1536
att,A1311,A1374
att,A1311,A1564
att,A1311,A2438
att,A1313,A744
att,A1313,A2077
att,A1313,A1646
att,A1313,A2274
att,A1313,A975
att,A1313,A581
att,A1313,A1910
att,A1313,A1292
att,A1313,A1156
att,A1313,A1040
att,A1313,A45
att,A1313,A672
att,A1313,A382
att,A1313,A1611
att,A1323,A1134
att,A1323,A270
att,A1323,A1636
att,A1323,A505
att,A1323,A1226
att,A1323,A633
att,A1323,A1530
att,A1323,A1296
att,A1323,A33
att,A1323,A715
att,A1323,A1171
att,A1323,A2582
att,A1323,A1168
att,A1323,A355
att,A1323,A1724
att,A1323,A1497
att,A1323,A566
att,A1323,A404
att,A1323,A2090
att,A1323,A1765
att,A1323,A467
att,A1323,A1719
att,A1323,A2489
att,A1323,A867
att,A1323,A542
att,A1323,A1877
att,A1326,A1777
att,A1326,A1160
att,A1326,A2421
att,A1326,A958
att,A1326,A757
att,A1326,A349
att,A1326,A945
att,A1326,A2045
att,A1326,A651
att,A1328,A1817
att,A1328,A193
att,A1328,A1650
att,A1328,A2273
att,A1328,A1466
att,A1328,A178
att,A1328,A1073
att,A1328,A877
att,A1328,A254
att,A1330,A2093
att,A1330,A1167
att,A1330,A1250
att,A1330,A425
att,A1330,A1706
att,A1330,A1424
att,A1331,A936
att,A1331,A2328
att,A1331,A252
att,A1331,A1557
att,A1331,A2519
att,A1331,A1913
att,A1331,A2073
att,A1331,A2316
att,A1331,A1881
att,A1331,A400
att,A1331,A34
att,A1331,A894
att,A1331,A1663
att,A1331,A2291
att,A1331,A170
att,A1331,A1237
att,A1331,A1133
att,A1331,A658
att,A1331,A2568
att,A1331,A1184
att,A1331,A479
att,A1331,A687
att,A1331,A1430
att,A1331,A961
att,A1331,A855
att,A1332,A1352
att,A1332,A2299
att,A1332,A1194
att,A1332,A646
att,A1332,A1163
att,A1332,A1205
att,A1332,A965
att,A1332,A176
att,A1332,A2137
att,A1332,A1463
att,A1332,A149
att,A1332,A39
att,A1333,A186
att,A1333,A1410
att,A1334,A259
att,A1334,A126
att,A1334,A551
att,A1334,A1083
att,A1334,A872
att,A1334,A2173
att,A1334,A286
att,A1334,A932
att,A1334,A1144
att,A1334,A2285
att,A1334,A289
att,A1334,A822
att,A1334,A1401
att,A1334,A1168
att,A1334,A130
att,A1334,A1258
att,A1334,A1265
att,A1334,A466
att,A1335,A2059
att,A1335,A245
att,A1335,A1394
att,A1338,A1256
att,A1338,A984
att,A1338,A832
att,A1338,A2249
att,A1338,A1035
att,A1338,A1748
att,A1338,A2544
att,A1338,A2543
att,A1338,A386
att,A1338,A1049
att,A1338,A1434
att,A1338,A2009
att,A1338,A2174
att,A1338,A1761
att,A1338,A1959
att,A1339,A1749
att,A1339,A1000
att,A1339,A142
att,A1339,A304
att,A1339,A88
att,A1339,A1022
att,A1339,A2022
att,A1339,A1205
att,A1339,A1935
att,A1339,A409
att,A1339,A2477
att,A1339,A205
att,A1339,A1235
att,A1339,A1814
att,A1339,A1516
att,A1339,A926
att,A1339,A1804
att,A1339,A77
att,A1339,A889
att,A1339,A845
att,A1339,A707
att,A1340,A2096
att,A1340,A1313
att,A1340,A638
att,A1340,A650
att,A1340,A1613
att,A1340,A1031
att,A1340,A1302
att,A1340,A1884
att,A1340,A2302
att,A1340,A607
att,A1340,A640
att,A1340,A815
att,A1340,A800
att,A1340,A1063
att,A1340,A697
att,A1340,A917
att,A1340,A1215
att,A1340,A61
att,A1340,A112
att,A1341,A404
att,A1341,A2184
att,A1341,A2421
att,A1341,A2562
att,A1341,A657
att,A1341,A1408
att,A1341,A387
att,A1341,A1005
att,A1341,A2216
att,A1341,A1715
att,A1341,A1269
att,A1341,A485
att,A1344,A2302
att,A1344,A741
att,A1344,A1771
att,A1344,A1266
att,A1344,A2287
att,A1344,A1428
att,A1344,A1196
att,A1344,A69
att,A1344,A2042
att,A1344,A329
att,A1350,A1055
att,A1350,A334
att,A1350,A1963
att,A1350,A1979
att,A1350,A1560
att,A1350,A946
att,A1350,A361
att,A1350,A54
att,A1350,A500
att,A1350,A686
att,A1350,A1698
att,A1350,A642
att,A1350,A2089
att,A1350,A533
att,A1350,A724
att,A1350,A133
att,A1350,A174
att,A1350,A2293
att,A1350,A2175
att,A1350,A339
att,A1350,A1424
att,A1350,A1373
att,A1350,A1925
att,A1350,A1421
att,A1352,A2142
att,A1352,A2329
att,A1352,A1545
att,A1352,A763
att,A1352,A1998
att,A1352,A1459
att,A1352,A1134
att,A1352,A1977
att,A1352,A1656
att,A1352,A195
att,A1352,A228
att,A1352,A447
att,A1352,A2083
att,A1354,A465
att,A1354,A1793
att,A1354,A2076
att,A1354,A61
att,A1354,A2111
att,A1354,A2478
att,A1354,A870
att,A1354,A2525
att,A1354,A986
att,A1354,A1101
att,A1354,A135
att,A1355,A671
att,A1355,A1738
att,A1355,A1620
att,A1355,A1128
att,A1355,A327
att,A1355,A607
att,A1355,A679
att,A1355,A2360
att,A1355,A1302
att,A1355,A714
att,A1355,A999
att,A1355,A1743
att,A1355,A1858
att,A1355,A2186
att,A1355,A379
att,A1355,A185
att,A1355,A747
att,A1355,A1431
att,A1355,A1164
att,A1356,A1424
att,A1356,A2514
att,A1356,A901
att,A1356,A1890
att,A1356,A402
att,A1356,A185
att,A1356,A2223
att,A1356,A18
att,A1356,A67
att,A1356,A2093
att,A1356,A1722
att,A1356,A1906
att,A1356,A595
att,A1356,A276
att,A1356,A228
att,A1356,A2302
att,A1356,A1417
att,A1356,A361
att,A1356,A2596
att,A1357,A380
att,A1357,A2148
att,A1357,A470
att,A1357,A1139
att,A1357,A1898
att,A1357,A1668
att,A1357,A2535
att,A1357,A673
att,A1357,A1800
att,A1357,A2048
att,A1357,A59
att,A1357,A260
att,A1359,A469
att,A1359,A1901
att,A1359,A1274
att,A1359,A2485
att,A1359,A220
att,A1359,A929
att,A1359,A2408
att,A1359,A136
att,A1360,A87
att,A1361,A1008
att,A1361,A1884
att,A1361,A1053
att,A1361,A1723
att,A1361,A1058
att,A1361,A192
att,A1361,A962
att,A1361,A1505
att,A1361,A6
att,A1361,A1652
att,A1361,A1777
att,A1361,A1099
att,A1361,A2133
att,A1361,A1438
att,A1362,A302
att,A1362,A2262
att,A1362,A1175
att,A1362,A1997
att,A1362,A1114
att,A1362,A1992
att,A1362,A1736
att,A1362,A1310
att,A1362,A2568
att,A1362,A1394
att,A1362,A2121
att,A1362,A363
att,A1362,A670
att,A1362,A827
att,A1362,A2244
att,A1362,A1582
att,A1362,A1488
att,A1362,A961
att,A1362,A1132
att,A1362,A260
att,A1362,A185
att,A1362,A1249
att,A1362,A415
att,A1362,A1324
att,A1362,A524
att,A1362,A60
att,A1362,A1607
att,A1362,A1804
att,A1364,A154
att,A1364,A346
att,A1364,A1201
att,A1364,A529
att,A1364,A190
att,A1364,A2053
att,A1364,A1563
att,A1364,A84
att,A1366,A72
att,A1366,A1525
att,A1366,A1685
att,A1366,A770
att,A1366,A1265
att,A1366,A1453
att,A1366,A1871
att,A1366,A738
att,A1368,A1706
att,A1368,A1632
att,A1368,A2184
att,A1368,A1748
att,A1368,A1447
att,A1368,A835
att,A1368,A2296
att,A1368,A2181
att,A1368,A338
att,A1368,A2220
att,A1368,A2500
att,A1368,A1039
att,A1368,A1788
att,A1368,A2475
att,A1368,A2164
att,A1368,A1873
att,A1368,A2143
att,A1368,A648
att,A1368,A55
att,A1368,A647
att,A1369,A166
att,A1369,A49
att,A1369,A1532
att,A1369,A2037
att,A1369,A1613
att,A1369,A1700
att,A1369,A449
att,A1369,A808
att,A1369,A1356
att,A1369,A2438
att,A1369,A497
att,A1369,A2185
att,A1369,A1182
att,A1369,A2341
att,A1369,A833
att,A1369,A742
att,A1369,A1021
att,A1369,A454
att,A1369,A156
att,A1369,A315
att,A1369,A1931
att,A1382,A57
att,A1382,A2262
att,A1382,A730
att,A1382,A1582
att,A1382,A1863
att,A1382,A2521
att,A1382,A946
att,A1382,A1413
att,A1382,A2333
att,A1382,A1575
att,A1382,A1069
att,A1382,A1028
att,A1383,A1844
att,A1383,A1708
att,A1383,A733
att,A1383,A2586
att,A1383,A628
att,A1383,A403
att,A1383,A384
att,A1383,A1207
att,A1383,A15
att,A1383,A19
att,A1384,A1641
att,A1384,A594
att,A1384,A1263
att,A1384,A2449
att,A1384,A2135
att,A1384,A1037
att,A1384,A242
att,A1384,A851
att,A1384,A2252
att,A1384,A2483
att,A1384,A2296
att,A1384,A1974
att,A1388,A2333
att,A1388,A2331
att,A1388,A2566
att,A1388,A1460
att,A1388,A386
att,A1388,A2543
att,A1388,A2328
att,A1388,A1861
att,A1388,A2130
att,A1388,A1562
att,A1388,A673
att,A1388,A2254
att,A1392,A2405
att,A1392,A2186
att,A1392,A1850
att,A1392,A2045
att,A1392,A361
att,A1392,A225
att,A1392,A1285
att,A1392,A2093
att,A1392,A1826
att,A1392,A145
att,A1392,A1087
att,A1392,A208
att,A1392,A1966
att,A1392,A2537
att,A1392,A875
att,A1392,A892
att,A1392,A2075
att,A1392,A584
att,A1392,A2533
att,A1393,A960
att,A1393,A813
att,A1393,A1309
att,A1393,A2006
att,A1393,A193
att,A1393,A2040
att,A1393,A374
att,A1393,A781
att,A1393,A1979
att,A1393,A420
att,A1393,A2460
att,A1393,A93
att,A1394,A1355
att,A1394,A515
att,A1394,A2355
att,A1394,A2180
att,A1394,A2176
att,A1394,A1825
att,A1394,A927
att,A1394,A1319
att,A1394,A2136
att,A1394,A1262
att,A1394,A2351
att,A1394,A919
att,A1394,A2428
att,A1394,A152
att,A1394,A732
att,A1394,A1637
att,A1394,A1184
att,A1394,A1336
att,A1395,A1801
att,A1395,A1718
att,A1395,A2115
att,A1395,A526
att,A1395,A1201
att,A1395,A2527
att,A1395,A2582
att,A1395,A479
att,A1395,A2329
att,A1395,A1061
att,A1395,A368
att,A1395,A2297
att,A1395,A1626
att,A1398,A1700
att,A1398,A351
att,A1398,A2554
att,A1398,A1957
att,A1398,A432
att,A1398,A2167
att,A1398,A32
att,A1398,A378
att,A1398,A13
att,A1398,A2177
att,A1398,A536
att,A1398,A58
att,A1398,A424
att,A1398,A643
att,A1398,A1681
att,A1398,A185
att,A1398,A2283
att,A1401,A1568
att,A1401,A1956
att,A1401,A1
att,A1401,A202
att,A1401,A8
att,A1401,A1627
att,A1401,A2504
att,A1401,A2320
att,A1401,A753
att,A1401,A2437
att,A1401,A1827
att,A1401,A1741
att,A1401,A774
att,A1401,A1267
att,A1401,A1767
att,A1401,A1598
att,A1401,A2169
att,A1401,A1560
att,A1401,A1114
att,A1401,A366
att,A1401,A2582
att,A1402,A1526
att,A1402,A1978
att,A1402,A389
att,A1402,A1312
att,A1402,A650
att,A1402,A890
att,A1402,A1354
att,A1402,A1069
att,A1402,A1353
att,A1402,A1041
att,A1402,A1911
att,A1402,A2027
att,A1402,A1634
att,A1402,A736
att,A1402,A2058
att,A1402,A1199
att,A1402,A491
att,A1402,A2126
att,A1402,A105
att,A1402,A1000
att,A1402,A1938
att,A1402,A1013
att,A1402,A2342
att,A1402,A655
att,A1402,A998
att,A1402,A2224
att,A1402,A423
att,A1404,A34
att,A1404,A540
att,A1404,A2160
att,A1404,A319
att,A1404,A2598
att,A1404,A1111
att,A1404,A517
att,A1404,A1486
att,A1404,A2408
att,A1404,A2060
att,A1404,A518
att,A1404,A380
att,A1404,A2361
att,A1404,A488
att,A1404,A1811
att,A1404,A937
att,A1404,A77
att,A1404,A1848
att,A1404,A864
att,A1404,A1682
att,A1404,A1773
att,A1407,A1933
att,A1407,A541
att,A1407,A1796
att,A1407,A1330
att,A1410,A1075
att,A1410,A806
att,A1410,A32
att,A1410,A77
att,A1415,A1085
att,A1415,A1473
att,A1415,A1836
att,A1415,A669
att,A1415,A2004
att,A1415,A1897
att,A1415,A1579
att,A1415,A366
att,A1415,A2371
att,A1415,A1480
att,A1415,A1859
att,A1415,A738
att,A1415,A2331
att,A1415,A2059
att,A1415,A512
att,A1415,A947
att,A1415,A2525
att,A1415,A2558
att,A1415,A637
att,A1417,A1331
att,A1417,A533
att,A1417,A765
att,A1417,A2454
att,A1417,A32
att,A1417,A2383
att,A1417,A2174
att,A1417,A971
att,A1417,A2598
att,A1417,A305
att,A1417,A70
att,A1417,A1544
att,A1417,A1539
att,A1417,A2057
att,A1417,A661
att,A1417,A633
att,A1417,A1093
att,A1418,A1266
att,A1418,A2177
att,A1419,A2077
att,A1419,A1488
att,A1419,A2583
att,A1419,A1859
att,A1419,A1094
att,A1419,A1837
att,A1419,A1042
att,A1419,A1263
att,A1419,A1376
att,A1419,A700
att,A1419,A2213
att,A1419,A790
att,A1419,A782
att,A1419,A2320
att,A1419,A1296
att,A1419,A1165
att,A1419,A137
att,A1419,A997
att,A1419,A1651
att,A1419,A1975
att,A1419,A1888
att,A1419,A1860
att,A1419,A276
att,A1419,A164
att,A1419,A25
att,A1419,A610
att,A1419,A742
att,A1419,A1011
att,A1419,A2431
att,A1419,A823
att,A1420,A42
att,A1420,A2439
att,A1420,A2350
att,A1420,A2393
att,A1420,A2503
att,A1420,A2302
att,A1420,A526
att,A1420,A180
att,A1420,A1680
att,A1420,A1017
att,A1420,A1427
att,A1420,A1293
att,A1420,A2030
att,A1420,A2534
att,A1420,A566
att,A1420,A1049
att,A1427,A922
att,A1427,A287
att,A1427,A15
att,A1427,A1551
att,A1427,A262
att,A1427,A760
att,A1427,A1972
att,A1427,A2166
att,A1427,A2226
att,A1427,A412
att,A1427,A1015
att,A1427,A531
att,A1427,A2581
att,A1427,A927
att,A1427,A584
att,A1427,A1948
att,A1431,A2090
att,A1431,A786
att,A1431,A319
att,A1431,A2397
att,A1436,A186
att,A1436,A2051
att,A1436,A2325
att,A1436,A841
att,A1436,A214
att,A1436,A796
att,A1436,A692
att,A1436,A1448
att,A1436,A1481
att,A1436,A660
att,A1436,A1314
att,A1442,A2155
att,A1442,A1466
att,A1442,A2277
att,A1442,A2340
att,A1442,A2438
att,A1442,A256
att,A1442,A2324
att,A1442,A2220
att,A1442,A916
att,A1442,A646
att,A1442,A1396
att,A1443,A2284
att,A1443,A1793
att,A1443,A492
att,A1443,A1376
att,A1443,A1200
att,A1443,A106
att,A1443,A577
att,A1443,A92
att,A1443,A2555
att,A1445,A2421
att,A1445,A232
att,A1445,A1809
att,A1445,A338
att,A1445,A124
att,A1445,A1868
att,A1445,A2520
att,A1445,A144
att,A1445,A1470
att,A1445,A432
att,A1445,A401
att,A1445,A2400
att,A1445,A246
att,A1445,A1342
att,A1445,A858
att,A1445,A2302
att,A1445,A1584
att,A1445,A1295
att,A1445,A1431
att,A1445,A422
att,A1445,A1818
att,A1445,A2334
att,A1445,A334
att,A1445,A1591
att,A1445,A592
att,A1446,A2598
att,A1446,A1625
att,A1446,A2060
att,A1446,A1446
att,A1446,A1135
att,A1446,A674
att,A1446,A1177
att,A1447,A1156
att,A1447,A1098
att,A1447,A213
att,A1447,A2342
att,A1447,A348
att,A1447,A2411
att,A1447,A44
att,A1447,A2587
att,A1447,A1269
att,A1447,A1428
att,A1447,A1549
att,A1447,A710
att,A1447,A2149
att,A1447,A835
att,A1447,A2158
att,A1447,A2289
att,A1451,A607
att,A1451,A1582
att,A1451,A2558
att,A1451,A185
att,A1454,A2121
att,A1454,A2211
att,A1454,A2020
att,A1454,A242
att,A1454,A522
att,A1454,A1266
att,A1454,A1005
att,A1454,A1518
att,A1454,A2434
att,A1454,A717
att,A1454,A671
att,A1454,A912
att,A1454,A1526
att,A1454,A1443
att,A1454,A1702
att,A1454,A447
att,A1454,A170
att,A1454,A1355
att,A1454,A296
att,A1454,A1590
att,A1454,A782
att,A1454,A618
att,A1454,A415
att,A1455,A1434
att,A1456,A435
att,A1460,A854
att,A1460,A1934
att,A1460,A1337
att,A1460,A1614
att,A1461,A838
att,A1461,A2528
att,A1461,A2366
att,A1461,A1379
att,A1461,A549
att,A1461,A970
att,A1462,A1082
att,A1462,A2048
att,A1467,A2537
att,A1467,A1555
att,A1467,A1531
att,A1467,A2073
att,A1467,A1753
att,A1467,A657
att,A1467,A1562
att,A1467,A1991
att,A1467,A735
att,A1467,A1102
att,A1467,A177
att,A1467,A16
att,A1467,A2417
att,A1467,A511
att,A1467,A566
att,A1467,A2035
att,A1467,A2304
att,A1467,A240
att,A1467,A1287
att,A1467,A1529
att,A1467,A1659
att,A1467,A461
att,A1467,A2106
att,A1471,A1813
att,A1471,A670
att,A1471,A839
att,A1471,A109
att,A1471,A1687
att,A1471,A2559
att,A1471,A963
att,A1471,A2463
att,A1471,A302
att,A1471,A2450
att,A1471,A156
att,A1471,A2223
att,A1471,A736
att,A1471,A1682
att,A1473,A767
att,A1473,A1366
att,A1473,A713
att,A1473,A1998
att,A1473,A875
att,A1473,A2297
att,A1473,A1421
att,A1473,A1288
att,A1473,A1727
att,A1473,A1354
att,A1473,A376
att,A1474,A374
att,A1474,A1413
att,A1474,A15
att,A1474,A1022
att,A1474,A1285
att,A1474,A957
att,A1474,A2463
att,A1474,A1274
att,A1474,A76
att,A1474,A274
att,A1474,A2248
att,A1474,A1076
att,A1474,A2506
att,A1474,A2545
att,A1474,A587
att,A1474,A1979
att,A1474,A181
att,A1474,A1330
att,A1474,A1190
att,A1477,A2085
att,A1477,A837
att,A1477,A199
att,A1477,A2188
att,A1477,A1985
att,A1477,A567
att,A1477,A1917
att,A1477,A2415
att,A1477,A152
att,A1477,A2442
att,A1477,A1696
att,A1477,A90
att,A1480,A1372
att,A1480,A356
att,A1480,A1471
att,A1480,A1879
att,A1480,A2246
att,A1480,A436
att,A1480,A821
att,A1480,A560
att,A1480,A146
att,A1480,A1821
att,A1480,A1615
att,A1480,A723
att,A1480,A1377
att,A1480,A978
att,A1480,A2231
att,A1480,A1487
att,A1480,A2474
att,A1480,A761
att,A1480,A216
att,A1480,A2101
att,A1480,A2305
att,A1480,A1199
att,A1480,A512
att,A1484,A673
att,A1484,A2214
att,A1484,A1344
att,A1484,A962
att,A1484,A1870
att,A1484,A589
att,A1484,A277
att,A1484,A1575
att,A1484,A804
att,A1484,A2185
att,A1484,A2122
att,A1484,A1315
att,A1484,A1776
att,A1484,A2018
att,A1484,A576
att,A1484,A1975
att,A1484,A1256
att,A1484,A1330
att,A1484,A342
att,A1484,A297
att,A1484,A629
att,A1484,A1413
att,A1484,A1467
att,A1484,A2599
att,A1486,A2511
att,A1486,A1926
att,A1486,A402
att,A1486,A1714
att,A1486,A1099
att,A1486,A1497
att,A1486,A183
att,A1486,A2444
att,A1486,A2332
att,A1486,A462
att,A1486,A1829
att,A1486,A792
att,A1486,A1086
att,A1486,A1941
att,A1486,A425
att,A1486,A2150
att,A1486,A625
att,A1486,A1220
att,A1486,A223
att,A1486,A1581
att,A1486,A1200
att,A1487,A1054
att,A1487,A849
att,A1487,A2473
att,A1487,A1088
att,A1487,A444
att,A1487,A610
att,A1487,A704
att,A1487,A99
att,A1487,A1792
att,A1487,A2021
att,A1487,A22
att,A1487,A2278
att,A1487,A1048
att,A1487,A622
att,A1487,A1915
att,A1489,A1464
att,A1489,A213
att,A1489,A1462
att,A1489,A1568
att,A1489,A330
att,A1489,A1917
att,A1489,A1283
att,A1489,A1512
att,A1489,A1712
att,A1489,A1737
att,A1489,A1352
att,A1489,A885
att,A1489,A1939
att,A1489,A2282
att,A1489,A2583
att,A1489,A2478
att,A1489,A50
att,A1489,A347
att,A1489,A2155
att,A1489,A1374
att,A1489,A1311
att,A1491,A1885
att,A1491,A1956
att,A1491,A2578
att,A1491,A2244
att,A1491,A1263
att,A1491,A353
att,A1491,A2003
att,A1491,A1423
att,A1491,A433
att,A1491,A1799
att,A1491,A2156
att,A1491,A1519
att,A1491,A2220
att,A1491,A2562
att,A1491,A2279
att,A1492,A506
att,A1494,A1278
att,A1494,A2277
att,A1494,A580
att,A1494,A199
att,A1494,A1927
att,A1494,A390
att,A1494,A1752
att,A1494,A366
att,A1494,A2491
att,A1494,A1582
att,A1494,A1179
att,A1494,A1202
att,A1495,A445
att,A1495,A728
att,A1495,A1695
att,A1495,A1653
att,A1495,A1229
att,A1495,A331
att,A1495,A2511
att,A1495,A2574
att,A1498,A736
att,A1498,A345
att,A1499,A1199
att,A1499,A2220
att,A1499,A1419
att,A1499,A2303
att,A1499,A2152
att,A1499,A1454
att,A1499,A2165
att,A1499,A613
att,A1499,A2171
att,A1499,A1866
att,A1499,A1733
att,A1499,A2534
att,A1499,A1658
att,A1499,A516
att,A1499,A1171
att,A1499,A1984
att,A1499,A149
att,A1499,A208
att,A1499,A999
att,A1501,A21
att,A1501,A22
att,A1501,A1481
att,A1501,A2451
att,A1503,A1924
att,A1503,A2372
att,A1503,A1065
att,A1503,A950
att,A1503,A1658
att,A1503,A30
att,A1503,A734
att,A1505,A1139
att,A1505,A471
att,A1505,A352
att,A1505,A760
att,A1505,A327
att,A1505,A840
att,A1505,A1594
att,A1505,A2494
att,A1505,A633
att,A1505,A673
att,A1505,A1088
att,A1505,A1561
att,A1505,A1156
att,A1505,A1768
att,A1505,A852
att,A1505,A1526
att,A1505,A333
att,A1505,A1835
att,A1506,A909
att,A1506,A931
att,A1506,A922
att,A1506,A2053
att,A1506,A690
att,A1506,A380
att,A1506,A74
att,A1506,A708
att,A1507,A443
att,A1507,A423
att,A1507,A1812
att,A1507,A2053
att,A1509,A2221
att,A1509,A2407
att,A1509,A1497
att,A1509,A1901
att,A1509,A130
att,A1509,A427
att,A1509,A2194
att,A1509,A1204
att,A1509,A1078
att,A1509,A548
att,A1509,A2203
att,A1509,A569
att,A1509,A1402
att,A1509,A2599
att,A1509,A1178
att,A1513,A2265
att,A1513,A1175
att,A1513,A558
att,A1513,A2109
att,A1513,A2037
att,A1513,A2574
att,A1513,A1130
att,A1513,A1409
att,A1513,A1955
att,A1513,A373
att,A1513,A96
att,A1513,A572
att,A1513,A2246
att,A1513,A1487
att,A1513,A1316
att,A1513,A1400
att,A1513,A621
att,A1513,A2292
att,A1513,A839
att,A1513,A989
att,A1513,A2351
att,A1513,A2019
att,A1513,A2185
att,A1513,A123
att,A1513,A2586
att,A1514,A1118
att,A1514,A1919
att,A1515,A2055
att,A1515,A193
att,A1515,A136
att,A1515,A123
att,A1515,A873
att,A1515,A1311
att,A1515,A1198
att,A1515,A2540
att,A1515,A306
att,A1515,A1864
att,A1515,A212
att,A1515,A66
att,A1515,A2349
att,A1515,A1372
att,A1515,A1011
att,A1515,A687
att,A1515,A2304
att,A1515,A316
att,A1515,A53
att,A1515,A2392
att,A1515,A2062
att,A1517,A2016
att,A1517,A1848
att,A1517,A660
att,A1517,A1867
att,A1517,A1104
att,A1517,A111
att,A1517,A1403
att,A1517,A2097
att,A1517,A2212
att,A1517,A657
att,A1517,A1881
att,A1519,A1566
att,A1519,A599
att,A1519,A1327
att,A1519,A922
att,A1519,A1461
att,A1519,A2298
att,A1519,A2525
att,A1519,A485
att,A1519,A611
att,A1519,A1222
att,A1519,A1660
att,A1519,A538
att,A1519,A466
att,A1519,A274
att,A1519,A1450
att,A1519,A2249
att,A1522,A2310
att,A1522,A2562
att,A1522,A1514
att,A1522,A1125
att,A1522,A2046
att,A1522,A603
att,A1522,A1960
att,A1522,A472
att,A1522,A1756
att,A1522,A2081
att,A1522,A241
att,A1522,A389
att,A1522,A1486
att,A1522,A379
att,A1522,A1893
att,A1523,A2077
att,A1523,A2432
att,A1523,A2461
att,A1523,A2147
att,A1523,A1517
att,A1523,A1220
att,A1523,A530
att,A1523,A1341
att,A1524,A2123
att,A1524,A1936
att,A1524,A1693
att,A1524,A1683
att,A1524,A608
att,A1524,A1341
att,A1524,A2482
att,A1524,A925
att,A1524,A1833
att,A1524,A2041
att,A1524,A595
att,A1524,A1403
att,A1524,A989
att,A1524,A1721
att,A1524,A2531
att,A1524,A448
att,A1524,A2299
att,A1524,A440
att,A1524,A2225
att,A1524,A1463
att,A1524,A975
att,A1524,A2236
att,A1524,A2175
att,A1525,A1467
att,A1525,A1253
att,A1525,A186
att,A1525,A620
att,A1525,A2471
att,A1525,A470
att,A1525,A464
att,A1525,A225
att,A1527,A102
att,A1527,A1947
att,A1527,A1535
att,A1527,A1638
att,A1527,A2277
att,A1527,A1843
att,A1527,A1517
att,A1527,A1322
att,A1527,A250
att,A1527,A2547
att,A1527,A2293
att,A1527,A1377
att,A1527,A1930
att,A1527,A201
att,A1527,A243
att,A1527,A1606
att,A1527,A1128
att,A1527,A520
att,A1532,A2444
att,A1532,A1963
att,A1532,A2287
att,A1532,A866
att,A1532,A775
att,A1532,A847
att,A1532,A98
att,A1532,A2107
att,A1532,A1188
att,A1532,A1993
att,A1532,A1281
att,A1532,A876
att,A1532,A2388
att,A1532,A2283
att,A1532,A1408
att,A1532,A1634
att,A1532,A2207
att,A1532,A2151
att,A1532,A2237
att,A1532,A2426
att,A1535,A2229
att,A1535,A1857
att,A1535,A597
att,A1535,A1603
att,A1536,A1057
att,A1536,A1137
att,A1536,A2034
att,A1536,A277
att,A1536,A1153
att,A1536,A1064
att,A1536,A139
att,A1536,A1951
att,A1536,A2064
att,A1536,A1965
att,A1536,A2596
att,A1536,A143
att,A1536,A1770
att,A1536,A2032
att,A1536,A448
att,A1537,A1484
att,A1537,A2257
att,A1537,A1717
att,A1537,A259
att,A1537,A816
att,A1537,A769
att,A1537,A1605
att,A1539,A699
att,A1539,A679
att,A1539,A2475
att,A1539,A2387
att,A1539,A2349
att,A1539,A2120
att,A1539,A1642
att,A1539,A2282
att,A1539,A363
att,A1539,A1498
att,A1539,A2019
att,A1539,A296
att,A1539,A2421
att,A1539,A572
att,A1539,A2279
att,A1539,A991
att,A1539,A1367
att,A1539,A1335
att,A1539,A639
att,A1539,A1154
att,A1540,A1990
att,A1540,A132
att,A1540,A1284
att,A1540,A792
att,A1540,A1700
att,A1540,A1863
att,A1540,A1886
att,A1540,A1072
att,A1540,A2406
att,A1540,A2497
att,A1541,A2155
att,A1541,A248
att,A1541,A2336
att,A1541,A1513
att,A1541,A2423
att,A1541,A137
att,A1541,A2575
att,A1541,A2472
att,A1541,A469
att,A1541,A2386
att,A1542,A1539
att,A1542,A1488
att,A1542,A1549
att,A1542,A1690
att,A1542,A1541
att,A1542,A388
att,A1542,A529
att,A1542,A516
att,A1542,A2085
att,A1542,A1975
att,A1542,A2012
att,A1542,A969
att,A1542,A1497
att,A1542,A1120
att,A1542,A1468
att,A1549,A580
att,A1549,A1868
att,A1549,A1307
att,A1550,A1455
att,A1550,A1782
att,A1550,A29
att,A1550,A2488
att,A1550,A1147
att,A1550,A438
att,A1550,A1874
att,A1550,A832
att,A1550,A2012
att,A1550,A1357
att,A1550,A765
att,A1550,A1710
att,A1550,A1685
att,A1550,A1599
att,A1550,A2003
att,A1550,A1007
att,A1550,A1899
att,A1550,A100
att,A1550,A2208
att,A1550,A1653
att,A1550,A1693
att,A1550,A1363
att,A1550,A815
att,A1550,A1073
att,A1550,A1665
att,A1550,A219
att,A1550,A8
att,A1551,A1629
att,A1551,A1567
att,A1551,A1805
att,A1551,A2582
att,A1551,A1396
att,A1551,A2570
att,A1551,A1013
att,A1551,A2187
att,A1551,A1166
att,A1551,A1974
att,A1551,A653
att,A1551,A1580
att,A1552,A1273
att,A1552,A1638
att,A1552,A1071
att,A1552,A1654
att,A1552,A917
att,A1552,A542
att,A1552,A1390
att,A1552,A225
att,A1552,A1863
att,A1552,A1406
att,A1552,A514
att,A1552,A606
att,A1552,A1817
att,A1552,A1317
att,A1552,A2421
att,A1552,A327
att,A1552,A2079
att,A1552,A2536
att,A1552,A1701
att,A1552,A527
att,A1552,A1674
att,A1552,A844
att,A1552,A1836
att,A1552,A853
att,A1552,A1622
att,A1554,A1341
att,A1554,A2109
att,A1554,A182
att,A1554,A724
att,A1554,A2327
att,A1554,A1068
att,A1554,A2039
att,A1554,A1501
att,A1554,A954
att,A1554,A1967
att,A1554,A1210
att,A1554,A1717
att,A1556,A721
att,A1556,A2096
att,A1556,A1059
att,A1556,A236
att,A1556,A1124
att,A1556,A1231
att,A1556,A2010
att,A1560,A2094
att,A1560,A132
att,A1560,A2478
att,A1560,A1329
att,A1560,A565
att,A1560,A229
att,A1560,A1450
att,A1560,A489
att,A1560,A957
att,A1560,A1554
att,A1560,A53
att,A1560,A2313
att,A1563,A316
att,A1563,A1379
att,A1563,A2323
att,A1563,A2279
att,A1563,A280
att,A1563,A2106
att,A1563,A1214
att,A1563,A1320
att,A1563,A755
att,A1563,A1576
att,A1563,A369
att,A1563,A2460
att,A1563,A1102
att,A1563,A1642
att,A1563,A372
att,A1563,A1537
att,A1563,A126
att,A1563,A1300
att,A1563,A2171
att,A1563,A1277
att,A1564,A1668
att,A1564,A867
att,A1564,A1814
att,A1564,A2140
att,A1564,A2347
att,A1564,A2527
att,A1566,A2108
att,A1566,A1453
att,A1566,A1261
att,A1567,A2347
att,A1567,A32
att,A1567,A502
att,A1567,A870
att,A1567,A2245
att,A1567,A388
att,A1567,A620
att,A1567,A2518
att,A1567,A2050
att,A1567,A1119
att,A1567,A2159
att,A1567,A2531
att,A1567,A2488
att,A1567,A31
att,A1567,A230
att,A1568,A685
att,A1568,A1374
att,A1568,A1355
att,A1568,A2045
att,A1568,A1016
att,A1568,A1035
att,A1568,A718
att,A1568,A1255
att,A1568,A1416
att,A1568,A681
att,A1568,A1108
att,A1568,A458
att,A1570,A691
att,A1570,A338
att,A1570,A1451
att,A1570,A983
att,A1570,A125
att,A1570,A1296
att,A1572,A1600
att,A1572,A264
att,A1572,A811
att,A1572,A1325
att,A1572,A1173
att,A1572,A1867
att,A1572,A1992
att,A1572,A476
att,A1572,A900
att,A1572,A2032
att,A1572,A263
att,A1572,A642
att,A1576,A1264
att,A1576,A78
att,A1576,A1693
att,A1576,A470
att,A1576,A349
att,A1576,A2527
att,A1576,A1959
att,A1577,A1229
att,A1577,A2493
att,A1577,A2340
att,A1577,A2157
att,A1577,A737
att,A1577,A1885
att,A1577,A1840
att,A1577,A2478
att,A1577,A2356
att,A1578,A2355
att,A1578,A108
att,A1578,A1447
att,A1578,A2474
att,A1579,A1622
att,A1579,A2057
att,A1579,A2543
att,A1579,A1280
att,A1579,A170
att,A1579,A2486
att,A1579,A2464
att,A1579,A1600
att,A1586,A1669
att,A1586,A307
att,A1586,A781
att,A1586,A501
att,A1586,A1606
att,A1586,A2493
att,A1586,A1845
att,A1586,A1322
att,A1586,A1621
att,A1586,A1670
att,A1586,A960
att,A1589,A70
att,A1589,A1213
att,A1589,A1394
att,A1589,A2368
att,A1589,A307
att,A1589,A42
att,A1589,A2194
att,A1589,A2450
att,A1589,A170
att,A1589,A43
att,A1589,A1209
att,A1589,A682
att,A1589,A2109
att,A1589,A1556
att,A1589,A951
att,A1589,A1044
att,A1589,A1608
att,A1589,A1865
att,A1589,A856
att,A1589,A2363
att,A1589,A2127
att,A1589,A369
att,A1589,A2202
att,A1589,A789
att,A1589,A250
att,A1590,A2135
att,A1590,A933
att,A1590,A811
att,A1590,A1945
att,A1590,A266
att,A1590,A457
att,A1590,A1366
att,A1590,A1931
att,A1590,A196
att,A1590,A64
att,A1590,A1699
att,A1590,A1589
att,A1590,A187
att,A1590,A1359
att,A1590,A917
att,A1590,A882
att,A1590,A729
att,A1590,A2509
att,A1592,A2
att,A1592,A1747
att,A1592,A823
att,A1592,A1252
att,A1592,A2091
att,A1592,A361
att,A1593,A613
att,A1593,A1119
att,A1593,A1280
att,A1593,A1839
att,A1593,A2483
att,A1593,A1361
att,A1593,A526
att,A1593,A1342
att,A1593,A2470
att,A1593,A2261
att,A1593,A1786
att,A1593,A2573
att,A1593,A892
att,A1593,A181
att,A1593,A1914
att,A1593,A819
att,A1593,A1348
att,A1593,A256
att,A1593,A1201
att,A1600,A1544
att,A1600,A1273
att,A1600,A1332
att,A1600,A708
att,A1600,A1281
att,A1600,A104
att,A1600,A228
att,A1600,A456
att,A1600,A122
att,A1600,A1013
att,A1600,A1092
att,A1600,A480
att,A1600,A1529
att,A1600,A319
att,A1600,A2332
att,A1600,A1613
att,A1600,A1625
att,A1600,A2106
att,A1600,A2108
att,A1600,A557
att,A1600,A1242
att,A1600,A2399
att,A1600,A1125
att,A1600,A1284
att,A1602,A1088
att,A1602,A1927
att,A1602,A555
att,A1602,A1334
att,A1602,A590
att,A1602,A2383
att,A1602,A1760
att,A1603,A2066
att,A1603,A46
att,A1603,A1065
att,A1603,A1780
att,A1603,A400
att,A1603,A2440
att,A1603,A1944
att,A1603,A1599
att,A1603,A1907
att,A1603,A1559
att,A1603,A272
att,A1604,A2441
att,A1605,A849
att,A1607,A1245
att,A1607,A711
att,A1607,A907
att,A1607,A144
att,A1607,A47
att,A1607,A2295
att,A1607,A2213
att,A1614,A730
att,A1614,A1179
att,A1614,A895
att,A1614,A878
att,A1614,A1074
att,A1614,A76
att,A1614,A539
att,A1614,A2205
att,A1614,A2516
att,A1614,A2412
att,A1614,A746
att,A1614,A1575
att,A1614,A1908
att,A1614,A457
att,A1615,A1186
att,A1615,A2549
att,A1615,A2346
att,A1615,A1065
att,A1615,A424
att,A1615,A1460
att,A1615,A2096
att,A1615,A593
att,A1615,A168
att,A1615,A327
att,A1617,A601
att,A1617,A2485
att,A1617,A1241
att,A1617,A2318
att,A1617,A1233
att,A1617,A1013
att,A1617,A146
att,A1617,A1767
att,A1617,A1948
att,A1617,A1146
att,A1617,A2281
att,A1617,A145
att,A1617,A2388
att,A1617,A212
att,A1617,A337
att,A1618,A541
att,A1618,A7
att,A1618,A1903
att,A1618,A1653
att,A1618,A1516
att,A1618,A1429
att,A1618,A1414
att,A1618,A2167
att,A1618,A2373
att,A1618,A2589
att,A1618,A511
att,A1619,A765
att,A1619,A1074
att,A1619,A395
att,A1619,A1422
att,A1619,A2502
att,A1619,A667
att,A1619,A1509
att,A1619,A1154
att,A1619,A2265
att,A1619,A1228
att,A1619,A250
att,A1619,A571
att,A1619,A1537
att,A1619,A40
att,A1619,A2111
att,A1619,A2299
att,A1619,A1637
att,A1619,A1849
att,A1619,A1755
att,A1620,A1569
att,A1620,A680
att,A1620,A336
att,A1620,A1892
att,A1620,A828
att,A1620,A2420
att,A1620,A1945
att,A1620,A1787
att,A1620,A1702
att,A1620,A1221
att,A1620,A872
att,A1620,A1292
att,A1620,A2332
att,A1620,A2032
att,A1620,A2487
att,A1620,A1462
att,A1620,A2042
att,A1623,A1733
att,A1623,A311
att,A1623,A995
att,A1623,A1728
att,A1623,A532
att,A1623,A728
att,A1623,A772
att,A1623,A429
att,A1623,A54
att,A1623,A951
att,A1623,A1459
att,A1623,A2132
att,A1623,A1335
att,A1623,A758
att,A1623,A2115
att,A1626,A1068
att,A1626,A1211
att,A1626,A522
att,A1626,A1728
att,A1626,A627
att,A1626,A543
att,A1626,A711
att,A1626,A1290
att,A1626,A2102
att,A1626,A684
att,A1626,A265
att,A1626,A788
att,A1626,A1917
att,A1626,A1333
att,A1626,A89
att,A1630,A296
att,A1630,A2328
att,A1630,A1297
att,A1631,A2353
att,A1631,A164
att,A1631,A137
att,A1631,A248
att,A1631,A254
att,A1631,A2210
att,A1631,A890
att,A1631,A2276
att,A1631,A757
att,A1631,A514
att,A1632,A54
att,A1632,A1254
att,A1632,A902
att,A1632,A729
att,A1632,A704
att,A1632,A827
att,A1632,A2231
att,A1632,A2055
att,A1632,A16
att,A1632,A232
att,A1632,A1887
att,A1632,A1565
att,A1632,A790
att,A1632,A666
att,A1632,A294
att,A1632,A1898
att,A1632,A1596
att,A1632,A998
att,A1632,A2478
att,A1632,A2284
att,A1632,A1953
att,A1632,A66
att,A1632,A229
att,A1632,A1681
att,A1632,A1978
att,A1632,A1526
att,A1632,A60
att,A1632,A1848
att,A1632,A2387
att,A1632,A2195
att,A1633,A1900
att,A1633,A1602
att,A1633,A1018
att,A1633,A1886
att,A1633,A394
att,A1634,A1491
att,A1634,A254
att,A1634,A2564
att,A1634,A2031
att,A1634,A2146
att,A1634,A1898
att,A1634,A669
att,A1634,A2045
att,A1634,A642
att,A1634,A1400
att,A1634,A1628
att,A1634,A279
att,A1634,A1177
att,A1634,A1760
att,A1634,A241
att,A1634,A1286
att,A1634,A1422
att,A1634,A226
att,A1634,A1276
att,A1634,A1844
att,A1634,A2041
att,A1634,A1646
att,A1635,A1869
att,A1635,A23
att,A1635,A2327
att,A1635,A1557
att,A1635,A2033
att,A1635,A2541
att,A1635,A740
att,A1635,A2520
att,A1635,A2535
att,A1635,A168
att,A1635,A1040
att,A1635,A1775
att,A1635,A43
att,A1635,A2502
att,A1635,A1885
att,A1635,A2079
att,A1635,A2275
att,A1635,A890
att,A1635,A2047
att,A1635,A190
att,A1635,A103
att,A1635,A2521
att,A1635,A1298
att,A1635,A2465
att,A1635,A989
att,A1635,A2423
att,A1636,A2360
att,A1636,A151
att,A1636,A2255
att,A1636,A2596
att,A1636,A2436
att,A1636,A158
att,A1636,A2415
att,A1636,A406
att,A1636,A2354
att,A1636,A1852
att,A1636,A1203
att,A1636,A2166
att,A1636,A2399
att,A1636,A2506
att,A1636,A1847
att,A1638,A1354
att,A1638,A624
att,A1638,A1637
att,A1638,A2213
att,A1639,A1324
att,A1639,A1927
att,A1639,A1095
att,A1639,A845
att,A1639,A1804
att,A1639,A998
att,A1639,A1411
att,A1639,A1900
att,A1639,A1470
att,A1639,A136
att,A1639,A789
att,A1639,A1435
att,A1639,A1445
att,A1639,A1989
att,A1639,A819
att,A1639,A1863
att,A1639,A1228
att,A1639,A1128
att,A1639,A1889
att,A1639,A1945
att,A1639,A1431
att,A1639,A2480
att,A1642,A885
att,A1642,A575
att,A1642,A1513
att,A1642,A2526
att,A1642,A2
att,A1642,A947
att,A1642,A1581
att,A1642,A245
att,A1642,A469
att,A1642,A509
att,A1642,A2028
att,A1642,A133
att,A1642,A614
att,A1642,A1189
att,A1642,A1632
att,A1642,A34
att,A1642,A2503
att,A1642,A1415
att,A1642,A566
att,A1642,A1464
att,A1642,A1230
att,A1642,A993
att,A1642,A2521
att,A1642,A2416
att,A1642,A692
att,A1642,A2481
att,A1642,A2444
att,A1642,A1770
att,A1643,A1986
att,A1643,A1897
att,A1643,A1877
att,A1643,A1722
att,A1643,A1081
att,A1643,A634
att,A1643,A2584
att,A1643,A690
att,A1643,A339
att,A1643,A1006
att,A1643,A729
att,A1643,A721
att,A1643,A1552
att,A1643,A2426
att,A1643,A243
att,A1643,A2443
att,A1643,A506
att,A1643,A293
att,A1643,A1656
att,A1643,A569
att,A1643,A1895
att,A1643,A336
att,A1643,A2501
att,A1643,A365
att,A1643,A414
att,A1644,A1876
att,A1644,A2127
att,A1644,A673
att,A1644,A2428
att,A1644,A2526
att,A1644,A2007
att,A1644,A776
att,A1644,A2227
att,A1644,A791
att,A1644,A1180
att,A1644,A445
att,A1644,A1706
att,A1644,A238
att,A1644,A2368
att,A1644,A58
att,A1644,A313
att,A1644,A1401
att,A1644,A2504
att,A1644,A961
att,A1644,A476
att,A1644,A1594
att,A1645,A1016
att,A1645,A1958
att,A1645,A2140
att,A1645,A2161
att,A1649,A493
att,A1649,A1089
att,A1649,A1355
att,A1649,A2425
att,A1649,A2122
att,A1649,A674
att,A1649,A2546
att,A1649,A2537
att,A1649,A323
att,A1649,A1621
att,A1649,A122
att,A1649,A76
att,A1649,A1678
att,A1649,A24
att,A1649,A1034
att,A1649,A1067
att,A1650,A2489
att,A1650,A1437
att,A1650,A1048
att,A1650,A497
att,A1650,A1854
att,A1650,A474
att,A1650,A2100
att,A1650,A2030
att,A1656,A2207
att,A1656,A2372
att,A1656,A1095
att,A1656,A1549
att,A1656,A540
att,A1656,A561
att,A1659,A1749
att,A1659,A1671
att,A1659,A130
att,A1659,A1257
att,A1659,A1839
att,A1659,A1414
att,A1659,A1943
att,A1659,A1150
att,A1659,A2496
att,A1663,A406
att,A1663,A834
att,A1663,A2075
att,A1663,A2557
att,A1663,A465
att,A1664,A2122
att,A1665,A1308
att,A1665,A411
att,A1665,A1381
att,A1666,A2210
att,A1666,A810
att,A1666,A2595
att,A1666,A1163
att,A1666,A1178
att,A1666,A1948
att,A1666,A895
att,A1666,A1266
att,A1666,A920
att,A1666,A2526
att,A1666,A2510
att,A1666,A1355
att,A1668,A1561
att,A1668,A2503
att,A1668,A2048
att,A1668,A1856
att,A1668,A1159
att,A1668,A2416
att,A1668,A1245
att,A1668,A2423
att,A1668,A778
att,A1668,A1595
att,A1668,A2579
att,A1668,A2393
att,A1668,A2350
att,A1668,A2445
att,A1668,A2391
att,A1668,A200
att,A1668,A565
att,A1668,A520
att,A1668,A800
att,A1668,A599
att,A1669,A2559
att,A1670,A1460
att,A1670,A341
att,A1670,A2570
att,A1670,A1967
att,A1670,A2503
att,A1670,A815
att,A1670,A495
att,A1671,A2099
att,A1671,A846
att,A1671,A210
att,A1671,A2072
att,A1671,A100
att,A1671,A1792
att,A1671,A458
att,A1671,A468
att,A1671,A1574
att,A1671,A445
att,A1671,A2219
att,A1671,A1268
att,A1671,A619
att,A1671,A1878
att,A1671,A2420
att,A1671,A58
att,A1672,A1693
att,A1672,A2049
att,A1672,A196
att,A1672,A308
att,A1672,A832
att,A1672,A2525
att,A1672,A2388
att,A1672,A2184
att,A1672,A1162
att,A1672,A752
att,A1672,A605
att,A1672,A198
att,A1672,A2274
att,A1672,A2290
att,A1672,A315
att,A1672,A809
att,A1672,A525
att,A1672,A1507
att,A1673,A625
att,A1673,A1570
att,A1673,A1108
att,A1673,A1325
att,A1673,A832
att,A1673,A2494
att,A1673,A1086
att,A1673,A1395
att,A1673,A693
att,A1673,A412
att,A1673,A648
att,A1673,A1432
att,A1673,A2495
att,A1673,A2224
att,A1673,A1175
att,A1673,A592
att,A1673,A224
att,A1676,A1291
att,A1676,A205
att,A1676,A2547
att,A1676,A806
att,A1676,A207
att,A1676,A636
att,A1676,A1412
att,A1676,A1826
att,A1676,A1609
att,A1676,A2467
att,A1676,A1876
att,A1676,A835
att,A1676,A2157
att,A1676,A2224
att,A1676,A1960
att,A1677,A2514
att,A1677,A367
att,A1677,A290
att,A1677,A1301
att,A1677,A519
att,A1677,A437
att,A1677,A1931
att,A1677,A171
att,A1677,A110
att,A1677,A2585
att,A1677,A1337
att,A1677,A2203
att,A1677,A1099
att,A1677,A1785
att,A1677,A512
att,A1677,A520
att,A1677,A507
att,A1677,A2152
att,A1677,A1762
att,A1677,A563
att,A1680,A685
att,A1680,A1727
att,A1680,A1743
att,A1680,A443
att,A1680,A1140
att,A1680,A312
att,A1680,A1903
att,A1680,A2045
att,A1680,A203
att,A1680,A1621
att,A1680,A1835
att,A1680,A113
att,A1680,A547
att,A1680,A2428
att,A1680,A2234
att,A1680,A792
att,A1680,A2017
att,A1680,A591
att,A1680,A953
att,A1681,A1340
att,A1681,A1529
att,A1681,A697
att,A1681,A373
att,A1681,A1952
att,A1681,A1519
att,A1681,A2024
att,A1681,A2593
att,A1681,A2205
att,A1681,A2463
att,A1681,A2303
att,A1681,A101
att,A1685,A2269
att,A1685,A1458
att,A1685,A927
att,A1685,A1576
att,A1685,A2447
att,A1685,A2596
att,A1685,A468
att,A1685,A528
att,A1685,A1556
att,A1685,A2076
att,A1685,A659
att,A1685,A597
att,A1685,A1452
att,A1685,A2036
att,A1685,A429
att,A1685,A1535
att,A1685,A810
att,A1685,A373
att,A1685,A2412
att,A1687,A1908
att,A1687,A2551
att,A1687,A1538
att,A1687,A1496
att,A1687,A1727
att,A1687,A58
att,A1687,A1051
att,A1687,A2292
att,A1687,A241
att,A1687,A126
att,A1687,A2253
att,A1687,A2228
att,A1687,A140
att,A1687,A698
att,A1687,A2093
att,A1689,A335
att,A1689,A2000
att,A1689,A1406
att,A1689,A873
att,A1689,A2434
att,A1689,A419
att,A1689,A245
att,A1689,A213
att,A1689,A514
att,A1690,A1782
att,A1690,A952
att,A1690,A136
att,A1690,A1564
att,A1690,A637
att,A1690,A1296
att,A1690,A65
att,A1690,A1804
att,A1690,A1859
att,A1690,A2164
att,A1690,A1501
att,A1690,A2081
att,A1690,A2141
att,A1690,A2362
att,A1690,A1305
att,A1690,A1022
att,A1690,A682
att,A1690,A149
att,A1690,A2125
att,A1690,A1169
att,A1690,A2154
att,A1693,A1092
att,A1693,A1647
att,A1693,A1446
att,A1693,A2264
att,A1693,A2179
att,A1693,A1992
att,A1693,A1610
att,A1693,A389
att,A1693,A2373
att,A1693,A2019
att,A1693,A2374
att,A1693,A2188
att,A1693,A361
att,A1693,A2364
att,A1693,A1127
att,A1693,A475
att,A1696,A682
att,A1696,A87
att,A1696,A1804
att,A1696,A1708
att,A1696,A103
att,A1696,A614
att,A1696,A2328
att,A1696,A1848
att,A1696,A272
att,A1696,A1475
att,A1701,A2079
att,A1701,A2282
att,A1701,A1438
att,A1701,A1302
att,A1701,A338
att,A1701,A160
att,A1701,A1190
att,A1701,A1770
att,A1701,A248
att,A1701,A1572
att,A1701,A1272
att,A1701,A2091
att,A1701,A999
att,A1701,A1013
att,A1701,A179
att,A1701,A498
att,A1701,A2054
att,A1701,A388
att,A1701,A594
att,A1701,A1098
att,A1702,A317
att,A1702,A2453
att,A1702,A1272
att,A1702,A2018
att,A1702,A1491
att,A1702,A215
att,A1702,A2306
att,A1702,A1568
att,A1702,A1795
att,A1702,A1332
att,A1702,A60
att,A1702,A901
att,A1702,A1659
att,A1702,A1441
att,A1702,A164
att,A1702,A877
att,A1704,A2576
att,A1704,A2078
att,A1704,A2573
att,A1704,A2469
att,A1704,A64
att,A1704,A397
att,A1704,A2085
att,A1704,A2592
att,A1704,A1394
att,A1704,A2543
att,A1704,A2512
att,A1704,A1037
att,A1704,A2065
att,A1704,A633
att,A1704,A231
att,A1704,A246
att,A1704,A1025
att,A1705,A1752
att,A1705,A1705
att,A1705,A2248
att,A1705,A259
att,A1705,A2319
att,A1705,A1684
att,A1705,A247
att,A1705,A2341
att,A1705,A2153
att,A1705,A1565
att,A1705,A1315
att,A1705,A2258
att,A1705,A1328
att,A1705,A660
att,A1705,A579
att,A1705,A951
att,A1705,A1520
att,A1705,A170
att,A1705,A1152
att,A1706,A2550
att,A1706,A1391
att,A1706,A60
att,A1706,A767
att,A1706,A642
att,A1706,A417
att,A1706,A785
att,A1710,A726
att,A1710,A1111
att,A1710,A2105
att,A1710,A2182
att,A1710,A2284
att,A1710,A38
att,A1710,A2580
att,A1710,A2131
att,A1710,A106
att,A1710,A1117
att,A1710,A353
att,A1710,A666
att,A1710,A1770
att,A1710,A285
att,A1710,A1109
att,A1710,A717
att,A1710,A2426
att,A1710,A64
att,A1710,A428
att,A1710,A1950
att,A1710,A1730
att,A1710,A1364
att,A1710,A611
att,A1711,A949
att,A1711,A595
att,A1711,A793
att,A1711,A2558
att,A1712,A1495
att,A1712,A178
att,A1712,A138
att,A1712,A746
att,A1712,A2560
att,A1712,A982
att,A1712,A439
att,A1712,A545
att,A1712,A2571
att,A1712,A2481
att,A1712,A1790
att,A1712,A1276
att,A1712,A1006
att,A1712,A2251
att,A1712,A2050
att,A1712,A2114
att,A1712,A1539
att,A1712,A1008
att,A1712,A437
att,A1712,A334
att,A1712,A1411
att,A1712,A2226
att,A1712,A312
att,A1712,A1020
att,A1712,A1808
att,A1712,A2487
att,A1712,A529
att,A1713,A658
att,A1713,A6
att,A1713,A2344
att,A1713,A2143
att,A1713,A1656
att,A1713,A2122
att,A1713,A1022
att,A1713,A512
att,A1713,A1033
att,A1713,A1985
att,A1713,A2045
att,A1713,A688
att,A1713,A767
att,A1713,A2451
att,A1713,A2367
att,A1713,A1670
att,A1713,A634
att,A1713,A1920
att,A1713,A302
att,A1713,A261
att,A1713,A2003
att,A1713,A1047
att,A1713,A109
att,A1713,A2353
att,A1715,A849
att,A1715,A1072
att,A1715,A1021
att,A1715,A2227
att,A1715,A1111
att,A1715,A1592
att,A1715,A974
att,A1715,A585
att,A1715,A779
att,A1715,A2121
att,A1715,A424
att,A1715,A1910
att,A1715,A1715
att,A1715,A1289
att,A1715,A2170
att,A1715,A4
att,A1715,A1106
att,A1715,A361
att,A1716,A664
att,A1716,A1794
att,A1716,A913
att,A1716,A2399
att,A1716,A1010
att,A1716,A962
att,A1716,A1659
att,A1716,A2261
att,A1716,A984
att,A1716,A624
att,A1722,A2256
att,A1722,A2548
att,A1722,A794
att,A1722,A1826
att,A1722,A60
att,A1722,A2455
att,A1722,A607
att,A1722,A2126
att,A1722,A2378
att,A1722,A242
att,A1722,A920
att,A1722,A2175
att,A1722,A408
att,A1722,A2564
att,A1722,A716
att,A1722,A132
att,A1722,A445
att,A1722,A1299
att,A1722,A1091
att,A1722,A2416
att,A1722,A1523
att,A1722,A1922
att,A1723,A2122
att,A1723,A2576
att,A1723,A1608
att,A1723,A1392
att,A1723,A1487
att,A1723,A1436
att,A1723,A316
att,A1723,A2376
att,A1723,A1300
att,A1723,A1687
att,A1723,A572
att,A1723,A501
att,A1723,A960
att,A1723,A2193
att,A1723,A396
att,A1723,A1072
att,A1723,A1865
att,A1723,A1283
att,A1723,A1271
att,A1723,A1677
att,A1723,A1984
att,A1723,A994
att,A1723,A886
att,A1723,A1238
att,A1723,A395
att,A1724,A1078
att,A1724,A834
att,A1724,A1726
att,A1724,A538
att,A1724,A2033
att,A1724,A867
att,A1724,A1877
att,A1724,A1237
att,A1724,A2331
att,A1724,A1247
att,A1724,A2139
att,A1724,A2011
att,A1724,A107
att,A1724,A2456
att,A1724,A1705
att,A1724,A1362
att,A1724,A298
att,A1724,A936
att,A1724,A1971
att,A1724,A350
att,A1724,A271
att,A1725,A2559
att,A1725,A194
att,A1725,A1967
att,A1725,A1339
att,A1725,A313
att,A1725,A2512
att,A1725,A1463
att,A1725,A578
att,A1725,A1522
att,A1725,A2089
att,A1725,A2238
att,A1725,A1827
att,A1725,A1587
att,A1725,A1892
att,A1726,A2186
att,A1726,A2071
att,A1726,A1054
att,A1726,A620
att,A1726,A2377
att,A1727,A1585
att,A1727,A2447
att,A1727,A1616
att,A1727,A498
att,A1727,A932
att,A1727,A954
att,A1727,A2568
att,A1727,A1243
att,A1727,A2128
att,A1727,A1626
att,A1727,A252
att,A1727,A2043
att,A1727,A2075
att,A1727,A311
att,A1727,A1690
att,A1727,A2204
att,A1727,A1856
att,A1729,A878
att,A1729,A313
att,A1729,A1507
att,A1729,A1065
att,A1729,A1189
att,A1729,A1711
att,A1729,A1677
att,A1729,A2401
att,A1729,A128
att,A1729,A84
att,A1729,A1564
att,A1729,A2019
att,A1729,A2348
att,A1729,A2013
att,A1729,A1657
att,A1729,A465
att,A1731,A2067
att,A1731,A288
att,A1731,A702
att,A1731,A2105
att,A1731,A621
att,A1731,A2282
att,A1731,A1374
att,A1731,A2570
att,A1731,A667
att,A1731,A1193
att,A1731,A13
att,A1731,A2253
att,A1731,A227
att,A1731,A37
att,A1731,A84
att,A1732,A1773
att,A1732,A723
att,A1732,A1378
att,A1732,A2239
att,A1732,A2579
att,A1732,A1909
att,A1732,A1586
att,A1732,A2567
att,A1732,A1174
att,A1732,A1431
att,A1732,A637
att,A1732,A2179
att,A1732,A100
att,A1732,A827
att,A1732,A961
att,A1732,A1974
att,A1734,A145
att,A1734,A1588
att,A1734,A2475
att,A1734,A414
att,A1734,A1516
att,A1734,A2515
att,A1734,A282
att,A1734,A1987
att,A1734,A1415
att,A1734,A1008
att,A1734,A357
att,A1734,A811
att,A1734,A1325
att,A1734,A1390
att,A1734,A550
att,A1734,A2324
att,A1734,A1787
att,A1734,A2437
att,A1734,A198
att,A1734,A1630
att,A1734,A2488
att,A1734,A440
att,A1735,A47
att,A1735,A2325
att,A1735,A1195
att,A1736,A170
att,A1736,A1747
att,A1736,A918
att,A1736,A718
att,A1736,A355
att,A1736,A1683
att,A1736,A987
att,A1736,A2519
att,A1736,A57
att,A1737,A1647
att,A1737,A2001
att,A1737,A150
att,A1737,A766
att,A1737,A873
att,A1737,A378
att,A1737,A2464
att,A1737,A1552
att,A1737,A609
att,A1737,A1227
att,A1737,A1499
att,A1737,A239
att,A1737,A743
att,A1737,A624
att,A1737,A2405
att,A1737,A2400
att,A1737,A842
att,A1738,A1907
att,A1738,A238
att,A1738,A2231
att,A1738,A2105
att,A1738,A1872
att,A1738,A2132
att,A1738,A997
att,A1738,A148
att,A1738,A1869
att,A1738,A993
att,A1738,A1370
att,A1742,A245
att,A1742,A118
att,A1742,A524
att,A1742,A1092
att,A1742,A1176
att,A1742,A795
att,A1745,A2438
att,A1745,A1706
att,A1745,A573
att,A1745,A2087
att,A1745,A2244
att,A1745,A1327
att,A1745,A666
att,A1745,A1646
att,A1745,A839
att,A1745,A1855
att,A1745,A2353
att,A1745,A975
att,A1746,A2234
att,A1746,A1293
att,A1746,A2401
att,A1746,A335
att,A1746,A338
att,A1746,A2153
att,A1746,A212
att,A1746,A1401
att,A1746,A253
att,A1746,A2093
att,A1746,A1790
att,A1746,A1589
att,A1746,A2431
att,A1746,A1573
att,A1746,A906
att,A1746,A1552
att,A1746,A379
att,A1746,A1080
att,A1746,A929
att,A1746,A610
att,A1746,A1341
att,A1746,A682
att,A1746,A602
att,A1746,A1965
att,A1746,A1988
att,A1746,A1897
att,A1747,A1320
att,A1747,A1273
att,A1747,A1795
att,A1747,A2112
att,A1747,A580
att,A1747,A524
att,A1747,A1254
att,A1747,A806
att,A1750,A614
att,A1750,A1982
att,A1750,A2430
att,A1750,A1799
att,A1750,A1254
att,A1750,A1521
att,A1750,A2504
att,A1750,A1656
att,A1750,A1114
att,A1750,A1706
att,A1750,A2437
att,A1750,A2290
att,A1750,A383
att,A1750,A1636
att,A1750,A1879
att,A1750,A1523
att,A1751,A485
att,A1751,A2561
att,A1751,A2303
att,A1751,A1674
att,A1751,A698
att,A1751,A1063
att,A1751,A1629
att,A1751,A2049
att,A1752,A1403
att,A1752,A640
att,A1752,A1908
att,A1752,A299
att,A1752,A559
att,A1752,A1128
att,A1752,A1029
att,A1752,A555
att,A1752,A1241
att,A1752,A2515
att,A1752,A1173
att,A1752,A1968
att,A1752,A2533
att,A1752,A1817
att,A1752,A1888
att,A1752,A1038
att,A1753,A1325
att,A1753,A1049
att,A1753,A724
att,A1753,A2121
att,A1753,A1112
att,A1753,A216
att,A1753,A1297
att,A1753,A458
att,A1753,A430
att,A1753,A2322
att,A1753,A804
att,A1753,A141
att,A1753,A2318
att,A1753,A2225
att,A1753,A2316
att,A1753,A1542
att,A1753,A2221
att,A1754,A1229
att,A1754,A1807
att,A1754,A2506
att,A1754,A2335
att,A1754,A253
att,A1754,A20
att,A1754,A1642
att,A1754,A2403
att,A1754,A1506
att,A1754,A1619
att,A1754,A1905
att,A1754,A2038
att,A1754,A1524
att,A1754,A2189
att,A1754,A1319
att,A1754,A2027
att,A1756,A2456
att,A1756,A4
att,A1756,A856
att,A1756,A1051
att,A1756,A1091
att,A1756,A1760
att,A1756,A1703
att,A1756,A2027
att,A1756,A1065
att,A1756,A1569
att,A1756,A756
att,A1756,A2593
att,A1756,A2345
att,A1756,A478
att,A1756,A1617
att,A1756,A515
att,A1756,A92
att,A1756,A367
att,A1756,A2213
att,A1756,A1277
att,A1758,A1181
att,A1758,A329
att,A1758,A82
att,A1758,A334
att,A1758,A480
att,A1758,A1979
att,A1758,A950
att,A1758,A1899
att,A1758,A1039
att,A1758,A528
att,A1758,A644
att,A1758,A391
att,A1758,A84
att,A1758,A1148
att,A1758,A1810
att,A1758,A2033
att,A1758,A286
att,A1759,A2499
att,A1759,A1880
att,A1759,A2321
att,A1759,A2376
att,A1760,A2159
att,A1760,A1908
att,A1760,A619
att,A1760,A836
att,A1761,A1577
att,A1761,A2066
att,A1761,A617
att,A1761,A810
att,A1761,A2531
att,A1761,A604
att,A1761,A2098
att,A1762,A1277
att,A1762,A1168
att,A1762,A2298
att,A1762,A15
att,A1762,A34
att,A1762,A272
att,A1762,A1229
att,A1762,A295
att,A1762,A306
att,A1762,A1311
att,A1762,A702
att,A1762,A2156
att,A1762,A2083
att,A1762,A483
att,A1762,A1428
att,A1762,A243
att,A1762,A727
att,A1762,A2562
att,A1762,A2516
att,A1762,A456
att,A1762,A1732
att,A1762,A222
att,A1762,A491
att,A1762,A2418
att,A1762,A757
att,A1765,A1796
att,A1765,A1829
att,A1765,A1607
att,A1765,A2148
att,A1765,A477
att,A1765,A2368
att,A1765,A921
att,A1765,A1912
att,A1765,A917
att,A1765,A236
att,A1765,A297
att,A1765,A465
att,A1765,A1628
att,A1765,A973
att,A1765,A1310
att,A1765,A1541
att,A1765,A649
att,A1765,A195
att,A1765,A1494
att,A1767,A14
att,A1767,A1237
att,A1767,A1148
att,A1767,A592
att,A1768,A2484
att,A1768,A385
att,A1768,A1592
att,A1768,A1914
att,A1768,A1537
att,A1768,A77
att,A1768,A1013
att,A1768,A1610
att,A1768,A1200
att,A1768,A217
att,A1768,A728
att,A1768,A514
att,A1768,A1540
att,A1770,A1537
att,A1770,A608
att,A1770,A1487
att,A1770,A2586
att,A1770,A336
att,A1770,A1298
att,A1770,A2307
att,A1771,A2279
att,A1771,A1764
att,A1771,A1109
att,A1771,A1941
att,A1771,A561
att,A1771,A942
att,A1771,A302
att,A1771,A1040
att,A1771,A194
att,A1771,A1299
att,A1771,A2131
att,A1771,A1103
att,A1771,A1172
att,A1776,A2137
att,A1776,A2182
att,A1776,A2315
att,A1776,A2387
att,A1776,A2378
att,A1776,A2209
att,A1776,A120
att,A1776,A485
att,A1776,A13
att,A1776,A117
att,A1778,A1767
att,A1778,A2264
att,A1783,A1685
att,A1783,A1425
att,A1783,A1690
att,A1783,A2109
att,A1783,A431
att,A1783,A1946
att,A1783,A1437
att,A1783,A2519
att,A1783,A1712
att,A1783,A1890
att,A1783,A1665
att,A1783,A1590
att,A1783,A1991
att,A1783,A1072
att,A1783,A1993
att,A1783,A617
att,A1783,A1944
att,A1783,A451
att,A1783,A1264
att,A1784,A1700
att,A1784,A1400
att,A1784,A1889
att,A1784,A1390
att,A1784,A1979
att,A1784,A369
att,A1784,A1489
att,A1784,A1897
att,A1787,A2446
att,A1787,A1857
att,A1787,A2396
att,A1787,A502
att,A1787,A703
att,A1787,A553
att,A1787,A425
att,A1787,A2020
att,A1787,A389
att,A1787,A2502
att,A1787,A2063
att,A1787,A1519
att,A1787,A376
att,A1788,A1532
att,A1788,A1052
att,A1788,A651
att,A1788,A55
att,A1788,A1238
att,A1788,A623
att,A1788,A12
att,A1788,A732
att,A1788,A952
att,A1788,A539
att,A1788,A1308
att,A1788,A1762
att,A1788,A968
att,A1788,A2580
att,A1788,A2519
att,A1788,A2127
att,A1788,A752
att,A1788,A2306
att,A1788,A214
att,A1788,A1805
att,A1788,A2311
att,A1789,A2316
att,A1789,A2144
att,A1789,A970
att,A1789,A1432
att,A1792,A1958
att,A1792,A1997
att,A1792,A1451
att,A1792,A1014
att,A1792,A1366
att,A1793,A1610
att,A1793,A2223
att,A1793,A364
att,A1793,A1284
att,A1793,A427
att,A1793,A2596
att,A1793,A2241
att,A1793,A943
att,A1793,A1486
att,A1793,A1046
att,A1793,A2289
att,A1793,A721
att,A1793,A2551
att,A1793,A90
att,A1793,A127
att,A1793,A1412
att,A1793,A2277
att,A1793,A1438
att,A1793,A718
att,A1793,A2020
att,A1793,A1287
att,A1793,A1896
att,A1793,A620
att,A1793,A567
att,A1793,A1450
att,A1793,A2090
att,A1793,A354
att,A1793,A420
att,A1793,A301
att,A1793,A906
att,A1794,A30
att,A1794,A746
att,A1794,A641
att,A1794,A1001
att,A1794,A2184
att,A1795,A980
att,A1795,A870
att,A1795,A2165
att,A1795,A1080
att,A1795,A1889
att,A1795,A1157
att,A1795,A719
att,A1795,A987
att,A1795,A393
att,A1795,A1024
att,A1795,A1456
att,A1795,A2175
att,A1795,A2565
att,A1795,A1557
att,A1795,A28
att,A1795,A268
att,A1795,A451
att,A1795,A957
att,A1796,A1108
att,A1796,A1624
att,A1796,A2235
att,A1796,A2582
att,A1796,A1123
att,A1796,A1540
att,A1796,A2432
att,A1796,A1165
att,A1796,A2117
att,A1796,A2128
att,A1796,A1504
att,A1797,A936
att,A1797,A2185
att,A1797,A2407
att,A1797,A63
att,A1797,A2282
att,A1797,A726
att,A1797,A321
att,A1797,A133
att,A1797,A1152
att,A1797,A2228
att,A1797,A2170
att,A1797,A2448
att,A1797,A2037
att,A1797,A385
att,A1799,A823
att,A1799,A626
att,A1799,A2381
att,A1799,A2295
att,A1799,A35
att,A1799,A403
att,A1799,A1411
att,A1799,A1518
att,A1799,A2479
att,A1799,A1883
att,A1800,A1820
att,A1800,A868
att,A1800,A2568
att,A1800,A1572
att,A1800,A298
att,A1800,A227
att,A1800,A1550
att,A1800,A1088
att,A1800,A219
att,A1800,A1889
att,A1800,A2063
att,A1800,A798
att,A1800,A2504
att,A1800,A1131
att,A1800,A2234
att,A1800,A2
att,A1800,A575
att,A1800,A2306
att,A1800,A2509
att,A1800,A1553
att,A1800,A160
att,A1800,A1670
att,A1800,A723
att,A1803,A533
att,A1803,A2222
att,A1803,A454
att,A1803,A469
att,A1803,A428
att,A1803,A2410
att,A1803,A171
att,A1803,A1961
att,A1803,A2141
att,A1803,A2204
att,A1803,A1604
att,A1803,A1868
att,A1803,A2501
att,A1803,A2583
att,A1803,A1849
att,A1803,A1860
att,A1805,A898
att,A1805,A2430
att,A1805,A477
att,A1805,A2447
att,A1805,A131
att,A1805,A1193
att,A1805,A1946
att,A1805,A282
att,A1805,A1170
att,A1805,A504
att,A1805,A919
att,A1805,A2103
att,A1805,A538
att,A1805,A903
att,A1805,A1122
att,A1805,A1768
att,A1805,A7
att,A1805,A2488
att,A1805,A759
att,A1806,A233
att,A1808,A1246
att,A1808,A2252
att,A1808,A94
att,A1808,A2334
att,A1809,A1352
att,A1810,A646
att,A1810,A1658
att,A1810,A2152
att,A1810,A2340
att,A1810,A1431
att,A1810,A77
att,A1810,A500
att,A1810,A859
att,A1810,A1627
att,A1810,A1384
att,A1810,A439
att,A1810,A2196
att,A1810,A1929
att,A1810,A1126
att,A1810,A1708
att,A1810,A2447
att,A1815,A2511
att,A1815,A196
att,A1815,A2287
att,A1815,A248
att,A1815,A2308
att,A1815,A521
att,A1815,A824
att,A1815,A465
att,A1815,A566
att,A1815,A2081
att,A1815,A2415
att,A1815,A92
att,A1815,A787
att,A1815,A1421
att,A1815,A560
att,A1815,A1698
att,A1815,A2361
att,A1815,A145
att,A1815,A1234
att,A1816,A547
att,A1816,A1768
att,A1816,A1994
att,A1816,A2194
att,A1816,A2062
att,A1816,A84
att,A1816,A558
att,A1816,A1577
att,A1816,A480
att,A1816,A939
att,A1816,A830
att,A1816,A459
att,A1816,A129
att,A1816,A2485
att,A1816,A1074
att,A1816,A2443
att,A1816,A1525
att,A1816,A762
att,A1816,A2185
att,A1819,A2426
att,A1819,A2045
att,A1819,A497
att,A1822,A129
att,A1822,A112
att,A1822,A2041
att,A1822,A2548
att,A1822,A307
att,A1822,A473
att,A1822,A389
att,A1822,A882
att,A1822,A2093
att,A1822,A797
att,A1822,A1459
att,A1824,A123
att,A1824,A585
att,A1824,A104
att,A1824,A776
att,A1824,A2289
att,A1824,A502
att,A1824,A422
att,A1824,A2121
att,A1824,A2187
att,A1824,A1979
att,A1824,A479
att,A1824,A1881
att,A1824,A1416
att,A1824,A1968
att,A1824,A2054
att,A1824,A601
att,A1824,A740
att,A1824,A79
att,A1824,A678
att,A1825,A2228
att,A1825,A83
att,A1825,A657
att,A1825,A1352
att,A1825,A2107
att,A1825,A919
att,A1825,A500
att,A1825,A1690
att,A1825,A1990
att,A1825,A1374
att,A1825,A494
att,A1825,A1059
att,A1825,A1928
att,A1825,A1227
att,A1825,A2273
att,A1825,A1190
att,A1825,A1148
att,A1825,A1341
att,A1825,A1860
att,A1825,A1368
att,A1827,A484
att,A1827,A2317
att,A1827,A25
att,A1828,A1990
att,A1828,A93
att,A1828,A40
att,A1828,A983
att,A1828,A1883
att,A1828,A1864
att,A1828,A143
att,A1828,A92
att,A1828,A2211
att,A1828,A1493
att,A1828,A230
att,A1828,A9
att,A1828,A2442
att,A1828,A664
att,A1828,A981
att,A1828,A398
att,A1828,A1808
att,A1828,A1258
att,A1828,A229
att,A1828,A542
att,A1828,A1229
att,A1831,A2244
att,A1831,A2429
att,A1831,A2026
att,A1831,A2213
att,A1831,A1513
att,A1831,A811
att,A1831,A2400
att,A1831,A572
att,A1831,A2031
att,A1831,A2055
att,A1831,A2356
att,A1831,A638
att,A1831,A1183
att,A1831,A809
att,A1832,A2508
att,A1832,A1601
att,A1832,A526
att,A1832,A1778
att,A1832,A2283
att,A1832,A587
att,A1833,A1983
att,A1833,A956
att,A1833,A1177
att,A1833,A1855
att,A1833,A1010
att,A1833,A103
att,A1833,A1913
att,A1834,A1757
att,A1834,A2072
att,A1834,A2396
att,A1834,A398
att,A1834,A1790
att,A1834,A1385
att,A1834,A2457
att,A1834,A339
att,A1834,A1267
att,A1834,A539
att,A1834,A2191
att,A1834,A1566
att,A1834,A489
att,A1834,A1016
att,A1834,A2253
att,A1834,A1036
att,A1834,A215
att,A1834,A1570
att,A1834,A135
att,A1837,A924
att,A1837,A239
att,A1837,A96
att,A1837,A1875
att,A1837,A2118
att,A1837,A1809
att,A1837,A1299
att,A1837,A52
att,A1837,A197
att,A1837,A483
att,A1837,A419
att,A1837,A432
att,A1837,A566
att,A1837,A1304
att,A1837,A1415
att,A1837,A1429
att,A1837,A1282
att,A1837,A436
att,A1838,A350
att,A1838,A585
att,A1838,A527
att,A1838,A504
att,A1838,A2333
att,A1838,A54
att,A1838,A1549
att,A1838,A1344
att,A1838,A1331
att,A1838,A2587
att,A1838,A1158
att,A1838,A2143
att,A1838,A625
att,A1838,A656
att,A1838,A2553
att,A1838,A693
att,A1840,A235
att,A1840,A2559
att,A1840,A123
att,A1840,A309
att,A1840,A1477
att,A1840,A213
att,A1840,A1029
att,A1840,A29
att,A1840,A68
att,A1840,A1392
att,A1840,A1601
att,A1840,A346
att,A1840,A343
att,A1840,A1203
att,A1840,A1764
att,A1840,A574
att,A1840,A1579
att,A1840,A2121
att,A1849,A1476
att,A1849,A2265
att,A1849,A942
att,A1849,A1361
att,A1849,A249
att,A1849,A162
att,A1849,A63
att,A1849,A1138
att,A1849,A499
att,A1849,A788
att,A1849,A486
att,A1849,A1777
att,A1849,A16
att,A1849,A2018
att,A1849,A305
att,A1849,A848
att,A1850,A461
att,A1850,A2032
att,A1850,A91
att,A1850,A2372
att,A1850,A113
att,A1850,A1902
att,A1850,A1852
att,A1850,A154
att,A1850,A2271
att,A1850,A1002
att,A1850,A692
att,A1850,A1355
att,A1850,A1610
att,A1850,A1963
att,A1850,A2473
att,A1850,A1117
att,A1850,A1063
att,A1850,A2203
att,A1850,A1165
att,A1850,A1187
att,A1850,A2028
att,A1852,A1593
att,A1852,A308
att,A1852,A50
att,A1852,A1705
att,A1853,A906
att,A1853,A2393
att,A1853,A1317
att,A1853,A897
att,A1853,A2200
att,A1853,A1471
att,A1853,A1610
att,A1853,A1789
att,A1853,A2433
att,A1853,A2058
att,A1853,A1835
att,A1853,A255
att,A1853,A1550
att,A1853,A2180
att,A1853,A1390
att,A1853,A1284
att,A1853,A2462
att,A1853,A1100
att,A1853,A1091
att,A1853,A868
att,A1853,A1235
att,A1853,A1200
att,A1853,A793
att,A1853,A1194
att,A1857,A1139
att,A1857,A1913
att,A1857,A2573
att,A1857,A680
att,A1857,A829
att,A1857,A425
att,A1857,A2445
att,A1857,A777
att,A1857,A381
att,A1857,A1494
att,A1857,A1815
att,A1857,A831
att,A1858,A2234
att,A1858,A2088
att,A1858,A2297
att,A1858,A1841
att,A1858,A212
att,A1858,A1572
att,A1858,A1658
att,A1858,A355
att,A1858,A687
att,A1858,A1120
att,A1858,A470
att,A1858,A431
att,A1858,A1441
att,A1858,A2509
att,A1858,A459
att,A1858,A1157
att,A1858,A28
att,A1858,A764
att,A1858,A1270
att,A1858,A465
att,A1858,A1923
att,A1858,A1262
att,A1858,A2352
att,A1858,A749
att,A1858,A1784
att,A1858,A823
att,A1858,A936
att,A1858,A2526
att,A1858,A2382
att,A1859,A136
att,A1859,A2246
att,A1859,A1432
att,A1859,A946
att,A1859,A2055
att,A1859,A2287
att,A1859,A1924
att,A1859,A790
att,A1859,A1297
att,A1859,A1540
att,A1859,A2009
att,A1859,A29
att,A1859,A285
att,A1859,A265
att,A1859,A2378
att,A1859,A414
att,A1859,A1562
att,A1859,A1808
att,A1859,A2430
att,A1859,A2089
att,A1859,A186
att,A1859,A2359
att,A1859,A2418
att,A1859,A866
att,A1859,A419
att,A1861,A811
att,A1861,A1811
att,A1861,A1651
att,A1861,A1654
att,A1861,A2537
att,A1861,A1629
att,A1861,A1234
att,A1861,A1285
att,A1861,A1585
att,A1861,A1454
att,A1861,A1514
att,A1861,A776
att,A1861,A606
att,A1861,A2461
att,A1861,A1848
att,A1861,A823
att,A1861,A979
att,A1861,A2420
att,A1861,A1920
att,A1861,A792
att,A1861,A956
att,A1861,A735
att,A1861,A382
att,A1861,A1365
att,A1861,A1013
att,A1861,A1260
att,A1861,A1283
att,A1862,A2500
att,A1862,A1997
att,A1862,A2384
att,A1862,A1734
att,A1862,A1576
att,A1862,A1782
att,A1862,A1985
att,A1863,A212
att,A1863,A935
att,A1863,A2376
att,A1863,A957
att,A1863,A187
att,A1863,A2150
att,A1863,A2306
att,A1863,A1635
att,A1863,A1844
att,A1863,A1092
att,A1863,A584
att,A1863,A512
att,A1863,A158
att,A1863,A814
att,A1863,A318
att,A1863,A2372
att,A1863,A920
att,A1863,A603
att,A1863,A1359
att,A1863,A1559
att,A1863,A611
att,A1863,A1962
att,A1863,A2323
att,A1863,A194
att,A1866,A2118
att,A1866,A959
att,A1866,A958
att,A1866,A953
att,A1866,A2545
att,A1866,A1234
att,A1866,A508
att,A1866,A754
att,A1866,A795
att,A1866,A1839
att,A1866,A2315
att,A1866,A1285
att,A1866,A840
att,A1866,A1421
att,A1866,A1889
att,A1870,A915
att,A1870,A61
att,A1870,A1043
att,A1870,A2154
att,A1870,A2097
att,A1870,A173
att,A1870,A1703
att,A1870,A1194
att,A1870,A1641
att,A1870,A885
att,A1870,A1290
att,A1870,A1855
att,A1870,A339
att,A1870,A548
att,A1870,A1652
att,A1870,A1328
att,A1870,A1084
att,A1870,A80
att,A1870,A736
att,A1870,A704
att,A1870,A1093
att,A1870,A2074
att,A1870,A1580
att,A1870,A1284
att,A1872,A1038
att,A1872,A1102
att,A1872,A1458
att,A1872,A2053
att,A1872,A2575
att,A1872,A735
att,A1872,A2137
att,A1872,A2213
att,A1872,A58
att,A1872,A445
att,A1872,A1462
att,A1872,A444
att,A1872,A2028
att,A1872,A197
att,A1872,A208
att,A1872,A407
att,A1872,A785
att,A1872,A1320
att,A1872,A2572
att,A1872,A111
att,A1872,A16
att,A1872,A487
att,A1873,A2245
att,A1873,A2323
att,A1873,A383
att,A1873,A2392
att,A1873,A2487
att,A1873,A575
att,A1873,A690
att,A1873,A2196
att,A1873,A173
att,A1873,A1839
att,A1873,A2508
att,A1873,A304
att,A1873,A210
att,A1873,A1047
att,A1873,A1814
att,A1873,A131
att,A1873,A2399
att,A1873,A1031
att,A1873,A1271
att,A1873,A1565
att,A1873,A1461
att,A1873,A2029
att,A1874,A1364
att,A1874,A954
att,A1874,A1868
att,A1874,A1541
att,A1874,A1236
att,A1874,A1137
att,A1875,A1638
att,A1875,A884
att,A1875,A2468
att,A1875,A2238
att,A1875,A1791
att,A1875,A30
att,A1875,A1181
att,A1875,A869
att,A1875,A1013
att,A1875,A2450
att,A1875,A1931
att,A1875,A1854
att,A1875,A1718
att,A1875,A279
att,A1875,A1976
att,A1876,A606
att,A1876,A239
att,A1876,A1308
att,A1876,A213
att,A1876,A1290
att,A1876,A2012
att,A1876,A2420
att,A1876,A59
att,A1876,A1553
att,A1876,A940
att,A1876,A1975
att,A1876,A336
att,A1876,A688
att,A1877,A272
att,A1877,A1061
att,A1877,A2424
att,A1877,A1793
att,A1877,A591
att,A1877,A1282
att,A1877,A2327
att,A1877,A1854
att,A1877,A1076
att,A1877,A280
att,A1879,A840
att,A1879,A1716
att,A1879,A436
att,A1879,A296
att,A1879,A1097
att,A1879,A800
att,A1879,A936
att,A1879,A2166
att,A1879,A1178
att,A1881,A1834
att,A1881,A2349
att,A1881,A1746
att,A1881,A78
att,A1881,A1922
att,A1881,A1349
att,A1881,A518
att,A1881,A1327
att,A1881,A2129
att,A1881,A712
att,A1881,A1516
att,A1881,A2429
att,A1881,A467
att,A1881,A2337
att,A1881,A2201
att,A1881,A1972
att,A1881,A998
att,A1884,A1544
att,A1884,A256
att,A1884,A2314
att,A1884,A38
att,A1885,A79
att,A1885,A1962
att,A1885,A355
att,A1885,A787
att,A1885,A398
att,A1885,A2333
att,A1887,A2013
att,A1887,A1125
att,A1887,A1523
att,A1890,A91
att,A1890,A2026
att,A1890,A1023
att,A1890,A1721
att,A1890,A1328
att,A1890,A801
att,A1892,A474
att,A1892,A1531
att,A1892,A409
att,A1892,A2388
att,A1892,A1961
att,A1892,A979
att,A1892,A1005
att,A1892,A2217
att,A1892,A708
att,A1892,A1507
att,A1892,A86
att,A1892,A2525
att,A1892,A1422
att,A1892,A387
att,A1892,A1810
att,A1892,A298
att,A1892,A2042
att,A1892,A2476
att,A1892,A2154
att,A1892,A1153
att,A1892,A1280
att,A1895,A1074
att,A1895,A2276
att,A1895,A1951
att,A1896,A259
att,A1896,A175
att,A1896,A1862
att,A1896,A1202
att,A1897,A1437
att,A1897,A1616
att,A1897,A847
att,A1897,A149
att,A1897,A2221
att,A1897,A1536
att,A1897,A317
att,A1897,A1429
att,A1897,A24
att,A1897,A746
att,A1897,A291
att,A1897,A1461
att,A1897,A706
att,A1899,A1432
att,A1899,A1753
att,A1899,A1226
att,A1899,A532
att,A1899,A2410
att,A1902,A420
att,A1902,A2188
att,A1902,A1506
att,A1902,A227
att,A1902,A909
att,A1902,A280
att,A1902,A1314
att,A1902,A2261
att,A1902,A1024
att,A1902,A256
att,A1902,A1156
att,A1903,A386
att,A1903,A224
att,A1903,A2046
att,A1903,A825
att,A1903,A284
att,A1903,A1647
att,A1905,A985
att,A1905,A1515
att,A1905,A1015
att,A1905,A2346
att,A1905,A2064
att,A1905,A200
att,A1905,A2089
att,A1905,A2404
att,A1905,A2565
att,A1905,A1182
att,A1905,A2034
att,A1906,A2320
att,A1906,A517
att,A1906,A2507
att,A1906,A1099
att,A1906,A1582
att,A1906,A1410
att,A1911,A1903
att,A1912,A1171
att,A1912,A1857
att,A1912,A1424
att,A1913,A1727
att,A1913,A1405
att,A1913,A1021
att,A1913,A2171
att,A1913,A2186
att,A1913,A973
att,A1913,A402
att,A1913,A1055
att,A1913,A2595
att,A1913,A1358
att,A1913,A946
att,A1913,A993
att,A1913,A1016
att,A1913,A859
att,A1913,A1023
att,A1913,A1663
att,A1913,A817
att,A1913,A499
att,A1913,A1184
att,A1913,A1818
att,A1913,A637
att,A1913,A1672
att,A1916,A2489
att,A1916,A576
att,A1916,A1276
att,A1916,A2105
att,A1916,A2036
att,A1916,A1972
att,A1916,A985
att,A1916,A1983
att,A1916,A1682
att,A1916,A2097
att,A1916,A1997
att,A1916,A725
att,A1916,A1047
att,A1916,A2588
att,A1916,A1017
att,A1916,A568
att,A1916,A828
att,A1916,A8
att,A1916,A236
att,A1917,A5
att,A1917,A210
att,A1917,A1278
att,A1917,A556
att,A1917,A1743
att,A1917,A1135
att,A1917,A1468
att,A1917,A2087
att,A1917,A2255
att,A1917,A2572
att,A1917,A1332
att,A1917,A1636
att,A1917,A1200
att,A1917,A1224
att,A1917,A2228
att,A1917,A1310
att,A1917,A455
att,A1917,A2293
att,A1917,A961
att,A1917,A809
att,A1917,A2098
att,A1917,A1461
att,A1917,A109
att,A1917,A1678
att,A1917,A2218
att,A1917,A2354
att,A1917,A1942
att,A1918,A1513
att,A1918,A982
att,A1918,A1804
att,A1918,A907
att,A1918,A154
att,A1918,A1346
att,A1918,A2365
att,A1918,A1602
att,A1918,A1800
att,A1918,A215
att,A1918,A1691
att,A1918,A2069
att,A1919,A2351
att,A1919,A2407
att,A1919,A1676
att,A1919,A1027
att,A1919,A1701
att,A1919,A586
att,A1919,A1313
att,A1919,A711
att,A1919,A1016
att,A1919,A1977
att,A1919,A1895
att,A1919,A1248
att,A1919,A2243
att,A1919,A538
att,A1919,A467
att,A1919,A585
att,A1919,A2492
att,A1919,A791
att,A1919,A796
att,A1919,A1525
att,A1919,A900
att,A1919,A1428
att,A1919,A1909
att,A1919,A927
att,A1919,A633
att,A1919,A1810
att,A1919,A1567
att,A1920,A1167
att,A1920,A295
att,A1920,A712
att,A1920,A2527
att,A1920,A913
att,A1920,A816
att,A1921,A2210
att,A1921,A2250
att,A1921,A551
att,A1921,A2091
att,A1921,A2169
att,A1921,A310
att,A1921,A2392
att,A1922,A553
att,A1926,A2187
att,A1927,A1559
att,A1927,A1535
att,A1927,A81
att,A1927,A2499
att,A1927,A1431
att,A1927,A179
att,A1927,A1266
att,A1927,A1389
att,A1927,A2304
att,A1927,A1542
att,A1927,A216
att,A1927,A2573
att,A1927,A866
att,A1927,A1000
att,A1927,A1110
att,A1929,A291
att,A1929,A2204
att,A1929,A2100
att,A1929,A1776
att,A1929,A2355
att,A1929,A1699
att,A1929,A1431
att,A1929,A2214
att,A1929,A1538
att,A1929,A2102
att,A1929,A1857
att,A1929,A2490
att,A1929,A1729
att,A1929,A1136
att,A1929,A2417
att,A1929,A2157
att,A1929,A2236
att,A1929,A2483
att,A1929,A966
att,A1932,A1990
att,A1932,A2143
att,A1932,A2246
att,A1932,A442
att,A1933,A1840
att,A1933,A2380
att,A1933,A304
att,A1933,A2052
att,A1933,A57
att,A1933,A578
att,A1933,A1556
att,A1935,A1160
att,A1935,A2379
att,A1935,A2499
att,A1935,A2371
att,A1935,A1271
att,A1935,A2561
att,A1935,A1303
att,A1935,A1683
att,A1935,A2432
att,A1935,A391
att,A1935,A1396
att,A1935,A736
att,A1935,A934
att,A1935,A816
att,A1936,A1517
att,A1936,A853
att,A1936,A1195
att,A1936,A1162
att,A1936,A2470
att,A1936,A2421
att,A1938,A2234
att,A1938,A1948
att,A1938,A530
att,A1938,A791
att,A1940,A2518
att,A1940,A2148
att,A1940,A446
att,A1940,A868
att,A1940,A1006
att,A1940,A628
att,A1940,A1236
att,A1940,A452
att,A1940,A1162
att,A1940,A1717
att,A1940,A2133
att,A1940,A1328
att,A1940,A1590
att,A1940,A2289
att,A1940,A1831
att,A1940,A625
att,A1940,A565
att,A1940,A51
att,A1940,A2027
att,A1941,A1246
att,A1941,A938
att,A1941,A551
att,A1941,A1056
att,A1941,A1030
att,A1941,A2359
att,A1941,A2253
att,A1941,A2176
att,A1942,A2362
att,A1942,A1758
att,A1942,A203
att,A1942,A2498
att,A1942,A1027
att,A1942,A484
att,A1942,A319
att,A1942,A86
att,A1942,A253
att,A1942,A815
att,A1942,A1318
att,A1942,A513
att,A1942,A2178
att,A1942,A2406
att,A1942,A2539
att,A1942,A274
att,A1943,A2032
att,A1943,A34
att,A1943,A1766
att,A1943,A1252
att,A1943,A890
att,A1943,A1386
att,A1943,A2308
att,A1943,A1297
att,A1943,A1789
att,A1943,A564
att,A1943,A1076
att,A1943,A2072
att,A1943,A1209
att,A1943,A2449
att,A1943,A120
att,A1943,A1301
att,A1943,A2014
att,A1943,A2187
att,A1943,A715
att,A1943,A2138
att,A1943,A975
att,A1943,A1780
att,A1943,A1123
att,A1943,A2096
att,A1943,A211
att,A1943,A240
att,A1944,A30
att,A1944,A1244
att,A1944,A1526
att,A1944,A695
att,A1944,A2245
att,A1944,A497
att,A1945,A268
att,A1945,A942
att,A1945,A1387
att,A1945,A1912
att,A1945,A880
att,A1945,A133
att,A1945,A1396
att,A1945,A2164
att,A1945,A1965
att,A1945,A1919
att,A1945,A10
att,A1945,A35
att,A1945,A2398
att,A1945,A742
att,A1945,A460
att,A1945,A1463
att,A1945,A2210
att,A1945,A2414
att,A1945,A1336
att,A1945,A1708
att,A1945,A2338
att,A1945,A2539
att,A1945,A532
att,A1948,A2185
att,A1948,A1723
att,A1948,A866
att,A1948,A2325
att,A1948,A1056
att,A1948,A1195
att,A1948,A1100
att,A1948,A1051
att,A1948,A2361
att,A1948,A2193
att,A1948,A837
att,A1948,A2456
att,A1948,A912
att,A1948,A1287
att,A1952,A1258
att,A1952,A2574
att,A1952,A1368
att,A1952,A1491
att,A1952,A2590
att,A1952,A701
att,A1952,A1690
att,A1952,A613
att,A1952,A1833
att,A1952,A1445
att,A1952,A1535
att,A1952,A665
att,A1952,A1907
att,A1952,A429
att,A1952,A924
att,A1952,A1975
att,A1952,A1998
att,A1952,A2147
att,A1952,A2244
att,A1952,A68
att,A1952,A543
att,A1953,A903
att,A1953,A1071
att,A1953,A1996
att,A1953,A1403
att,A1953,A1608
att,A1953,A144
att,A1953,A2270
att,A1953,A594
att,A1953,A1950
att,A1953,A2067
att,A1953,A1189
att,A1953,A485
att,A1953,A785
att,A1953,A2516
att,A1953,A430
att,A1953,A1614
att,A1953,A565
att,A1953,A1817
att,A1953,A1239
att,A1953,A1959
att,A1953,A1125
att,A1953,A759
att,A1953,A431
att,A1953,A1490
att,A1953,A128
att,A1953,A764
att,A1955,A140
att,A1955,A2488
att,A1955,A1336
att,A1955,A1308
att,A1955,A915
att,A1955,A770
att,A1955,A1918
att,A1955,A292
att,A1955,A258
att,A1955,A1112
att,A1956,A2529
att,A1956,A1595
att,A1956,A955
att,A1956,A1609
att,A1956,A618
att,A1956,A2188
att,A1956,A351
att,A1956,A1387
att,A1956,A1508
att,A1958,A12
att,A1958,A2292
att,A1958,A785
att,A1958,A235
att,A1958,A776
att,A1958,A450
att,A1958,A908
att,A1958,A74
att,A1958,A932
att,A1958,A1295
att,A1958,A684
att,A1958,A1610
att,A1959,A2266
att,A1959,A89
att,A1959,A1880
att,A1959,A266
att,A1959,A1615
att,A1959,A990
att,A1959,A211
att,A1959,A1442
att,A1959,A1982
att,A1959,A2428
att,A1959,A1361
att,A1959,A293
att,A1959,A1140
att,A1959,A1153
att,A1959,A839
att,A1959,A1717
att,A1960,A2293
att,A1960,A1741
att,A1960,A1211
att,A1960,A1324
att,A1960,A2366
att,A1960,A1995
att,A1960,A854
att,A1960,A1287
att,A1965,A1579
att,A1965,A601
att,A1965,A478
att,A1965,A1699
att,A1965,A1425
att,A1965,A2439
att,A1965,A877
att,A1965,A2403
att,A1965,A2311
att,A1965,A1376
att,A1965,A1415
att,A1965,A696
att,A1965,A1708
att,A1965,A844
att,A1965,A445
att,A1967,A1061
att,A1967,A2449
att,A1967,A898
att,A1967,A1665
att,A1967,A2357
att,A1967,A1246
att,A1967,A984
att,A1967,A1349
att,A1967,A408
att,A1967,A1406
att,A1967,A964
att,A1967,A1251
att,A1967,A2050
att,A1967,A2094
att,A1967,A2366
att,A1967,A406
att,A1967,A1345
att,A1967,A2442
att,A1967,A2262
att,A1967,A173
att,A1967,A771
att,A1967,A2556
att,A1969,A2168
att,A1969,A1869
att,A1969,A1259
att,A1969,A1458
att,A1969,A2044
att,A1969,A1361
att,A1969,A943
att,A1970,A2561
att,A1970,A2442
att,A1970,A2024
att,A1970,A1560
att,A1970,A650
att,A1970,A875
att,A1970,A1097
att,A1970,A458
att,A1970,A870
att,A1970,A1205
att,A1970,A281
att,A1970,A821
att,A1970,A2313
att,A1970,A731
att,A1970,A2387
att,A1970,A446
att,A1970,A1819
att,A1970,A410
att,A1970,A1094
att,A1970,A2291
att,A1970,A1346
att,A1970,A2361
att,A1970,A1250
att,A1970,A62
att,A1970,A13
att,A1970,A737
att,A1970,A479
att,A1971,A2552
att,A1971,A1830
att,A1971,A1955
att,A1971,A1518
att,A1971,A1351
att,A1971,A2515
att,A1971,A1026
att,A1971,A2170
att,A1971,A836
att,A1971,A1472
att,A1971,A2477
att,A1971,A2539
att,A1971,A2078
att,A1971,A2350
att,A1971,A887
att,A1971,A2236
att,A1971,A374
att,A1971,A1334
att,A1971,A294
att,A1971,A890
att,A1971,A2006
att,A1971,A2551
att,A1971,A810
att,A1971,A220
att,A1971,A1431
att,A1971,A868
att,A1971,A172
att,A1972,A1919
att,A1972,A1277
att,A1972,A727
att,A1972,A220
att,A1972,A260
att,A1972,A1785
att,A1972,A2213
att,A1972,A551
att,A1972,A1961
att,A1972,A2229
att,A1972,A2405
att,A1972,A1049
att,A1972,A1844
att,A1972,A192
att,A1972,A1953
att,A1972,A671
att,A1972,A2150
att,A1972,A94
att,A1972,A2257
att,A1972,A1909
att,A1972,A1929
att,A1973,A2120
att,A1973,A1802
att,A1973,A255
att,A1973,A1116
att,A1973,A1986
att,A1973,A1822
att,A1973,A1575
att,A1974,A1859
att,A1974,A854
att,A1974,A1946
att,A1974,A1031
att,A1974,A937
att,A1974,A1901
att,A1974,A1441
att,A1975,A1846
att,A1975,A1160
att,A1975,A271
att,A1975,A361
att,A1975,A333
att,A1975,A2245
att,A1975,A921
att,A1979,A887
att,A1979,A368
att,A1979,A2232
att,A1979,A2563
att,A1979,A514
att,A1979,A1696
att,A1979,A1838
att,A1979,A2283
att,A1979,A1221
att,A1979,A96
att,A1979,A1506
att,A1979,A2112
att,A1979,A7
att,A1979,A435
att,A1979,A883
att,A1979,A1386
att,A1979,A581
att,A1979,A1863
att,A1979,A454
att,A1979,A1378
att,A1979,A649
att,A1979,A1391
att,A1979,A1249
att,A1979,A2376
att,A1979,A578
att,A1979,A1138
att,A1979,A1535
att,A1980,A1387
att,A1980,A601
att,A1980,A35
att,A1980,A1968
att,A1980,A1885
att,A1980,A1870
att,A1980,A985
att,A1980,A2431
att,A1980,A1728
att,A1980,A43
att,A1980,A28
att,A1980,A1516
att,A1980,A2129
att,A1980,A777
att,A1980,A400
att,A1980,A668
att,A1980,A136
att,A1980,A1553
att,A1980,A714
att,A1980,A1959
att,A1980,A1707
att,A1983,A1611
att,A1983,A519
att,A1983,A743
att,A1983,A2236
att,A1986,A1042
att,A1986,A2027
att,A1986,A693
att,A1986,A1554
att,A1986,A1123
att,A1986,A1080
att,A1986,A868
att,A1986,A1494
att,A1986,A1784
att,A1987,A1987
att,A1987,A2025
att,A1987,A177
att,A1987,A267
att,A1987,A1292
att,A1987,A966
att,A1987,A2557
att,A1987,A2374
att,A1987,A906
att,A1987,A1657
att,A1987,A1402
att,A1987,A691
att,A1991,A247
att,A1991,A2404
att,A1991,A2116
att,A1991,A1844
att,A1991,A793
att,A1991,A1195
att,A1991,A2191
att,A1991,A1395
att,A1993,A2145
att,A1994,A787
att,A1994,A1466
att,A1994,A2130
att,A1994,A801
att,A1994,A2154
att,A1994,A1255
att,A1994,A2129
att,A1994,A1675
att,A1994,A607
att,A1994,A1915
att,A1994,A1505
att,A1994,A1479
att,A1994,A1475
att,A1994,A826
att,A1995,A343
att,A1995,A1613
att,A1995,A891
att,A1995,A742
att,A1995,A767
att,A1995,A1065
att,A1995,A1866
att,A1995,A2231
att,A1995,A743
att,A1995,A712
att,A1995,A1740
att,A1995,A41
att,A1995,A691
att,A1995,A1041
att,A1995,A2468
att,A1996,A1194
att,A1996,A434
att,A1996,A2315
att,A1996,A555
att,A1996,A828
att,A1996,A2391
att,A1996,A1662
att,A1996,A777
att,A1996,A1796
att,A1996,A1599
att,A1996,A659
att,A1999,A302
att,A1999,A42
att,A1999,A248
att,A1999,A869
att,A1999,A171
att,A1999,A1036
att,A1999,A1653
att,A2000,A1276
att,A2000,A491
att,A2000,A733
att,A2000,A607
att,A2000,A1262
att,A2000,A2008
att,A2000,A1123
att,A2000,A1210
att,A2000,A1000
att,A2000,A2011
att,A2000,A2576
att,A2000,A2328
att,A2000,A2034
att,A2000,A1206
att,A2000,A1420
att,A2000,A1550
att,A2000,A2000
att,A2000,A1924
att,A2000,A326
att,A2000,A1066
att,A2004,A153
att,A2004,A1639
att,A2004,A1385
att,A2004,A2287
att,A2004,A872
att,A2004,A2176
att,A2004,A1811
att,A2004,A1665
att,A2004,A859
att,A2004,A2568
att,A2004,A666
att,A2006,A1445
att,A2006,A279
att,A2006,A1570
att,A2006,A892
att,A2006,A71
att,A2006,A1032
att,A2006,A715
att,A2006,A1548
att,A2006,A1220
att,A2006,A1029
att,A2006,A1394
att,A2007,A1835
att,A2007,A1821
att,A2007,A1952
att,A2007,A1961
att,A2007,A2479
att,A2007,A64
att,A2007,A2043
att,A2007,A2509
att,A2007,A815
att,A2013,A1630
att,A2013,A411
att,A2013,A1486
att,A2013,A1246
att,A2013,A1700
att,A2013,A1451
att,A2013,A1094
att,A2013,A1105
att,A2013,A1776
att,A2013,A321
att,A2013,A1525
att,A2013,A1682
att,A2013,A998
att,A2013,A2529
att,A2013,A1686
att,A2013,A25
att,A2016,A385
att,A2016,A937
att,A2016,A2585
att,A2016,A1958
att,A2016,A629
att,A2019,A601
att,A2019,A1125
att,A2019,A301
att,A2019,A782
att,A2019,A1778
att,A2019,A1997
att,A2019,A2061
att,A2019,A1515
att,A2019,A867
att,A2019,A2464
att,A2019,A2110
att,A2019,A894
att,A2019,A745
att,A2019,A2411
att,A2019,A70
att,A2019,A842
att,A2022,A922
att,A2022,A919
att,A2022,A1284
att,A2022,A176
att,A2023,A2105
att,A2023,A941
att,A2023,A443
att,A2023,A2028
att,A2023,A534
att,A2023,A507
att,A2023,A573
att,A2023,A1946
att,A2023,A224
att,A2024,A1042
att,A2024,A723
att,A2024,A503
att,A2024,A1546
att,A2024,A2022
att,A2024,A2243
att,A2024,A1483
att,A2024,A450
att,A2024,A1274
att,A2024,A1888
att,A2024,A1135
att,A2024,A974
att,A2024,A256
att,A2030,A2169
att,A2030,A394
att,A2030,A219
att,A2030,A1568
att,A2030,A766
att,A2030,A2302
att,A2030,A2310
att,A2030,A1053
att,A2030,A697
att,A2030,A1519
att,A2030,A1790
att,A2030,A1382
att,A2030,A134
att,A2033,A800
att,A2033,A29
att,A2033,A695
att,A2033,A1785
att,A2033,A2507
att,A2033,A1329
att,A2036,A287
att,A2036,A1971
att,A2036,A1039
att,A2036,A964
att,A2036,A2221
att,A2037,A390
att,A2037,A786
att,A2037,A92
att,A2037,A458
att,A2041,A678
att,A2041,A2095
att,A2041,A1475
att,A2041,A167
att,A2043,A2006
att,A2043,A2056
att,A2043,A629
att,A2043,A1434
att,A2043,A1289
att,A2043,A1380
att,A2043,A1355
att,A2043,A1601
att,A2043,A595
att,A2043,A1502
att,A2043,A2116
att,A2043,A601
att,A2045,A2458
att,A2045,A2541
att,A2045,A1271
att,A2045,A1532
att,A2045,A428
att,A2045,A2151
att,A2045,A277
att,A2046,A826
att,A2046,A82
att,A2046,A990
att,A2046,A794
att,A2047,A296
att,A2047,A1856
att,A2047,A1634
att,A2047,A1810
att,A2047,A716
att,A2047,A1601
att,A2048,A2015
att,A2048,A157
att,A2048,A743
att,A2048,A1835
att,A2048,A186
att,A2048,A1541
att,A2048,A1152
att,A2048,A440
att,A2048,A350
att,A2048,A1555
att,A2048,A233
att,A2048,A2024
att,A2048,A1185
att,A2048,A1188
att,A2048,A494
att,A2048,A1855
att,A2048,A506
att,A2048,A1445
att,A2048,A1639
att,A2048,A2364
att,A2048,A2403
att,A2048,A1321
att,A2048,A1406
att,A2048,A1717
att,A2048,A151
att,A2048,A1415
att,A2048,A606
att,A2048,A1350
att,A2049,A2402
att,A2050,A616
att,A2050,A141
att,A2050,A772
att,A2050,A829
att,A2050,A508
att,A2050,A1765
att,A2050,A486
att,A2050,A1281
att,A2050,A1505
att,A2050,A136
att,A2050,A1998
att,A2050,A512
att,A2050,A1902
att,A2051,A71
att,A2051,A515
att,A2051,A2323
att,A2051,A365
att,A2051,A304
att,A2051,A844
att,A2051,A1885
att,A2051,A2413
att,A2051,A969
att,A2051,A1484
att,A2051,A2493
att,A2051,A2274
att,A2054,A271
att,A2054,A1377
att,A2054,A430
att,A2054,A559
att,A2054,A1580
att,A2054,A1890
att,A2054,A1908
att,A2054,A1764
att,A2054,A2192
att,A2054,A474
att,A2054,A470
att,A2054,A193
att,A2054,A1480
att,A2054,A637
att,A2054,A141
att,A2054,A2228
att,A2054,A1110
att,A2054,A723
att,A2054,A391
att,A2055,A2264
att,A2055,A14
att,A2055,A2414
att,A2055,A2485
att,A2055,A745
att,A2055,A1950
att,A2055,A2107
att,A2055,A2147
att,A2055,A1563
att,A2055,A1803
att,A2055,A82
att,A2055,A508
att,A2055,A1295
att,A2055,A2058
att,A2055,A367
att,A2055,A2123
att,A2055,A1964
att,A2055,A612
att,A2055,A2106
att,A2055,A1705
att,A2055,A433
att,A2059,A1514
att,A2059,A871
att,A2059,A1492
att,A2059,A1276
att,A2059,A1986
att,A2059,A908
att,A2059,A1437
att,A2059,A1680
att,A2059,A138
att,A2059,A604
att,A2059,A2390
att,A2059,A673
att,A2059,A1341
att,A2059,A1405
att,A2059,A2215
att,A2059,A428
att,A2059,A1695
att,A2059,A706
att,A2059,A1756
att,A2059,A1873
att,A2059,A1687
att,A2059,A1459
att,A2063,A1300
att,A2063,A1113
att,A2063,A0
att,A2063,A2576
att,A2063,A1775
att,A2063,A970
att,A2063,A2465
att,A2063,A905
att,A2063,A237
att,A2066,A1047
att,A2066,A1601
att,A2066,A596
att,A2066,A1962
att,A2066,A2498
att,A2067,A2214
att,A2067,A633
att,A2067,A1696
att,A2068,A868
att,A2068,A1234
att,A2068,A2316
att,A2068,A537
att,A2068,A574
att,A2068,A1396
att,A2068,A1292
att,A2068,A1658
att,A2068,A287
att,A2068,A2481
att,A2068,A913
att,A2070,A1894
att,A2070,A2383
att,A2070,A409
att,A2070,A1304
att,A2070,A733
att,A2070,A941
att,A2070,A583
att,A2070,A1625
att,A2070,A1800
att,A2070,A2548
att,A2070,A267
att,A2070,A843
att,A2070,A659
att,A2070,A2319
att,A2070,A2467
att,A2070,A720
att,A2070,A76
att,A2070,A1998
att,A2070,A2544
att,A2070,A1761
att,A2070,A711
att,A2070,A2543
att,A2072,A2587
att,A2072,A469
att,A2072,A1921
att,A2072,A1618
att,A2072,A2151
att,A2072,A386
att,A2072,A862
att,A2072,A499
att,A2072,A658
att,A2072,A1055
att,A2072,A85
att,A2073,A1860
att,A2074,A2278
att,A2074,A2596
att,A2074,A1846
att,A2074,A504
att,A2074,A2241
att,A2074,A72
att,A2074,A2109
att,A2074,A2174
att,A2074,A1095
att,A2074,A953
att,A2074,A1838
att,A2074,A1189
att,A2074,A1268
att,A2074,A1278
att,A2074,A1645
att,A2074,A1904
att,A2074,A744
att,A2074,A0
att,A2074,A228
att,A2074,A1144
att,A2074,A1535
att,A2074,A187
att,A2079,A1496
att,A2079,A815
att,A2079,A1061
att,A2079,A1658
att,A2079,A388
att,A2079,A339
att,A2082,A2450
att,A2082,A2237
att,A2084,A2003
att,A2084,A918
att,A2084,A576
att,A2084,A476
att,A2084,A442
att,A2084,A1807
att,A2084,A1036
att,A2084,A1341
att,A2084,A1965
att,A2084,A2245
att,A2084,A2290
att,A2084,A1949
att,A2084,A1791
att,A2085,A1850
att,A2085,A1670
att,A2085,A1404
att,A2085,A1532
att,A2085,A10
att,A2085,A892
att,A2085,A2142
att,A2085,A1843
att,A2085,A2078
att,A2085,A1340
att,A2085,A1794
att,A2085,A689
att,A2085,A117
att,A2085,A409
att,A2085,A53
att,A2085,A899
att,A2085,A1079
att,A2085,A2289
att,A2085,A1966
att,A2085,A2474
att,A2085,A221
att,A2085,A1797
att,A2085,A1205
att,A2085,A707
att,A2085,A1562
att,A2086,A2188
att,A2086,A1404
att,A2086,A437
att,A2086,A2174
att,A2086,A2521
att,A2086,A939
att,A2086,A619
att,A2086,A26
att,A2088,A95
att,A2088,A642
att,A2088,A2452
att,A2088,A427
att,A2088,A2594
att,A2088,A1928
att,A2088,A1451
att,A2088,A2048
att,A2088,A116
att,A2088,A652
att,A2088,A2192
att,A2088,A464
att,A2088,A968
att,A2088,A1246
att,A2088,A2053
att,A2088,A1482
att,A2089,A2540
att,A2090,A978
att,A2090,A440
att,A2090,A139
att,A2090,A252
att,A2091,A646
att,A2091,A324
att,A2091,A144
att,A2091,A656
att,A2091,A188
att,A2091,A1197
att,A2091,A208
att,A2091,A524
att,A2091,A1623
att,A2091,A108
att,A2091,A303
att,A2091,A417
att,A2091,A2469
att,A2091,A319
att,A2091,A2381
att,A2091,A1821
att,A2091,A1455
att,A2091,A674
att,A2091,A356
att,A2091,A1365
att,A2091,A1132
att,A2091,A2563
att,A2091,A1845
att,A2091,A55
att,A2091,A1374
att,A2092,A120
att,A2092,A326
att,A2092,A613
att,A2092,A901
att,A2092,A1075
att,A2093,A909
att,A2093,A2193
att,A2093,A2155
att,A2093,A137
att,A2093,A165
att,A2093,A593
att,A2093,A1798
att,A2093,A1966
att,A2093,A1181
att,A2093,A2018
att,A2093,A2530
att,A2093,A2328
att,A2093,A185
att,A2093,A565
att,A2093,A205
att,A2093,A794
att,A2093,A139
att,A2093,A1456
att,A2093,A91
att,A2093,A2223
att,A2094,A145
att,A2094,A2079
att,A2094,A643
att,A2094,A1721
att,A2094,A232
att,A2094,A2066
att,A2094,A2235
att,A2094,A175
att,A2094,A765
att,A2094,A130
att,A2096,A1606
att,A2096,A463
att,A2096,A1769
att,A2096,A1209
att,A2096,A1624
att,A2096,A35
att,A2096,A2465
att,A2096,A1287
att,A2096,A1159
att,A2096,A1306
att,A2096,A2404
att,A2096,A340
att,A2096,A1223
att,A2096,A1550
att,A2096,A2381
att,A2096,A1615
att,A2096,A1559
att,A2096,A1337
att,A2096,A1536
att,A2096,A1049
att,A2096,A2160
att,A2096,A774
att,A2096,A1356
att,A2096,A1024
att,A2096,A1834
att,A2096,A2076
att,A2096,A2471
att,A2096,A910
att,A2096,A918
att,A2102,A2252
att,A2102,A1753
att,A2102,A1978
att,A2102,A598
att,A2102,A201
att,A2102,A2344
att,A2103,A178
att,A2103,A704
att,A2103,A523
att,A2103,A468
att,A2103,A521
att,A2103,A901
att,A2103,A771
att,A2103,A1788
att,A2103,A1763
att,A2103,A2026
att,A2103,A280
att,A2103,A126
att,A2105,A491
att,A2105,A2173
att,A2105,A2408
att,A2105,A1025
att,A2105,A701
att,A2105,A1
att,A2105,A1304
att,A2110,A24
att,A2110,A2285
att,A2110,A2512
att,A2110,A2195
att,A2110,A185
att,A2110,A2316
att,A2110,A704
att,A2110,A2352
att,A2111,A265
att,A2111,A2293
att,A2111,A1211
att,A2111,A1400
att,A2111,A345
att,A2111,A1170
att,A2111,A1525
att,A2111,A369
att,A2111,A1939
att,A2111,A2127
att,A2111,A1645
att,A2111,A2510
att,A2111,A2018
att,A2111,A1666
att,A2111,A447
att,A2111,A2480
att,A2111,A973
att,A2111,A500
att,A2111,A1835
att,A2111,A1166
att,A2111,A1724
att,A2112,A1090
att,A2112,A316
att,A2113,A1566
att,A2113,A1683
att,A2113,A242
att,A2113,A554
att,A2113,A982
att,A2113,A2136
att,A2113,A2275
att,A2113,A635
att,A2113,A2388
att,A2113,A1099
att,A2113,A1536
att,A2113,A140
att,A2113,A292
att,A2113,A1487
att,A2113,A1349
att,A2113,A2423
att,A2113,A1489
att,A2113,A2261
att,A2113,A2280
att,A2113,A1379
att,A2113,A429
att,A2113,A1186
att,A2113,A706
att,A2113,A1195
att,A2113,A2251
att,A2113,A653
att,A2116,A35
att,A2117,A9
att,A2117,A1479
att,A2117,A1094
att,A2117,A838
att,A2117,A2131
att,A2117,A560
att,A2117,A2190
att,A2117,A493
att,A2117,A2449
att,A2117,A2578
att,A2117,A474
att,A2118,A629
att,A2118,A1310
att,A2118,A1526
att,A2118,A344
att,A2118,A1201
att,A2118,A1579
att,A2121,A1996
att,A2121,A6
att,A2121,A2553
att,A2121,A781
att,A2121,A479
att,A2121,A296
att,A2121,A1079
att,A2121,A896
att,A2124,A1531
att,A2124,A1699
att,A2124,A1153
att,A2125,A1585
att,A2125,A1804
att,A2125,A1235
att,A2125,A1345
att,A2125,A30
att,A2125,A636
att,A2125,A1194
att,A2125,A662
att,A2125,A627
att,A2125,A833
att,A2125,A2318
att,A2125,A1953
att,A2125,A2514
att,A2125,A2405
att,A2125,A2234
att,A2125,A1915
att,A2125,A1109
att,A2125,A847
att,A2126,A177
att,A2126,A335
att,A2126,A1105
att,A2126,A365
att,A2126,A1499
att,A2126,A1814
att,A2126,A205
att,A2126,A1846
att,A2126,A2353
att,A2127,A267
att,A2127,A938
att,A2127,A380
att,A2129,A2371
att,A2129,A1786
att,A2129,A2196
att,A2129,A214
att,A2129,A2102
att,A2129,A139
att,A2129,A1866
att,A2129,A984
att,A2129,A2179
att,A2129,A2115
att,A2129,A1363
att,A2129,A2110
att,A2129,A595
att,A2129,A1181
att,A2129,A524
att,A2130,A1561
att,A2130,A2576
att,A2130,A1256
att,A2130,A2336
att,A2130,A617
att,A2130,A1773
att,A2130,A739
att,A2130,A1860
att,A2130,A2595
att,A2130,A1808
att,A2130,A1061
att,A2130,A1114
att,A2130,A287
att,A2130,A1170
att,A2130,A2210
att,A2130,A1402
att,A2130,A1673
att,A2130,A1310
att,A2130,A490
att,A2130,A1252
att,A2130,A2164
att,A2130,A492
att,A2130,A1809
att,A2130,A2360
att,A2130,A1695
att,A2131,A2446
att,A2131,A714
att,A2131,A185
att,A2131,A2087
att,A2131,A1626
att,A2131,A1776
att,A2131,A1080
att,A2131,A737
att,A2131,A2545
att,A2131,A1853
att,A2131,A2371
att,A2131,A1299
att,A2131,A84
att,A2131,A2475
att,A2131,A1092
att,A2131,A1591
att,A2131,A1620
att,A2131,A127
att,A2131,A193
att,A2133,A786
att,A2133,A1297
att,A2133,A2298
att,A2133,A2125
att,A2133,A395
att,A2133,A1235
att,A2133,A2336
att,A2133,A2562
att,A2133,A2272
att,A2133,A2332
att,A2133,A2354
att,A2133,A165
att,A2133,A1693
att,A2133,A845
att,A2133,A2178
att,A2135,A2122
att,A2135,A2123
att,A2135,A1363
att,A2135,A2084
att,A2135,A1598
att,A2135,A1509
att,A2135,A630
att,A2135,A1703
att,A2136,A1033
att,A2136,A788
att,A2136,A478
att,A2136,A204
att,A2136,A776
att,A2136,A793
att,A2136,A1785
att,A2136,A1484
att,A2136,A1132
att,A2136,A637
att,A2136,A492
att,A2136,A1392
att,A2136,A1264
att,A2136,A841
att,A2136,A2372
att,A2136,A1157
att,A2136,A915
att,A2136,A592
att,A2136,A1837
att,A2139,A1134
att,A2139,A1715
att,A2139,A128
att,A2139,A2419
att,A2139,A1241
att,A2139,A2163
att,A2139,A1644
att,A2139,A2007
att,A2139,A2160
att,A2139,A849
att,A2139,A2578
att,A2139,A413
att,A2139,A1078
att,A2139,A145
att,A2139,A2409
att,A2139,A1260
att,A2139,A332
att,A2139,A451
att,A2139,A1276
att,A2139,A818
att,A2139,A2002
att,A2139,A938
att,A2140,A1484
att,A2140,A1847
att,A2140,A2269
att,A2140,A1481
att,A2140,A870
att,A2140,A84
att,A2140,A1920
att,A2140,A2159
att,A2141,A2105
att,A2141,A1221
att,A2141,A236
att,A2141,A1150
att,A2141,A2007
att,A2141,A1747
att,A2141,A1976
att,A2141,A1884
att,A2141,A1571
att,A2141,A2281
att,A2141,A2351
att,A2141,A918
att,A2141,A631
att,A2141,A596
att,A2142,A1878
att,A2142,A296
att,A2142,A366
att,A2142,A977
att,A2142,A1641
att,A2142,A904
att,A2142,A1600
att,A2142,A1426
att,A2142,A2009
att,A2148,A1998
att,A2148,A1078
att,A2148,A2214
att,A2148,A2409
att,A2148,A2311
att,A2148,A2203
att,A2148,A1102
att,A2148,A616
att,A2148,A80
att,A2148,A1908
att,A2148,A1515
att,A2148,A2364
att,A2148,A1914
att,A2148,A462
att,A2148,A268
att,A2148,A150
att,A2148,A2444
att,A2148,A1434
att,A2148,A2307
att,A2150,A1839
att,A2150,A1750
att,A2150,A2174
att,A2150,A693
att,A2150,A1556
att,A2150,A2479
att,A2150,A2255
att,A2150,A503
att,A2150,A260
att,A2150,A70
att,A2150,A1495
att,A2150,A1749
att,A2150,A495
att,A2150,A175
att,A2150,A2208
att,A2150,A86
att,A2150,A2079
att,A2150,A372
att,A2150,A734
att,A2150,A1720
att,A2150,A2006
att,A2150,A471
att,A2150,A1141
att,A2151,A1249
att,A2151,A729
att,A2151,A2374
att,A2151,A1440
att,A2151,A1625
att,A2151,A1711
att,A2151,A1252
att,A2153,A1639
att,A2153,A676
att,A2153,A179
att,A2153,A2163
att,A2153,A2598
att,A2153,A1777
att,A2153,A1944
att,A2153,A2123
att,A2153,A1201
att,A2153,A1549
att,A2153,A1546
att,A2153,A407
att,A2153,A1332
att,A2153,A444
att,A2153,A1525
att,A2153,A2522
att,A2154,A1631
att,A2154,A1939
att,A2154,A1182
att,A2154,A1753
att,A2154,A759
att,A2154,A1520
att,A2154,A399
att,A2154,A2272
att,A2154,A2238
att,A2154,A262
att,A2154,A891
att,A2154,A565
att,A2154,A2092
att,A2154,A345
att,A2154,A1245
att,A2154,A1093
att,A2154,A63
att,A2154,A305
att,A2154,A383
att,A2154,A843
att,A2157,A582
att,A2157,A945
att,A2157,A1357
att,A2157,A994
att,A2157,A2542
att,A2157,A1818
att,A2157,A157
att,A2157,A1777
att,A2157,A2431
att,A2157,A2043
att,A2157,A2404
att,A2160,A431
att,A2160,A2253
att,A2160,A1557
att,A2160,A755
att,A2160,A1824
att,A2160,A2006
att,A2160,A2503
att,A2160,A669
att,A2160,A948
att,A2160,A2025
att,A2160,A1318
att,A2160,A689
att,A2160,A2352
att,A2160,A1025
att,A2160,A301
att,A2160,A855
att,A2160,A1598
att,A2160,A1479
att,A2160,A1042
att,A2160,A860
att,A2160,A1699
att,A2162,A1595
att,A2162,A1193
att,A2162,A1192
att,A2165,A643
att,A2165,A1014
att,A2165,A976
att,A2165,A1327
att,A2165,A303
att,A2165,A2215
att,A2165,A1303
att,A2165,A2063
att,A2165,A304
att,A2167,A646
att,A2167,A558
att,A2167,A1726
att,A2167,A826
att,A2167,A2187
att,A2167,A2085
att,A2167,A2468
att,A2167,A1103
att,A2167,A2138
att,A2167,A2407
att,A2167,A1198
att,A2167,A2074
att,A2172,A476
att,A2172,A651
att,A2172,A141
att,A2172,A886
att,A2172,A954
att,A2172,A1934
att,A2172,A611
att,A2172,A1841
att,A2172,A106
att,A2172,A2161
att,A2176,A2149
att,A2176,A248
att,A2176,A343
att,A2176,A489
att,A2176,A27
att,A2176,A2088
att,A2176,A1257
att,A2176,A1097
att,A2176,A623
att,A2177,A1474
att,A2177,A1952
att,A2177,A1511
att,A2177,A178
att,A2177,A1020
att,A2177,A2302
att,A2177,A2126
att,A2177,A1309
att,A2177,A841
att,A2177,A743
att,A2177,A1860
att,A2177,A1646
att,A2177,A1258
att,A2177,A229
att,A2177,A453
att,A2177,A1579
att,A2178,A1632
att,A2178,A621
att,A2178,A195
att,A2178,A610
att,A2178,A971
att,A2178,A973
att,A2178,A554
att,A2178,A133
att,A2178,A2188
att,A2178,A1348
att,A2178,A612
att,A2179,A393
att,A2179,A253
att,A2179,A2430
att,A2179,A1258
att,A2179,A948
att,A2179,A412
att,A2179,A1691
att,A2179,A1373
att,A2179,A689
att,A2179,A1553
att,A2179,A660
att,A2180,A2330
att,A2180,A299
att,A2180,A876
att,A2180,A2310
att,A2180,A2588
att,A2180,A1220
att,A2181,A1692
att,A2181,A2293
att,A2181,A2054
att,A2181,A636
att,A2181,A1108
att,A2181,A671
att,A2181,A1342
att,A2182,A2107
att,A2182,A496
att,A2182,A2288
att,A2182,A254
att,A2182,A246
att,A2182,A133
att,A2182,A1255
att,A2182,A288
att,A2182,A1993
att,A2182,A1321
att,A2182,A605
att,A2182,A1565
att,A2182,A2299
att,A2182,A686
att,A2182,A662
att,A2182,A2268
att,A2182,A2239
att,A2183,A309
att,A2183,A993
att,A2183,A590
att,A2183,A1109
att,A2183,A69
att,A2183,A2565
att,A2183,A622
att,A2183,A1595
att,A2183,A206
att,A2183,A71
att,A2183,A1540
att,A2183,A1568
att,A2183,A996
att,A2183,A2057
att,A2183,A1471
att,A2183,A799
att,A2183,A938
att,A2183,A2540
att,A2183,A2201
att,A2183,A2069
att,A2183,A1436
att,A2183,A2405
att,A2183,A796
att,A2183,A369
att,A2184,A2091
att,A2184,A554
att,A2184,A2542
att,A2184,A1532
att,A2184,A920
att,A2184,A1501
att,A2184,A2541
att,A2184,A715
att,A2184,A1111
att,A2184,A837
att,A2184,A2511
att,A2184,A1886
att,A2184,A1164
att,A2184,A1193
att,A2184,A2577
att,A2184,A663
att,A2184,A843
att,A2184,A788
att,A2184,A2340
att,A2184,A579
att,A2184,A1707
att,A2184,A324
att,A2184,A955
att,A2185,A2273
att,A2185,A417
att,A2185,A114
att,A2185,A799
att,A2185,A798
att,A2185,A351
att,A2185,A492
att,A2185,A756
att,A2185,A778
att,A2185,A2101
att,A2185,A15
att,A2185,A2538
att,A2185,A734
att,A2185,A1610
att,A2185,A836
att,A2186,A400
att,A2186,A2320
att,A2186,A7
att,A2186,A1870
att,A2186,A2545
att,A2186,A69
att,A2186,A82
att,A2186,A917
att,A2186,A581
att,A2186,A1962
att,A2186,A1459
att,A2186,A2131
att,A2186,A663
att,A2186,A984
att,A2186,A68
att,A2186,A1538
att,A2186,A1233
att,A2186,A1335
att,A2186,A2191
att,A2186,A229
att,A2186,A934
att,A2186,A649
att,A2186,A21
att,A2186,A1362
att,A2186,A1794
att,A2186,A465
att,A2188,A1978
att,A2188,A435
att,A2188,A57
att,A2188,A444
att,A2188,A437
att,A2188,A709
att,A2188,A796
att,A2188,A2292
att,A2188,A2204
att,A2188,A1355
att,A2188,A426
att,A2188,A404
att,A2188,A851
att,A2188,A896
att,A2188,A68
att,A2188,A2000
att,A2188,A510
att,A2188,A868
att,A2188,A677
att,A2188,A2001
att,A2188,A121
att,A2188,A2251
att,A2188,A792
att,A2188,A667
att,A2188,A2306
att,A2190,A1018
att,A2190,A1514
att,A2190,A2143
att,A2190,A2050
att,A2190,A2090
att,A2191,A148
att,A2191,A2014
att,A2191,A1028
att,A2191,A1414
att,A2191,A468
att,A2191,A74
att,A2191,A2435
att,A2191,A949
att,A2191,A588
att,A2191,A1408
att,A2191,A369
att,A2191,A320
att,A2191,A2557
att,A2191,A832
att,A2191,A200
att,A2191,A1047
att,A2191,A306
att,A2191,A111
att,A2194,A1479
att,A2195,A1207
att,A2195,A303
att,A2195,A2069
att,A2195,A359
att,A2195,A893
att,A2195,A264
att,A2195,A2152
att,A2195,A2355
att,A2195,A1037
att,A2195,A1502
att,A2195,A1027
att,A2195,A1964
att,A2195,A1563
att,A2197,A20
att,A2197,A455
att,A2197,A16
att,A2197,A1000
att,A2197,A304
att,A2197,A1806
att,A2197,A1458
att,A2197,A105
att,A2197,A2539
att,A2197,A1719
att,A2197,A1603
att,A2197,A578
att,A2200,A1731
att,A2200,A1891
att,A2200,A339
att,A2200,A1767
att,A2200,A2499
att,A2200,A1992
att,A2200,A284
att,A2200,A1991
att,A2200,A983
att,A2200,A1977
att,A2200,A1868
att,A2200,A2164
att,A2200,A1864
att,A2200,A1871
att,A2200,A128
att,A2200,A1716
att,A2200,A1823
att,A2200,A1623
att,A2200,A1796
att,A2200,A1660
att,A2200,A1603
att,A2202,A1583
att,A2202,A1668
att,A2202,A948
att,A2202,A2091
att,A2202,A417
att,A2202,A121
att,A2202,A1915
att,A2202,A2331
att,A2202,A2372
att,A2202,A2510
att,A2202,A350
att,A2202,A1689
att,A2202,A1466
att,A2202,A1269
att,A2202,A233
att,A2202,A676
att,A2202,A2543
att,A2202,A1209
att,A2202,A1519
att,A2202,A1827
att,A2202,A1421
att,A2203,A2355
att,A2203,A2337
att,A2203,A1992
att,A2203,A1656
att,A2203,A2577
att,A2203,A778
att,A2203,A1975
att,A2203,A1468
att,A2203,A1628
att,A2203,A16
att,A2203,A1362
att,A2203,A1472
att,A2203,A1159
att,A2203,A1124
att,A2203,A2082
att,A2203,A1033
att,A2203,A1355
att,A2203,A1394
att,A2203,A133
att,A2203,A2373
att,A2203,A1216
att,A2203,A170
att,A2203,A788
att,A2203,A871
att,A2205,A950
att,A2205,A1251
att,A2205,A1315
att,A2205,A2218
att,A2205,A2016
att,A2205,A88
att,A2205,A2593
att,A2205,A309
att,A2205,A1906
att,A2205,A976
att,A2205,A1109
att,A2207,A2577
att,A2207,A1160
att,A2207,A495
att,A2207,A1517
att,A2207,A1136
att,A2207,A46
att,A2207,A2404
att,A2207,A2529
att,A2207,A1775
att,A2207,A418
att,A2207,A1752
att,A2207,A2383
att,A2207,A1513
att,A2207,A693
att,A2207,A893
att,A2207,A1191
att,A2207,A228
att,A2207,A137
att,A2207,A1010
att,A2207,A1249
att,A2207,A2037
att,A2207,A782
att,A2207,A1859
att,A2207,A421
att,A2207,A1472
att,A2212,A2344
att,A2212,A1618
att,A2212,A849
att,A2212,A1468
att,A2212,A1961
att,A2212,A666
att,A2212,A2394
att,A2212,A822
att,A2212,A1493
att,A2212,A505
att,A2212,A2296
att,A2212,A2279
att,A2212,A1859
att,A2212,A506
att,A2212,A895
att,A2212,A1582
att,A2213,A8
att,A2213,A433
att,A2213,A379
att,A2215,A444
att,A2215,A2273
att,A2215,A1674
att,A2215,A131
att,A2215,A81
att,A2215,A1732
att,A2215,A186
att,A2215,A1478
att,A2215,A1973
att,A2215,A1296
att,A2215,A2548
att,A2215,A1207
att,A2215,A1107
att,A2215,A1742
att,A2215,A1212
att,A2215,A207
att,A2215,A445
att,A2215,A960
att,A2215,A1276
att,A2215,A1679
att,A2215,A2564
att,A2218,A1051
att,A2218,A454
att,A2218,A768
att,A2218,A317
att,A2218,A953
att,A2222,A494
att,A2222,A762
att,A2222,A1726
att,A2222,A2197
att,A2222,A1291
att,A2222,A1725
att,A2222,A1926
att,A2222,A1836
att,A2222,A2408
att,A2222,A2534
att,A2225,A2120
att,A2225,A53
att,A2225,A180
att,A2225,A1515
att,A2225,A1377
att,A2225,A230
att,A2225,A2252
att,A2225,A2492
att,A2225,A785
att,A2225,A2450
att,A2225,A129
att,A2225,A1059
att,A2225,A2148
att,A2225,A1703
att,A2225,A1334
att,A2225,A273
att,A2225,A2402
att,A2225,A1146
att,A2225,A1935
att,A2225,A159
att,A2225,A643
att,A2226,A513
att,A2226,A2541
att,A2226,A1915
att,A2226,A1214
att,A2226,A2222
att,A2226,A2241
att,A2226,A2231
att,A2226,A112
att,A2226,A1700
att,A2226,A710
att,A2226,A1427
att,A2226,A182
att,A2226,A1444
att,A2226,A1511
att,A2226,A2095
att,A2226,A405
att,A2226,A217
att,A2230,A244
att,A2230,A80
att,A2233,A1960
att,A2233,A998
att,A2233,A709
att,A2233,A2459
att,A2233,A1739
att,A2237,A2333
att,A2237,A2281
att,A2237,A2010
att,A2237,A345
att,A2237,A626
att,A2237,A2141
att,A2237,A890
att,A2237,A401
att,A2237,A729
att,A2237,A1221
att,A2237,A2403
att,A2237,A1737
att,A2237,A573
att,A2237,A2305
att,A2237,A2256
att,A2237,A810
att,A2237,A435
att,A2237,A2589
att,A2237,A1205
att,A2237,A352
att,A2237,A24
att,A2237,A2166
att,A2237,A979
att,A2237,A2122
att,A2237,A2320
att,A2237,A1888
att,A2237,A133
att,A2237,A2341
att,A2237,A1241
att,A2238,A646
att,A2238,A2366
att,A2238,A979
att,A2238,A952
att,A2238,A1995
att,A2238,A675
att,A2238,A1702
att,A2238,A1481
att,A2240,A1359
att,A2240,A1710
att,A2240,A100
att,A2240,A2286
att,A2240,A384
att,A2240,A24
att,A2240,A1899
att,A2240,A833
att,A2240,A943
att,A2240,A952
att,A2240,A575
att,A2240,A1648
att,A2242,A1196
att,A2242,A2271
att,A2242,A1197
att,A2242,A2371
att,A2242,A2068
att,A2242,A1368
att,A2242,A165
att,A2242,A2148
att,A2244,A1036
att,A2244,A123
att,A2244,A1680
att,A2244,A1070
att,A2244,A1583
att,A2244,A1304
att,A2244,A970
att,A2244,A2536
att,A2244,A2481
att,A2244,A1636
att,A2244,A558
att,A2244,A879
att,A2244,A662
att,A2244,A880
att,A2244,A563
att,A2244,A681
att,A2244,A1649
att,A2244,A1748
att,A2244,A1202
att,A2246,A700
att,A2246,A1416
att,A2246,A1305
att,A2246,A899
att,A2246,A772
att,A2248,A665
att,A2250,A2106
att,A2254,A1373
att,A2254,A1831
att,A2254,A1367
att,A2254,A1518
att,A2254,A1752
att,A2254,A1414
att,A2254,A1255
att,A2254,A2451
att,A2254,A231
att,A2254,A657
att,A2254,A608
att,A2257,A1829
att,A2257,A624
att,A2257,A2283
att,A2257,A1170
att,A2257,A1839
att,A2257,A1370
att,A2257,A1056
att,A2257,A1747
att,A2257,A1771
att,A2257,A1214
att,A2257,A33
att,A2257,A1002
att,A2257,A1357
att,A2257,A356
att,A2257,A2589
att,A2259,A2059
att,A2259,A392
att,A2259,A1612
att,A2259,A2457
att,A2259,A1159
att,A2259,A2218
att,A2259,A1411
att,A2259,A374
att,A2259,A1480
att,A2259,A466
att,A2259,A729
att,A2259,A881
att,A2259,A693
att,A2259,A2255
att,A2259,A594
att,A2259,A1116
att,A2259,A999
att,A2259,A1349
att,A2259,A2130
att,A2259,A1908
att,A2259,A2595
att,A2259,A1018
att,A2259,A1396
att,A2259,A2294
att,A2259,A2138
att,A2259,A1255
att,A2259,A2446
att,A2259,A787
att,A2264,A439
att,A2264,A229
att,A2264,A157
att,A2264,A1979
att,A2264,A450
att,A2264,A23
att,A2264,A2082
att,A2264,A1524
att,A2264,A2218
att,A2264,A2551
att,A2264,A831
att,A2264,A1263
att,A2264,A165
att,A2264,A639
att,A2264,A171
att,A2264,A1666
att,A2264,A1120
att,A2264,A614
att,A2264,A1713
att,A2264,A1575
att,A2264,A1370
att,A2265,A1295
att,A2265,A277
att,A2265,A491
att,A2265,A1186
att,A2265,A1621
att,A2265,A1500
att,A2265,A2417
att,A2265,A1723
att,A2265,A2172
att,A2265,A1176
att,A2265,A2228
att,A2265,A1462
att,A2265,A961
att,A2265,A2210
att,A2265,A257
att,A2265,A1400
att,A2265,A1983
att,A2265,A2029
att,A2265,A2319
att,A2265,A2327
att,A2265,A2160
att,A2265,A2523
att,A2267,A304
att,A2267,A1457
att,A2267,A883
att,A2267,A1470
att,A2267,A2117
att,A2268,A1574
att,A2268,A2369
att,A2268,A374
att,A2268,A1387
att,A2268,A1055
att,A2268,A2231
att,A2268,A2010
att,A2268,A821
att,A2268,A2385
att,A2268,A1985
att,A2268,A397
att,A2268,A2009
att,A2268,A997
att,A2268,A2077
att,A2268,A310
att,A2268,A1939
att,A2268,A40
att,A2268,A1849
att,A2268,A1629
att,A2268,A1779
att,A2268,A1486
att,A2268,A2129
att,A2269,A2170
att,A2269,A1098
att,A2269,A167
att,A2269,A1736
att,A2269,A613
att,A2269,A2208
att,A2270,A1726
att,A2270,A2197
att,A2270,A585
att,A2270,A949
att,A2270,A2414
att,A2270,A1358
att,A2270,A2450
att,A2270,A15
att,A2270,A1306
att,A2270,A95
att,A2270,A717
att,A2270,A632
att,A2270,A160
att,A2274,A1269
att,A2274,A1482
att,A2274,A527
att,A2274,A1828
att,A2274,A1418
att,A2274,A2587
att,A2274,A1772
att,A2274,A2039
att,A2274,A168
att,A2274,A1485
att,A2274,A1141
att,A2274,A163
att,A2274,A706
att,A2274,A263
att,A2274,A1262
att,A2274,A2517
att,A2274,A1185
att,A2274,A1158
att,A2274,A1259
att,A2274,A817
att,A2277,A412
att,A2277,A36
att,A2277,A533
att,A2277,A1445
att,A2277,A1731
att,A2277,A1265
att,A2277,A1810
att,A2277,A1524
att,A2277,A130
att,A2277,A2298
att,A2277,A2040
att,A2277,A2106
att,A2277,A579
att,A2277,A1977
att,A2277,A1096
att,A2277,A2461
att,A2277,A1540
att,A2277,A115
att,A2277,A50
att,A2277,A1654
att,A2277,A1057
att,A2277,A752
att,A2279,A1976
att,A2279,A1831
att,A2279,A1899
att,A2279,A1902
att,A2279,A43
att,A2279,A1003
att,A2279,A2246
att,A2279,A799
att,A2279,A1212
att,A2279,A545
att,A2279,A771
att,A2279,A575
att,A2279,A96
att,A2279,A1262
att,A2279,A2093
att,A2279,A494
att,A2279,A2353
att,A2279,A1010
att,A2279,A463
att,A2279,A2283
att,A2279,A2512
att,A2279,A619
att,A2280,A1127
att,A2280,A879
att,A2280,A383
att,A2280,A1135
att,A2280,A1133
att,A2280,A1008
att,A2280,A907
att,A2281,A909
att,A2281,A828
att,A2281,A200
att,A2281,A1492
att,A2281,A403
att,A2281,A1038
att,A2281,A1886
att,A2281,A214
att,A2281,A1316
att,A2281,A490
att,A2281,A510
att,A2281,A167
att,A2281,A2133
att,A2282,A1877
att,A2282,A2472
att,A2282,A1132
att,A2282,A951
att,A2282,A946
att,A2282,A2487
att,A2282,A2369
att,A2282,A2331
att,A2282,A509
att,A2282,A322
att,A2282,A1635
att,A2282,A688
att,A2282,A2035
att,A2282,A2267
att,A2282,A1039
att,A2282,A2431
att,A2282,A1794
att,A2282,A1077
att,A2283,A178
att,A2283,A1321
att,A2283,A1131
att,A2283,A464
att,A2283,A1852
att,A2283,A269
att,A2283,A2211
att,A2283,A315
att,A2283,A1637
att,A2283,A1923
att,A2283,A726
att,A2283,A2457
att,A2283,A766
att,A2283,A1080
att,A2283,A1851
att,A2283,A1238
att,A2283,A508
att,A2283,A2264
att,A2283,A2208
att,A2283,A393
att,A2283,A981
att,A2284,A883
att,A2284,A702
att,A2284,A792
att,A2284,A818
att,A2284,A1995
att,A2288,A1275
att,A2288,A626
att,A2288,A933
att,A2288,A1457
att,A2288,A1307
att,A2288,A411
att,A2288,A1820
att,A2288,A940
att,A2289,A340
att,A2289,A962
att,A2289,A885
att,A2289,A2472
att,A2289,A375
att,A2289,A1746
att,A2289,A2433
att,A2289,A2169
att,A2291,A455
att,A2292,A1370
att,A2292,A2507
att,A2292,A1168
att,A2292,A665
att,A2292,A351
att,A2292,A2274
att,A2292,A332
att,A2292,A175
att,A2293,A1794
att,A2293,A385
att,A2293,A2168
att,A2293,A802
att,A2293,A136
att,A2293,A54
att,A2293,A766
att,A2297,A774
att,A2297,A806
att,A2297,A256
att,A2297,A2551
att,A2297,A1992
att,A2297,A2449
att,A2297,A2502
att,A2297,A2302
att,A2297,A2150
att,A2297,A1989
att,A2297,A967
att,A2297,A1289
att,A2297,A47
att,A2297,A1702
att,A2297,A1270
att,A2297,A248
att,A2297,A727
att,A2304,A2171
att,A2304,A2205
att,A2304,A261
att,A2304,A1424
att,A2304,A2117
att,A2304,A719
att,A2304,A186
att,A2304,A183
att,A2304,A1242
att,A2304,A63
att,A2304,A868
att,A2304,A1055
att,A2304,A1450
att,A2304,A1018
att,A2304,A506
att,A2304,A461
att,A2304,A1759
att,A2304,A2127
att,A2304,A2422
att,A2304,A977
att,A2304,A1949
att,A2304,A1268
att,A2304,A1580
att,A2304,A2336
att,A2304,A2285
att,A2304,A2182
att,A2304,A765
att,A2311,A1894
att,A2312,A2453
att,A2312,A2141
att,A2312,A1977
att,A2312,A263
att,A2312,A1571
att,A2312,A1926
att,A2312,A1697
att,A2313,A284
att,A2313,A1850
att,A2313,A280
att,A2313,A415
att,A2313,A984
att,A2313,A738
att,A2313,A805
att,A2313,A687
att,A2313,A1862
att,A2313,A765
att,A2313,A622
att,A2313,A548
att,A2313,A2507
att,A2313,A896
att,A2315,A2497
att,A2315,A279
att,A2315,A368
att,A2315,A1236
att,A2315,A539
att,A2315,A2070
att,A2315,A760
att,A2315,A1075
att,A2315,A1782
att,A2315,A1044
att,A2315,A644
att,A2315,A1233
att,A2315,A65
att,A2315,A200
att,A2315,A2581
att,A2315,A2358
att,A2315,A1481
att,A2315,A363
att,A2315,A1192
att,A2315,A1135
att,A2315,A25
att,A2315,A1257
att,A2317,A1730
att,A2317,A92
att,A2317,A297
att,A2317,A1430
att,A2317,A752
att,A2317,A1837
att,A2317,A2327
att,A2317,A2361
att,A2317,A1834
att,A2317,A1323
att,A2317,A1071
att,A2317,A1519
att,A2317,A917
att,A2317,A1337
att,A2317,A354
att,A2317,A2172
att,A2323,A2365
att,A2323,A1567
att,A2323,A2020
att,A2323,A2121
att,A2323,A2493
att,A2323,A1505
att,A2323,A2558
att,A2323,A1297
att,A2323,A817
att,A2323,A873
att,A2324,A521
att,A2324,A1610
att,A2324,A2560
att,A2324,A1892
att,A2324,A316
att,A2324,A850
att,A2324,A1889
att,A2324,A1157
att,A2324,A1235
att,A2324,A1169
att,A2324,A2340
att,A2324,A936
att,A2324,A1353
att,A2324,A1965
att,A2324,A522
att,A2324,A2019
att,A2324,A1705
att,A2324,A1299
att,A2325,A1739
att,A2325,A2076
att,A2325,A1756
att,A2325,A2039
att,A2325,A96
att,A2325,A1491
att,A2325,A742
att,A2325,A2265
att,A2325,A1470
att,A2325,A1876
att,A2325,A1044
att,A2325,A319
att,A2325,A1734
att,A2325,A31
att,A2325,A849
att,A2325,A2392
att,A2325,A884
att,A2325,A1693
att,A2326,A30
att,A2326,A1714
att,A2326,A2294
att,A2326,A557
att,A2326,A981
att,A2326,A24
att,A2326,A2426
att,A2326,A1565
att,A2326,A2225
att,A2326,A511
att,A2326,A107
att,A2326,A722
att,A2326,A1851
att,A2326,A1772
att,A2326,A2540
att,A2326,A495
att,A2326,A717
att,A2326,A1190
att,A2326,A400
att,A2326,A1494
att,A2326,A2439
att,A2327,A1541
att,A2327,A1747
att,A2327,A1066
att,A2327,A383
att,A2327,A1994
att,A2327,A5
att,A2327,A929
att,A2332,A78
att,A2332,A257
att,A2332,A2029
att,A2332,A1102
att,A2332,A398
att,A2332,A2213
att,A2332,A2102
att,A2332,A1080
att,A2332,A1475
att,A2332,A649
att,A2332,A982
att,A2332,A558
att,A2332,A9
att,A2332,A2573
att,A2332,A253
att,A2332,A2482
att,A2332,A1268
att,A2332,A775
att,A2334,A14
att,A2334,A2205
att,A2334,A2230
att,A2334,A2067
att,A2334,A1609
att,A2334,A886
att,A2334,A71
att,A2334,A1229
att,A2334,A1284
att,A2334,A1478
att,A2334,A1500
att,A2334,A869
att,A2334,A1154
att,A2334,A967
att,A2334,A1345
att,A2334,A2361
att,A2335,A1368
att,A2335,A2260
att,A2335,A1483
att,A2335,A2136
att,A2335,A1478
att,A2335,A2357
att,A2335,A1954
att,A2335,A574
att,A2335,A1955
att,A2335,A1277
att,A2335,A1551
att,A2335,A121
att,A2335,A1070
att,A2335,A1219
att,A2335,A2278
att,A2335,A441
att,A2335,A336
att,A2335,A1327
att,A2335,A981
att,A2335,A2218
att,A2335,A1302
att,A2335,A1508
att,A2335,A2154
att,A2335,A547
att,A2339,A2434
att,A2339,A41
att,A2339,A573
att,A2339,A745
att,A2339,A1747
att,A2339,A1980
att,A2339,A1930
att,A2339,A1063
att,A2339,A2117
att,A2339,A2256
att,A2339,A1706
att,A2339,A843
att,A2339,A19
att,A2339,A353
att,A2339,A501
att,A2339,A216
att,A2339,A533
att,A2339,A2466
att,A2339,A410
att,A2339,A1104
att,A2339,A892
att,A2339,A652
att,A2343,A228
att,A2343,A1159
att,A2343,A1386
att,A2343,A621
att,A2343,A2025
att,A2343,A117
att,A2343,A672
att,A2343,A2213
att,A2343,A835
att,A2343,A2541
att,A2343,A2452
att,A2343,A2384
att,A2343,A2575
att,A2343,A1920
att,A2343,A2229
att,A2343,A1706
att,A2343,A1885
att,A2343,A586
att,A2343,A1282
att,A2343,A63
att,A2343,A1614
att,A2343,A724
att,A2343,A1061
att,A2343,A1121
att,A2343,A1476
att,A2343,A821
att,A2345,A2290
att,A2345,A350
att,A2345,A420
att,A2345,A531
att,A2345,A535
att,A2345,A2303
att,A2345,A2036
att,A2345,A2541
att,A2346,A1331
att,A2346,A1609
att,A2346,A30
att,A2346,A290
att,A2346,A1617
att,A2346,A1622
att,A2346,A713
att,A2346,A2006
att,A2346,A2532
att,A2346,A155
att,A2346,A1230
att,A2346,A673
att,A2346,A1589
att,A2346,A1512
att,A2346,A774
att,A2346,A2458
att,A2349,A266
att,A2349,A353
att,A2349,A1061
att,A2349,A1257
att,A2349,A990
att,A2349,A1413
att,A2349,A1906
att,A2349,A1558
att,A2353,A1279
att,A2353,A879
att,A2353,A1452
att,A2353,A1281
att,A2353,A465
att,A2354,A1150
att,A2354,A185
att,A2354,A1726
att,A2354,A1903
att,A2354,A2189
att,A2354,A2218
att,A2354,A958
att,A2356,A844
att,A2356,A11
att,A2356,A515
att,A2356,A2387
att,A2356,A2088
att,A2356,A684
att,A2357,A2016
att,A2357,A492
att,A2357,A1896
att,A2357,A1449
att,A2357,A1397
att,A2357,A675
att,A2357,A1907
att,A2357,A2152
att,A2357,A844
att,A2357,A513
att,A2357,A1921
att,A2357,A2481
att,A2357,A515
att,A2357,A1553
att,A2357,A816
att,A2357,A1647
att,A2357,A52
att,A2357,A819
att,A2357,A783
att,A2357,A701
att,A2358,A1766
att,A2358,A1674
att,A2358,A749
att,A2358,A698
att,A2358,A1536
att,A2358,A314
att,A2358,A1676
att,A2358,A44
att,A2358,A2381
att,A2358,A172
att,A2358,A774
att,A2358,A87
att,A2358,A1014
att,A2359,A1491
att,A2359,A1896
att,A2359,A1298
att,A2359,A590
att,A2359,A749
att,A2359,A1
att,A2359,A1826
att,A2359,A2515
att,A2359,A2533
att,A2359,A870
att,A2359,A1339
att,A2359,A2426
att,A2359,A978
att,A2359,A1873
att,A2359,A1360
att,A2359,A2188
att,A2359,A1494
att,A2359,A1304
att,A2359,A933
att,A2359,A650
att,A2359,A1618
att,A2359,A1420
att,A2359,A1283
att,A2359,A1509
att,A2359,A1609
att,A2359,A633
att,A2359,A529
att,A2359,A205
att,A2359,A1830
att,A2359,A2147
att,A2359,A2509
att,A2363,A609
att,A2363,A1896
att,A2365,A602
att,A2365,A1619
att,A2365,A1486
att,A2365,A1602
att,A2365,A730
att,A2365,A1063
att,A2365,A2572
att,A2365,A681
att,A2365,A1451
att,A2365,A1149
att,A2365,A1631
att,A2365,A589
att,A2365,A505
att,A2365,A627
att,A2365,A419
att,A2365,A2561
att,A2365,A1268
att,A2365,A1655
att,A2365,A337
att,A2365,A84
att,A2365,A1972
att,A2365,A2192
att,A2365,A1583
att,A2365,A2271
att,A2365,A1979
att,A2365,A391
att,A2366,A2562
att,A2366,A2582
att,A2366,A325
att,A2366,A2196
att,A2366,A545
att,A2366,A1410
att,A2366,A1588
att,A2366,A2504
att,A2366,A1043
att,A2366,A1625
att,A2366,A600
att,A2366,A222
att,A2366,A729
att,A2366,A301
att,A2369,A1468
att,A2369,A992
att,A2369,A754
att,A2369,A1398
att,A2369,A1448
att,A2369,A1009
att,A2370,A705
att,A2371,A1697
att,A2373,A1009
att,A2373,A1787
att,A2373,A1194
att,A2373,A825
att,A2373,A2404
att,A2373,A902
att,A2373,A1843
att,A2373,A2192
att,A2373,A706
att,A2373,A142
att,A2373,A2506
att,A2373,A2490
att,A2373,A518
att,A2373,A724
att,A2373,A2001
att,A2373,A1241
att,A2373,A1527
att,A2373,A1734
att,A2373,A2169
att,A2373,A2380
att,A2373,A67
att,A2373,A305
att,A2374,A1354
att,A2374,A738
att,A2374,A2123
att,A2374,A969
att,A2374,A1672
att,A2374,A354
att,A2374,A685
att,A2374,A1262
att,A2374,A2386
att,A2374,A1811
att,A2375,A1565
att,A2375,A1999
att,A2375,A2310
att,A2375,A547
att,A2375,A1497
att,A2375,A2313
att,A2375,A1533
att,A2375,A1736
att,A2375,A1077
att,A2375,A120
att,A2375,A13
att,A2375,A2226
att,A2375,A675
att,A2375,A2297
att,A2375,A2126
att,A2375,A1241
att,A2382,A649
att,A2382,A2030
att,A2382,A2203
att,A2382,A1129
att,A2382,A857
att,A2382,A1610
att,A2382,A1279
att,A2382,A2215
att,A2382,A235
att,A2382,A129
att,A2382,A1963
att,A2382,A1609
att,A2382,A1799
att,A2382,A2052
att,A2382,A928
att,A2382,A185
att,A2382,A1720
att,A2382,A2154
att,A2382,A105
att,A2388,A2530
att,A2388,A1105
att,A2388,A906
att,A2388,A1547
att,A2388,A42
att,A2388,A2573
att,A2388,A1287
att,A2388,A463
att,A2388,A58
att,A2388,A343
att,A2388,A342
att,A2388,A1596
att,A2389,A2028
att,A2389,A1533
att,A2389,A2467
att,A2389,A437
att,A2389,A1437
att,A2389,A970
att,A2389,A973
att,A2389,A2461
att,A2389,A1078
att,A2389,A1454
att,A2389,A1333
att,A2389,A1018
att,A2389,A1392
att,A2389,A1109
att,A2389,A2327
att,A2389,A1502
att,A2389,A465
att,A2389,A1940
att,A2389,A268
att,A2389,A1970
att,A2389,A2529
att,A2389,A754
att,A2389,A378
att,A2390,A2295
att,A2390,A51
att,A2390,A1661
att,A2390,A2136
att,A2390,A2221
att,A2390,A1685
att,A2390,A1889
att,A2390,A690
att,A2390,A246
att,A2390,A1433
att,A2390,A2460
att,A2390,A2593
att,A2390,A1629
att,A2390,A1046
att,A2390,A1632
att,A2390,A372
att,A2390,A145
att,A2390,A2337
att,A2390,A419
att,A2390,A2057
att,A2390,A1516
att,A2390,A813
att,A2390,A213
att,A2390,A1647
att,A2392,A867
att,A2392,A406
att,A2399,A2327
att,A2400,A230
att,A2400,A2554
att,A2400,A1018
att,A2400,A285
att,A2400,A1395
att,A2404,A1481
att,A2404,A320
att,A2404,A128
att,A2404,A2487
att,A2404,A2060
att,A2404,A55
att,A2404,A1293
att,A2404,A389
att,A2404,A2439
att,A2404,A766
att,A2404,A757
att,A2404,A80
att,A2404,A933
att,A2404,A549
att,A2404,A606
att,A2404,A2345
att,A2404,A837
att,A2404,A403
att,A2404,A1206
att,A2407,A554
att,A2407,A1884
att,A2407,A568
att,A2407,A673
att,A2407,A131
att,A2407,A1759
att,A2407,A2240
att,A2407,A2413
att,A2407,A421
att,A2407,A739
att,A2407,A1833
att,A2407,A2389
att,A2407,A369
att,A2407,A184
att,A2407,A1967
att,A2407,A930
att,A2407,A796
att,A2407,A716
att,A2407,A272
att,A2410,A427
att,A2410,A1546
att,A2410,A2410
att,A2410,A1911
att,A2410,A1748
att,A2410,A578
att,A2410,A2052
att,A2411,A215
att,A2411,A2532
att,A2411,A2008
att,A2411,A455
att,A2411,A2394
att,A2411,A1939
att,A2411,A2208
att,A2411,A2194
att,A2411,A1723
att,A2411,A2146
att,A2411,A2456
att,A2411,A1194
att,A2411,A1682
att,A2411,A1273
att,A2413,A2323
att,A2413,A1675
att,A2413,A837
att,A2413,A2040
att,A2413,A2484
att,A2413,A2536
att,A2413,A531
att,A2413,A1852
att,A2413,A840
att,A2413,A881
att,A2416,A1516
att,A2416,A359
att,A2416,A1931
att,A2416,A398
att,A2416,A547
att,A2416,A2507
att,A2416,A1155
att,A2416,A1784
att,A2416,A2414
att,A2416,A1503
att,A2418,A1736
att,A2418,A624
att,A2418,A580
att,A2418,A1708
att,A2418,A449
att,A2418,A2552
att,A2418,A565
att,A2418,A787
att,A2418,A1390
att,A2418,A1728
att,A2418,A2566
att,A2418,A1755
att,A2421,A1095
att,A2421,A600
att,A2421,A1059
att,A2421,A2182
att,A2421,A2345
att,A2421,A2330
att,A2421,A1698
att,A2421,A1978
att,A2421,A2128
att,A2421,A2374
att,A2421,A2468
att,A2421,A2361
att,A2421,A1813
att,A2422,A2525
att,A2422,A239
att,A2422,A2565
att,A2422,A2433
att,A2422,A1315
att,A2422,A122
att,A2422,A1041
att,A2422,A272
att,A2422,A602
att,A2422,A747
att,A2422,A812
att,A2422,A1304
att,A2422,A9
att,A2422,A628
att,A2422,A1972
att,A2422,A2547
att,A2422,A1472
att,A2422,A2555
att,A2434,A2058
att,A2434,A791
att,A2434,A411
att,A2435,A1986
att,A2435,A538
att,A2435,A2110
att,A2435,A14
att,A2435,A340
att,A2435,A226
att,A2435,A1781
att,A2436,A2129
att,A2436,A1389
att,A2436,A454
att,A2436,A1309
att,A2436,A449
att,A2436,A1963
att,A2436,A945
att,A2436,A434
att,A2436,A2047
att,A2436,A520
att,A2436,A177
att,A2436,A1745
att,A2436,A1494
att,A2436,A522
att,A2436,A483
att,A2436,A1523
att,A2437,A1565
att,A2437,A1258
att,A2437,A1947
att,A2437,A2575
att,A2437,A607
att,A2437,A1701
att,A2437,A2317
att,A2437,A2362
att,A2437,A1992
att,A2437,A2361
att,A2437,A1907
att,A2437,A2161
att,A2437,A770
att,A2437,A1916
att,A2437,A1369
att,A2437,A1629
att,A2437,A213
att,A2437,A1885
att,A2437,A2553
att,A2437,A875
att,A2442,A551
att,A2442,A1078
att,A2442,A1487
att,A2442,A1095
att,A2442,A1077
att,A2442,A683
att,A2442,A1700
att,A2442,A2062
att,A2442,A2048
att,A2442,A1905
att,A2442,A2296
att,A2442,A534
att,A2442,A185
att,A2442,A1403
att,A2442,A1760
att,A2442,A1743
att,A2442,A1624
att,A2445,A1689
att,A2445,A367
att,A2445,A815
att,A2445,A519
att,A2445,A1962
att,A2445,A1546
att,A2445,A777
att,A2445,A805
att,A2445,A1110
att,A2445,A2091
att,A2447,A529
att,A2447,A1917
att,A2447,A719
att,A2447,A1163
att,A2447,A1765
att,A2447,A540
att,A2447,A2516
att,A2447,A2444
att,A2450,A340
att,A2450,A205
att,A2452,A261
att,A2452,A2395
att,A2452,A1219
att,A2452,A963
att,A2452,A2551
att,A2452,A2201
att,A2452,A2504
att,A2453,A1971
att,A2453,A139
att,A2453,A258
att,A2453,A880
att,A2455,A236
att,A2455,A342
att,A2455,A37
att,A2455,A59
att,A2455,A2282
att,A2455,A402
att,A2455,A1485
att,A2455,A895
att,A2455,A1495
att,A2455,A2227
att,A2455,A687
att,A2455,A76
att,A2455,A1574
att,A2458,A174
att,A2458,A1851
att,A2458,A1258
att,A2458,A2581
att,A2458,A1668
att,A2458,A2589
att,A2458,A1463
att,A2458,A30
att,A2458,A1440
att,A2458,A1238
att,A2458,A2531
att,A2458,A1803
att,A2458,A1560
att,A2458,A1879
att,A2458,A1414
att,A2458,A497
att,A2458,A781
att,A2460,A397
att,A2460,A2509
att,A2460,A1516
att,A2460,A238
att,A2460,A898
att,A2460,A208
att,A2460,A1628
att,A2460,A40
att,A2460,A462
att,A2460,A2016
att,A2460,A927
att,A2460,A1459
att,A2460,A1491
att,A2460,A2089
att,A2460,A1437
att,A2460,A1735
att,A2460,A1651
att,A2460,A1336
att,A2460,A533
att,A2460,A2075
att,A2460,A74
att,A2460,A1716
att,A2460,A1234
att,A2460,A241
att,A2460,A610
att,A2460,A762
att,A2460,A1710
att,A2461,A2224
att,A2461,A1813
att,A2461,A1862
att,A2461,A2265
att,A2461,A1199
att,A2461,A2261
att,A2461,A2599
att,A2461,A1851
att,A2461,A1709
att,A2461,A2349
att,A2461,A163
att,A2461,A251
att,A2461,A1938
att,A2461,A2125
att,A2461,A2157
att,A2461,A2469
att,A2461,A762
att,A2461,A2532
att,A2461,A2502
att,A2461,A1309
att,A2461,A2381
att,A2462,A808
att,A2462,A474
att,A2462,A2432
att,A2462,A1093
att,A2462,A727
att,A2462,A916
att,A2462,A18
att,A2462,A2442
att,A2462,A2321
att,A2462,A1739
att,A2462,A233
att,A2462,A100
att,A2462,A1878
att,A2462,A1412
att,A2462,A2188
att,A2462,A2077
att,A2462,A1017
att,A2464,A1487
att,A2464,A2226
att,A2464,A3
att,A2464,A388
att,A2464,A815
att,A2464,A986
att,A2465,A38
att,A2465,A1919
att,A2465,A1179
att,A2465,A436
att,A2465,A64
att,A2465,A1364
att,A2465,A840
att,A2465,A1749
att,A2465,A30
att,A2466,A98
att,A2466,A378
att,A2466,A1628
att,A2466,A1338
att,A2466,A1246
att,A2466,A990
att,A2466,A1660
att,A2466,A2413
att,A2466,A1062
att,A2466,A770
att,A2466,A2432
att,A2466,A2558
att,A2466,A1088
att,A2466,A1390
att,A2466,A901
att,A2466,A856
att,A2466,A650
att,A2466,A122
att,A2467,A2485
att,A2467,A2542
att,A2467,A1234
att,A2469,A56
att,A2469,A696
att,A2469,A2377
att,A2469,A1456
att,A2469,A1696
att,A2469,A231
att,A2469,A1837
att,A2469,A80
att,A2469,A409
att,A2469,A358
att,A2469,A1670
att,A2473,A888
att,A2473,A918
att,A2478,A330
att,A2478,A50
att,A2478,A2560
att,A2478,A2374
att,A2478,A1466
att,A2478,A2253
att,A2478,A2437
att,A2478,A371
att,A2478,A157
att,A2478,A1684
att,A2478,A463
att,A2478,A391
att,A2478,A2444
att,A2478,A415
att,A2478,A2086
att,A2478,A596
att,A2478,A795
att,A2479,A2427
att,A2479,A72
att,A2479,A1281
att,A2479,A1631
att,A2479,A2184
att,A2479,A49
att,A2479,A162
att,A2479,A994
att,A2479,A600
att,A2479,A1198
att,A2479,A1211
att,A2479,A1085
att,A2479,A1676
att,A2479,A1152
att,A2479,A2055
att,A2479,A100
att,A2479,A1067
att,A2479,A2435
att,A2479,A261
att,A2479,A1504
att,A2479,A2582
att,A2479,A1919
att,A2479,A935
att,A2479,A1353
att,A2479,A1286
att,A2479,A198
att,A2479,A1073
att,A2481,A285
att,A2481,A567
att,A2481,A2567
att,A2481,A1028
att,A2481,A238
att,A2481,A1007
att,A2481,A2310
att,A2481,A1358
att,A2481,A825
att,A2481,A878
att,A2481,A2321
att,A2483,A2531
att,A2483,A238
att,A2483,A1164
att,A2483,A1660
att,A2483,A2251
att,A2483,A2391
att,A2483,A1040
att,A2483,A2272
att,A2483,A2012
att,A2483,A1395
att,A2483,A2144
att,A2483,A2218
att,A2483,A1893
att,A2483,A1004
att,A2483,A1399
att,A2483,A2007
att,A2483,A1807
att,A2483,A356
att,A2483,A658
att,A2483,A2225
att,A2483,A2487
att,A2483,A1560
att,A2483,A526
att,A2483,A322
att,A2483,A2064
att,A2485,A228
att,A2485,A2414
att,A2485,A2034
att,A2485,A154
att,A2485,A1152
att,A2485,A1070
att,A2485,A1675
att,A2485,A1091
att,A2487,A1106
att,A2487,A1032
att,A2487,A1404
att,A2487,A481
att,A2487,A213
att,A2487,A1099
att,A2487,A1494
att,A2487,A1672
att,A2487,A1709
att,A2487,A993
att,A2487,A2015
att,A2487,A1394
att,A2487,A698
att,A2487,A1442
att,A2487,A1181
att,A2487,A2486
att,A2487,A145
att,A2487,A2317
att,A2487,A321
att,A2487,A1925
att,A2487,A856
att,A2487,A2541
att,A2487,A2141
att,A2487,A731
att,A2487,A2014
att,A2487,A2351
att,A2487,A2184
att,A2487,A252
att,A2487,A74
att,A2487,A889
att,A2487,A1861
att,A2487,A1433
att,A2487,A76
att,A2488,A29
att,A2488,A1443
att,A2488,A731
att,A2488,A202
att,A2488,A2322
att,A2488,A140
att,A2488,A2309
att,A2488,A1339
att,A2488,A2264
att,A2488,A1640
att,A2488,A560
att,A2488,A2005
att,A2488,A2499
att,A2488,A1811
att,A2488,A419
att,A2488,A1274
att,A2488,A488
att,A2488,A2406
att,A2488,A1140
att,A2488,A1608
att,A2488,A1825
att,A2488,A2445
att,A2488,A562
att,A2488,A1612
att,A2488,A2162
att,A2488,A1955
att,A2491,A462
att,A2491,A1138
att,A2491,A2219
att,A2491,A996
att,A2491,A834
att,A2491,A1522
att,A2491,A570
att,A2491,A457
att,A2491,A1464
att,A2491,A740
att,A2491,A150
att,A2491,A765
att,A2491,A1542
att,A2491,A1087
att,A2491,A1215
att,A2491,A1201
att,A2491,A965
att,A2491,A1245
att,A2491,A1638
att,A2491,A1866
att,A2491,A679
att,A2491,A531
att,A2491,A1564
att,A2491,A60
att,A2496,A1479
att,A2496,A1960
att,A2496,A172
att,A2496,A854
att,A2496,A1381
att,A2496,A1882
att,A2498,A1701
att,A2498,A1460
att,A2498,A313
att,A2498,A498
att,A2498,A210
att,A2498,A1541
att,A2498,A1194
att,A2498,A196
att,A2498,A322
att,A2498,A1287
att,A2498,A1418
att,A2499,A1316
att,A2499,A1967
att,A2499,A1621
att,A2499,A1846
att,A2499,A1789
att,A2499,A589
att,A2499,A1556
att,A2499,A2438
att,A2499,A952
att,A2499,A549
att,A2499,A1
att,A2499,A401
att,A2499,A1770
att,A2499,A2585
att,A2499,A750
att,A2499,A1305
att,A2499,A1459
att,A2499,A554
att,A2499,A2199
att,A2499,A2178
att,A2499,A1175
att,A2499,A2508
att,A2499,A2028
att,A2499,A166
att,A2499,A2096
att,A2499,A2505
att,A2499,A1941
att,A2499,A2424
att,A2500,A1462
att,A2500,A2562
att,A2500,A1388
att,A2500,A1117
att,A2500,A1126
att,A2500,A217
att,A2501,A125
att,A2501,A1766
att,A2501,A770
att,A2501,A711
att,A2501,A893
att,A2501,A2527
att,A2501,A850
att,A2501,A2539
att,A2501,A2303
att,A2501,A1194
att,A2501,A388
att,A2501,A683
att,A2501,A2437
att,A2501,A1587
att,A2507,A1313
att,A2507,A153
att,A2507,A331
att,A2507,A2225
att,A2507,A1449
att,A2507,A966
att,A2507,A1037
att,A2507,A2113
att,A2507,A1601
att,A2507,A23
att,A2507,A172
att,A2507,A532
att,A2507,A1071
att,A2507,A2339
att,A2507,A931
att,A2507,A187
att,A2507,A231
att,A2507,A1019
att,A2507,A2283
att,A2507,A2462
att,A2507,A1221
att,A2507,A1428
att,A2507,A1450
att,A2507,A1799
att,A2507,A1774
att,A2507,A132
att,A2509,A2183
att,A2509,A2493
att,A2509,A926
att,A2509,A857
att,A2509,A2523
att,A2509,A1762
att,A2509,A903
att,A2510,A2189
att,A2510,A2211
att,A2510,A148
att,A2510,A276
att,A2510,A2309
att,A2510,A1039
att,A2510,A1236
att,A2510,A2259
att,A2510,A1111
att,A2510,A2065
att,A2510,A526
att,A2510,A365
att,A2510,A293
att,A2510,A1990
att,A2510,A2304
att,A2510,A695
att,A2510,A1249
att,A2510,A2322
att,A2511,A623
att,A2511,A101
att,A2511,A2238
att,A2511,A835
att,A2511,A1825
att,A2511,A1403
att,A2511,A1997
att,A2511,A2545
att,A2511,A1940
att,A2511,A2169
att,A2511,A332
att,A2511,A2155
att,A2513,A1632
att,A2513,A1835
att,A2513,A1234
att,A2513,A154
att,A2513,A1818
att,A2513,A238
att,A2513,A827
att,A2513,A980
att,A2513,A1879
att,A2513,A2011
att,A2513,A1873
att,A2513,A1144
att,A2513,A1086
att,A2513,A327
att,A2513,A539
att,A2513,A1996
att,A2513,A239
att,A2513,A963
att,A2513,A610
att,A2513,A2372
att,A2513,A1702
att,A2513,A1794
att,A2513,A1537
att,A2513,A1429
att,A2513,A1974
att,A2514,A1166
att,A2514,A85
att,A2514,A1006
att,A2514,A1404
att,A2514,A2044
att,A2514,A653
att,A2514,A1682
att,A2514,A358
att,A2514,A192
att,A2514,A1048
att,A2514,A2215
att,A2514,A1415
att,A2514,A2159
att,A2514,A406
att,A2514,A808
att,A2514,A2091
att,A2514,A2379
att,A2514,A877
att,A2514,A506
att,A2514,A1598
att,A2514,A497
att,A2514,A671
att,A2514,A865
att,A2514,A1456
att,A2517,A1832
att,A2517,A662
att,A2517,A1891
att,A2517,A346
att,A2517,A2164
att,A2517,A1145
att,A2517,A2084
att,A2517,A2426
att,A2517,A150
att,A2517,A180
att,A2517,A51
att,A2517,A61
att,A2518,A1401
att,A2518,A527
att,A2518,A1931
att,A2518,A1343
att,A2518,A2181
att,A2518,A2255
att,A2518,A1325
att,A2518,A1068
att,A2518,A2383
att,A2518,A1685
att,A2518,A1784
att,A2518,A1057
att,A2518,A2505
att,A2518,A550
att,A2518,A71
att,A2518,A1173
att,A2519,A1989
att,A2519,A1270
att,A2519,A2197
att,A2519,A2248
att,A2519,A1677
att,A2519,A1167
att,A2519,A2477
att,A2519,A2079
att,A2519,A2557
att,A2519,A1435
att,A2519,A1021
att,A2519,A12
att,A2519,A94
att,A2519,A997
att,A2519,A647
att,A2519,A154
att,A2519,A195
att,A2519,A306
att,A2519,A1842
att,A2519,A167
att,A2519,A199
att,A2521,A1127
att,A2521,A68
att,A2521,A1611
att,A2521,A333
att,A2521,A2076
att,A2521,A1268
att,A2521,A870
att,A2521,A2147
att,A2521,A242
att,A2521,A279
att,A2521,A2338
att,A2521,A1601
att,A2522,A2008
att,A2522,A896
att,A2522,A2573
att,A2522,A1547
att,A2522,A665
att,A2522,A2007
att,A2522,A2456
att,A2522,A2247
att,A2522,A1903
att,A2522,A2394
att,A2522,A2098
att,A2522,A916
att,A2522,A2043
att,A2522,A95
att,A2522,A529
att,A2522,A2418
att,A2524,A539
att,A2524,A91
att,A2524,A1788
att,A2524,A1711
att,A2526,A91
att,A2526,A2004
att,A2526,A347
att,A2526,A1888
att,A2526,A66
att,A2526,A1723
att,A2526,A862
att,A2526,A1086
att,A2526,A1644
att,A2526,A751
att,A2526,A912
att,A2526,A1908
att,A2526,A1798
att,A2526,A1571
att,A2526,A1319
att,A2526,A1136
att,A2526,A237
att,A2526,A1173
att,A2526,A1608
att,A2526,A729
att,A2527,A873
att,A2527,A905
att,A2527,A1660
att,A2527,A1737
att,A2527,A1779
att,A2527,A548
att,A2527,A24
att,A2527,A870
att,A2527,A1448
att,A2527,A2202
att,A2527,A970
att,A2527,A1492
att,A2527,A2436
att,A2527,A791
att,A2527,A864
att,A2527,A307
att,A2529,A1351
att,A2529,A22
att,A2529,A914
att,A2529,A686
att,A2529,A1472
att,A2529,A2025
att,A2529,A2116
att,A2529,A1705
att,A2529,A1614
att,A2529,A117
att,A2529,A1751
att,A2529,A562
att,A2529,A1215
att,A2529,A1087
att,A2530,A2309
att,A2530,A2416
att,A2530,A1536
att,A2530,A901
att,A2530,A596
att,A2530,A1119
att,A2530,A2194
att,A2530,A530
att,A2530,A1609
att,A2530,A1659
att,A2530,A1075
att,A2530,A550
att,A2530,A190
att,A2530,A381
att,A2530,A1769
att,A2530,A1111
att,A2530,A1102
att,A2530,A258
att,A2530,A841
att,A2530,A1268
att,A2530,A1859
att,A2530,A1085
att,A2531,A2451
att,A2531,A311
att,A2531,A577
att,A2531,A846
att,A2531,A2226
att,A2531,A163
att,A2531,A1609
att,A2531,A716
att,A2531,A1361
att,A2531,A883
att,A2532,A328
att,A2532,A2450
att,A2532,A1490
att,A2532,A98
att,A2532,A1460
att,A2532,A634
att,A2532,A1465
att,A2532,A795
att,A2532,A917
att,A2534,A1634
att,A2534,A1988
att,A2534,A276
att,A2534,A1751
att,A2534,A2481
att,A2534,A1756
att,A2534,A1108
att,A2534,A1398
att,A2534,A639
att,A2534,A732
att,A2534,A576
att,A2535,A1421
att,A2535,A2245
att,A2535,A661
att,A2535,A1088
att,A2536,A2390
att,A2536,A1672
att,A2536,A1409
att,A2536,A1389
att,A2536,A993
att,A2536,A1024
att,A2538,A1703
att,A2538,A2108
att,A2538,A2231
att,A2538,A94
att,A2538,A373
att,A2538,A985
att,A2538,A96
att,A2538,A2397
att,A2538,A1586
att,A2538,A715
att,A2538,A1545
att,A2538,A1868
att,A2538,A478
att,A2538,A643
att,A2538,A1053
att,A2538,A2121
att,A2538,A2528
att,A2539,A1828
att,A2539,A2387
att,A2539,A1857
att,A2539,A1277
att,A2539,A721
att,A2539,A902
att,A2539,A55
att,A2539,A573
att,A2539,A1904
att,A2539,A1624
att,A2539,A1715
att,A2539,A1955
att,A2539,A750
att,A2543,A1389
att,A2543,A2248
att,A2543,A1750
att,A2543,A1857
att,A2543,A1494
att,A2543,A990
att,A2543,A2429
att,A2543,A59
att,A2543,A2123
att,A2543,A845
att,A2543,A2145
att,A2545,A2382
att,A2545,A1722
att,A2545,A1391
att,A2545,A449
att,A2545,A1941
att,A2546,A1700
att,A2546,A1188
att,A2546,A2382
att,A2546,A8
att,A2546,A129
att,A2546,A520
att,A2546,A1817
att,A2546,A249
att,A2551,A2146
att,A2551,A2066
att,A2551,A2147
att,A2551,A2031
att,A2551,A1744
att,A2551,A2159
att,A2551,A1891
att,A2551,A569
att,A2551,A2457
att,A2551,A376
att,A2551,A2579
att,A2551,A1619
att,A2551,A1042
att,A2551,A947
att,A2551,A1512
att,A2551,A642
att,A2551,A2108
att,A2551,A2435
att,A2551,A938
att,A2551,A448
att,A2551,A2083
att,A2551,A1771
att,A2551,A1955
att,A2551,A912
att,A2551,A786
att,A2551,A614
att,A2554,A1362
att,A2554,A252
att,A2554,A643
att,A2554,A2367
att,A2555,A1795
att,A2555,A665
att,A2555,A1411
att,A2555,A2135
att,A2555,A1017
att,A2555,A49
att,A2555,A1002
att,A2555,A368
att,A2555,A828
att,A2555,A2038
att,A2557,A498
att,A2557,A2595
att,A2557,A2105
att,A2557,A787
att,A2557,A546
att,A2557,A2292
att,A2558,A1228
att,A2558,A2185
att,A2558,A883
att,A2558,A1087
att,A2558,A2025
att,A2558,A1472
att,A2558,A652
att,A2558,A1999
att,A2558,A1515
att,A2558,A841
att,A2560,A2002
att,A2560,A2270
att,A2560,A293
att,A2560,A2274
att,A2563,A369
att,A2563,A907
att,A2563,A2233
att,A2563,A1036
att,A2563,A1590
att,A2563,A1243
att,A2563,A5
att,A2563,A2492
att,A2564,A245
att,A2564,A2204
att,A2564,A1404
att,A2564,A1955
att,A2564,A618
att,A2566,A1355
att,A2566,A2507
att,A2566,A1508
att,A2566,A654
att,A2566,A661
att,A2566,A323
att,A2566,A792
att,A2566,A1836
att,A2566,A1659
att,A2566,A309
att,A2566,A1618
att,A2566,A2119
att,A2566,A2539
att,A2568,A689
att,A2568,A1356
att,A2568,A315
att,A2568,A1640
att,A2568,A1663
att,A2568,A783
att,A2568,A393
att,A2568,A1180
att,A2568,A270
att,A2568,A2219
att,A2568,A866
att,A2571,A1756
att,A2571,A354
att,A2571,A315
att,A2571,A921
att,A2571,A1187
att,A2571,A189
att,A2571,A2
att,A2571,A905
att,A2571,A1503
att,A2571,A2053
att,A2571,A2439
att,A2571,A1395
att,A2571,A466
att,A2571,A1588
att,A2571,A926
att,A2571,A2522
att,A2571,A72
att,A2571,A1473
att,A2571,A447
att,A2571,A1025
att,A2571,A1591
att,A2571,A2319
att,A2571,A1098
att,A2571,A2391
att,A2572,A949
att,A2572,A1186
att,A2572,A8
att,A2572,A1294
att,A2572,A1180
att,A2572,A384
att,A2572,A1129
att,A2572,A307
att,A2572,A2003
att,A2572,A353
att,A2572,A1385
att,A2579,A879
att,A2579,A1678
att,A2579,A2
att,A2579,A1666
att,A2579,A309
att,A2579,A2438
att,A2579,A1062
att,A2579,A2103
att,A2579,A436
att,A2579,A291
att,A2579,A566
att,A2579,A1957
att,A2580,A302
att,A2580,A751
att,A2580,A2444
att,A2580,A877
att,A2580,A2554
att,A2580,A223
att,A2580,A861
att,A2580,A2391
att,A2580,A1769
att,A2580,A2079
att,A2580,A2354
att,A2580,A588
att,A2580,A1008
att,A2581,A1390
att,A2581,A2386
att,A2581,A1672
att,A2581,A2082
att,A2581,A2184
att,A2581,A399
att,A2581,A1396
att,A2581,A2105
att,A2581,A912
att,A2581,A464
att,A2581,A507
att,A2581,A1322
att,A2581,A1082
att,A2581,A375
att,A2581,A2527
att,A2581,A2289
att,A2581,A151
att,A2581,A1349
att,A2581,A191
att,A2581,A28
att,A2581,A493
att,A2583,A2048
att,A2583,A1728
att,A2583,A1201
att,A2583,A272
att,A2583,A1966
att,A2583,A1032
att,A2583,A359
att,A2583,A711
att,A2583,A758
att,A2583,A1340
att,A2586,A2237
att,A2586,A665
att,A2591,A531
att,A2591,A2537
att,A2592,A1728
att,A2592,A2107
att,A2592,A764
att,A2592,A1367
att,A2592,A796
att,A2592,A978
att,A2592,A1630
att,A2592,A1827
att,A2592,A72
att,A2592,A2008
att,A2592,A2561
att,A2592,A2393
att,A2592,A1569
att,A2592,A928
att,A2592,A1558
att,A2592,A284
att,A2592,A731
att,A2592,A1238
att,A2592,A1075
att,A2592,A1783
att,A2592,A444
att,A2593,A739
att,A2593,A1392
att,A2593,A1152
att,A2593,A998
att,A2593,A806
att,A2593,A1208
att,A2593,A2189
att,A2593,A2333
att,A2593,A2383
att,A2593,A2220
att,A2593,A1311
att,A2593,A2464
att,A2595,A2209
att,A2595,A1883
att,A2595,A1696
att,A2595,A1888
att,A2595,A1405
att,A2595,A2194
att,A2595,A1436
att,A2595,A1096
att,A2595,A989
att,A2595,A216
att,A2596,A1286
att,A2598,A1813
att,A2598,A2363
att,A2598,A1530
att,A2598,A2263
att,A2598,A85
att,A2598,A628
att,A2598,A735
att,A2598,A1639
att,A2598,A1317
att,A2598,A2376
att,A2598,A2061
att,A2598,A1822
att,A2598,A2403
att,A2598,A850
att,A2598,A1548
att,A2598,A1095
