Entailment,Arg1,Arg2
sup,A70,A71
sup,A73,A74
sup,A77,A78
sup,A80,A81
sup,A86,A69
sup,A87,A88
sup,A88,A89
sup,A92,A93
sup,A93,A94
sup,A94,A95
sup,A141,A142
sup,A142,A143
sup,A143,A144
sup,A144,A145
sup,A145,A146
sup,A146,A147
sup,A147,A148
sup,A148,A149
sup,A149,A150
sup,A150,A151
sup,A151,A152
sup,A152,A153
sup,A153,A154
sup,A154,A155
sup,A155,A156
sup,A156,A157
sup,A157,A158
sup,A158,A159
sup,A159,A160
sup,A160,A161
sup,A161,A162
sup,A162,A163
sup,A163,A164
sup,A164,A165
sup,A165,A166
sup,A166,A167
sup,A167,A168
sup,A168,A169
sup,A169,A141
sup,A204,A205
sup,A205,A206
sup,A206,A207
sup,A207,A208
sup,A208,A209
sup,A209,A210
sup,A210,A211
sup,A211,A212
sup,A212,A213
sup,A213,A214
sup,A214,A215
sup,A215,A216
sup,A216,A217
sup,A217,A218
sup,A218,A219
sup,A219,A220
sup,A220,A221
sup,A221,A222
sup,A222,A223
sup,A223,A224
sup,A224,A225
sup,A225,A226
sup,A226,A227
sup,A227,A228
sup,A228,A229
sup,A229,A230
sup,A230,A231
sup,A231,A232
sup,A232,A233
sup,A233,A204
sup,A234,A235
sup,A235,A236
sup,A236,A237
sup,A237,A234
sup,A238,A239
sup,A239,A240
sup,A240,A241
sup,A243,A244
sup,A244,A245
sup,A245,A246
sup,A246,A247
sup,A247,A248
sup,A250,A251
sup,A253,A254
sup,A256,A242
sup,A257,A258
sup,A258,A259
sup,A259,A260
sup,A260,A261
sup,A261,A262
sup,A262,A263
sup,A263,A264
sup,A264,A265
sup,A265,A266
sup,A266,A267
sup,A267,A268
sup,A268,A269
sup,A269,A270
sup,A270,A257
sup,A318,A319
sup,A319,A320
sup,A320,A321
sup,A321,A322
sup,A322,A323
sup,A323,A324
sup,A324,A325
sup,A325,A318
sup,A354,A355
sup,A355,A356
sup,A356,A357
sup,A357,A358
sup,A358,A359
sup,A359,A360
sup,A360,A361
sup,A361,A362
sup,A362,A363
sup,A363,A364
sup,A364,A365
sup,A365,A366
sup,A366,A367
sup,A367,A368
sup,A368,A369
sup,A369,A370
sup,A370,A371
sup,A371,A372
sup,A372,A373
sup,A373,A374
sup,A374,A375
sup,A375,A376
sup,A376,A377
sup,A377,A378
sup,A378,A379
sup,A379,A380
sup,A380,A381
sup,A381,A382
sup,A382,A383
sup,A383,A384
sup,A384,A385
sup,A385,A386
sup,A386,A387
sup,A387,A388
sup,A388,A389
sup,A389,A390
sup,A390,A391
sup,A391,A354
sup,A392,A393
sup,A393,A394
sup,A394,A395
sup,A395,A396
sup,A396,A397
sup,A397,A392
sup,A398,A399
sup,A399,A400
sup,A400,A401
sup,A401,A402
sup,A402,A403
sup,A403,A404
sup,A404,A405
sup,A405,A406
sup,A406,A407
sup,A407,A408
sup,A408,A409
sup,A409,A410
sup,A410,A411
sup,A411,A412
sup,A412,A413
sup,A413,A414
sup,A414,A415
sup,A415,A416
sup,A416,A417
sup,A417,A418
sup,A418,A419
sup,A419,A420
sup,A420,A421
sup,A421,A422
sup,A422,A423
sup,A423,A424
sup,A424,A425
sup,A425,A426
sup,A426,A427
sup,A427,A428
sup,A428,A429
sup,A429,A430
sup,A430,A431
sup,A431,A432
sup,A432,A433
sup,A433,A434
sup,A434,A435
sup,A435,A436
sup,A436,A437
sup,A437,A438
sup,A438,A439
sup,A439,A398
sup,A440,A441
sup,A441,A442
sup,A442,A443
sup,A443,A444
sup,A444,A445
sup,A445,A446
sup,A446,A447
sup,A447,A448
sup,A448,A449
sup,A449,A450
sup,A450,A451
sup,A451,A452
sup,A452,A453
sup,A453,A454
sup,A454,A455
sup,A455,A456
sup,A456,A457
sup,A457,A458
sup,A458,A459
sup,A459,A440
sup,A460,A461
sup,A461,A462
sup,A462,A463
sup,A463,A464
sup,A464,A465
sup,A465,A466
sup,A466,A467
sup,A467,A468
sup,A468,A469
sup,A469,A470
sup,A470,A460
sup,A471,A472
sup,A472,A473
sup,A473,A474
sup,A474,A475
sup,A475,A476
sup,A476,A477
sup,A477,A478
sup,A478,A479
sup,A479,A480
sup,A480,A481
sup,A481,A482
sup,A482,A483
sup,A483,A484
sup,A484,A485
sup,A485,A486
sup,A486,A487
sup,A487,A488
sup,A488,A489
sup,A489,A490
sup,A490,A491
sup,A491,A492
sup,A492,A493
sup,A493,A494
sup,A494,A495
sup,A495,A496
sup,A496,A497
sup,A497,A471
sup,A498,A499
sup,A499,A500
sup,A500,A501
sup,A501,A502
sup,A502,A503
sup,A503,A504
sup,A504,A505
sup,A505,A506
sup,A506,A507
sup,A507,A508
sup,A508,A509
sup,A509,A510
sup,A510,A511
sup,A511,A512
sup,A512,A513
sup,A513,A514
sup,A514,A515
sup,A515,A516
sup,A516,A517
sup,A517,A518
sup,A518,A498
sup,A544,A545
sup,A545,A546
sup,A546,A547
sup,A547,A548
sup,A548,A549
sup,A549,A550
sup,A550,A551
sup,A551,A552
sup,A552,A553
sup,A553,A554
sup,A554,A555
sup,A555,A556
sup,A556,A557
sup,A557,A558
sup,A558,A559
sup,A559,A560
sup,A560,A561
sup,A561,A562
sup,A562,A544
sup,A564,A565
sup,A565,A563
sup,A567,A568
sup,A568,A569
sup,A569,A570
sup,A572,A573
sup,A573,A574
sup,A574,A575
sup,A576,A577
sup,A577,A578
sup,A579,A580
sup,A580,A581
sup,A581,A582
sup,A582,A566
sup,A583,A584
sup,A584,A585
sup,A585,A586
sup,A586,A587
sup,A587,A583
sup,A604,A605
sup,A605,A606
sup,A606,A607
sup,A607,A608
sup,A608,A609
sup,A609,A610
sup,A610,A611
sup,A611,A612
sup,A612,A613
sup,A613,A614
sup,A614,A615
sup,A615,A616
sup,A616,A617
sup,A617,A618
sup,A618,A619
sup,A619,A620
sup,A620,A604
sup,A621,A622
sup,A622,A623
sup,A623,A624
sup,A624,A621
sup,A653,A654
sup,A654,A655
sup,A655,A656
sup,A656,A657
sup,A657,A658
sup,A658,A659
sup,A661,A662
sup,A662,A663
sup,A663,A664
sup,A664,A665
sup,A666,A667
sup,A667,A668
sup,A668,A669
sup,A669,A651
sup,A670,A671
sup,A671,A672
sup,A676,A677
sup,A677,A678
sup,A680,A681
sup,A681,A682
sup,A682,A683
sup,A683,A684
sup,A684,A685
sup,A685,A686
sup,A686,A687
sup,A689,A690
sup,A690,A691
sup,A691,A692
sup,A692,A693
sup,A693,A694
sup,A695,A670
sup,A702,A703
sup,A703,A704
sup,A704,A705
sup,A705,A706
sup,A706,A707
sup,A709,A710
sup,A714,A715
sup,A718,A719
sup,A726,A727
sup,A727,A728
sup,A730,A731
sup,A731,A732
sup,A732,A733
sup,A734,A735
sup,A736,A737
sup,A737,A738
sup,A738,A739
sup,A742,A743
sup,A744,A745
sup,A747,A748
sup,A748,A749
sup,A749,A750
sup,A750,A751
sup,A752,A753
sup,A753,A754
sup,A754,A755
sup,A755,A756
sup,A756,A757
sup,A757,A758
sup,A759,A760
sup,A760,A725
sup,A762,A763
sup,A767,A768
sup,A768,A769
sup,A769,A761
sup,A770,A771
sup,A771,A772
sup,A772,A773
sup,A773,A774
sup,A774,A775
sup,A775,A770
sup,A787,A788
sup,A788,A789
sup,A789,A790
sup,A790,A791
sup,A791,A792
sup,A792,A793
sup,A793,A794
sup,A794,A795
sup,A795,A796
sup,A796,A797
sup,A797,A798
sup,A798,A799
sup,A799,A787
sup,A845,A846
sup,A846,A847
sup,A852,A853
sup,A853,A854
sup,A855,A856
sup,A856,A857
sup,A857,A858
sup,A866,A867
sup,A875,A876
sup,A876,A877
sup,A877,A878
sup,A879,A880
sup,A886,A887
sup,A887,A888
sup,A888,A889
sup,A890,A891
sup,A891,A892
sup,A892,A893
sup,A893,A894
sup,A894,A890
sup,A896,A897
sup,A898,A899
sup,A899,A895
sup,A900,A901
sup,A901,A902
sup,A903,A904
sup,A904,A905
sup,A905,A906
sup,A906,A907
sup,A908,A909
sup,A909,A910
sup,A910,A911
sup,A911,A912
sup,A912,A913
sup,A914,A915
sup,A916,A917
sup,A917,A918
sup,A921,A922
sup,A923,A924
sup,A929,A930
sup,A933,A934
sup,A934,A935
sup,A936,A937
sup,A938,A928
sup,A940,A941
sup,A942,A943
sup,A943,A944
sup,A945,A946
sup,A947,A948
sup,A950,A951
sup,A951,A952
sup,A952,A953
sup,A953,A954
sup,A954,A955
sup,A956,A957
sup,A959,A960
sup,A960,A961
sup,A961,A962
sup,A962,A963
sup,A966,A967
sup,A969,A970
sup,A975,A976
sup,A976,A977
sup,A977,A978
sup,A978,A979
sup,A979,A980
sup,A980,A981
sup,A981,A982
sup,A982,A983
sup,A983,A984
sup,A984,A985
sup,A985,A986
sup,A986,A987
sup,A987,A988
sup,A988,A989
sup,A989,A990
sup,A990,A991
sup,A991,A992
sup,A992,A993
sup,A993,A994
sup,A994,A995
sup,A995,A975
sup,A1018,A1019
sup,A1019,A1020
sup,A1020,A1021
sup,A1021,A1022
sup,A1022,A1023
sup,A1024,A1025
sup,A1026,A1027
sup,A1027,A1028
sup,A1028,A1029
sup,A1029,A1030
sup,A1059,A1060
sup,A1060,A1061
sup,A1062,A1063
sup,A1063,A1064
sup,A1067,A1068
sup,A1068,A1069
sup,A1071,A1072
sup,A1072,A1073
sup,A1076,A1077
sup,A1077,A1078
sup,A1080,A1081
sup,A1082,A1083
sup,A1083,A1084
sup,A1084,A1085
sup,A1086,A1087
sup,A1087,A1088
sup,A1088,A1089
sup,A1089,A1057
sup,A1091,A1092
sup,A1092,A1093
sup,A1093,A1094
sup,A1095,A1096
sup,A1097,A1098
sup,A1100,A1101
sup,A1101,A1102
sup,A1104,A1105
sup,A1105,A1106
sup,A1110,A1111
sup,A1111,A1112
sup,A1112,A1113
sup,A1113,A1114
sup,A1114,A1115
sup,A1115,A1116
sup,A1116,A1117
sup,A1117,A1118
sup,A1118,A1119
sup,A1119,A1120
sup,A1120,A1121
sup,A1121,A1122
sup,A1122,A1123
sup,A1123,A1124
sup,A1124,A1125
sup,A1125,A1126
sup,A1126,A1127
sup,A1127,A1128
sup,A1128,A1129
sup,A1129,A1130
sup,A1130,A1131
sup,A1131,A1132
sup,A1132,A1133
sup,A1133,A1134
sup,A1134,A1135
sup,A1135,A1136
sup,A1136,A1137
sup,A1137,A1138
sup,A1138,A1139
sup,A1139,A1140
sup,A1140,A1141
sup,A1141,A1142
sup,A1142,A1110
sup,A1183,A1184
sup,A1185,A1186
sup,A1187,A1188
sup,A1189,A1190
sup,A1192,A1193
sup,A1195,A1196
sup,A1197,A1198
sup,A1198,A1199
sup,A1199,A1200
sup,A1201,A1202
sup,A1202,A1182
sup,A1223,A1224
sup,A1227,A1228
sup,A1229,A1230
sup,A1230,A1231
sup,A1233,A1222
sup,A1234,A1235
sup,A1235,A1236
sup,A1236,A1237
sup,A1237,A1238
sup,A1238,A1239
sup,A1239,A1240
sup,A1240,A1241
sup,A1241,A1242
sup,A1242,A1243
sup,A1243,A1244
sup,A1244,A1245
sup,A1245,A1246
sup,A1246,A1247
sup,A1247,A1248
sup,A1248,A1249
sup,A1249,A1250
sup,A1250,A1251
sup,A1251,A1252
sup,A1252,A1253
sup,A1253,A1254
sup,A1254,A1255
sup,A1255,A1256
sup,A1256,A1257
sup,A1257,A1258
sup,A1258,A1259
sup,A1259,A1260
sup,A1260,A1261
sup,A1261,A1262
sup,A1262,A1263
sup,A1263,A1264
sup,A1264,A1265
sup,A1265,A1266
sup,A1266,A1234
sup,A1268,A1269
sup,A1269,A1270
sup,A1270,A1271
sup,A1271,A1272
sup,A1274,A1275
sup,A1276,A1277
sup,A1278,A1279
sup,A1279,A1280
sup,A1282,A1283
sup,A1285,A1286
sup,A1287,A1288
sup,A1288,A1267
sup,A1289,A1290
sup,A1290,A1291
sup,A1291,A1292
sup,A1292,A1293
sup,A1293,A1294
sup,A1294,A1295
sup,A1295,A1296
sup,A1296,A1297
sup,A1297,A1298
sup,A1298,A1289
sup,A1301,A1302
sup,A1303,A1304
sup,A1305,A1306
sup,A1306,A1307
sup,A1307,A1308
sup,A1308,A1309
sup,A1312,A1313
sup,A1316,A1317
sup,A1318,A1319
sup,A1319,A1320
sup,A1425,A1426
sup,A1426,A1427
sup,A1427,A1428
sup,A1428,A1429
sup,A1429,A1430
sup,A1430,A1431
sup,A1431,A1432
sup,A1432,A1433
sup,A1433,A1434
sup,A1434,A1435
sup,A1435,A1436
sup,A1436,A1437
sup,A1437,A1438
sup,A1438,A1439
sup,A1439,A1440
sup,A1440,A1441
sup,A1441,A1442
sup,A1442,A1443
sup,A1443,A1444
sup,A1444,A1445
sup,A1445,A1446
sup,A1446,A1447
sup,A1447,A1448
sup,A1448,A1449
sup,A1449,A1425
sup,A1450,A1451
sup,A1451,A1452
sup,A1452,A1453
sup,A1453,A1454
sup,A1454,A1455
sup,A1455,A1456
sup,A1456,A1457
sup,A1457,A1458
sup,A1458,A1459
sup,A1459,A1460
sup,A1460,A1461
sup,A1461,A1462
sup,A1462,A1463
sup,A1463,A1464
sup,A1464,A1465
sup,A1465,A1450
sup,A1467,A1468
sup,A1468,A1469
sup,A1470,A1471
sup,A1471,A1472
sup,A1474,A1475
sup,A1475,A1476
sup,A1478,A1479
sup,A1479,A1480
sup,A1480,A1481
sup,A1481,A1482
sup,A1485,A1486
sup,A1488,A1489
sup,A1489,A1490
sup,A1490,A1491
sup,A1491,A1492
sup,A1492,A1493
sup,A1493,A1494
sup,A1494,A1495
sup,A1497,A1498
sup,A1498,A1499
sup,A1499,A1500
sup,A1500,A1501
sup,A1501,A1502
sup,A1502,A1503
sup,A1503,A1497
sup,A1504,A1505
sup,A1505,A1506
sup,A1506,A1507
sup,A1507,A1508
sup,A1508,A1509
sup,A1509,A1510
sup,A1510,A1511
sup,A1511,A1512
sup,A1512,A1513
sup,A1513,A1514
sup,A1514,A1515
sup,A1515,A1516
sup,A1516,A1517
sup,A1517,A1518
sup,A1518,A1519
sup,A1519,A1520
sup,A1520,A1521
sup,A1521,A1522
sup,A1522,A1504
sup,A1532,A1533
sup,A1533,A1534
sup,A1534,A1535
sup,A1535,A1536
sup,A1536,A1537
sup,A1537,A1538
sup,A1538,A1539
sup,A1539,A1540
sup,A1540,A1541
sup,A1541,A1542
sup,A1542,A1543
sup,A1543,A1544
sup,A1544,A1545
sup,A1545,A1546
sup,A1546,A1547
sup,A1547,A1548
sup,A1548,A1549
sup,A1549,A1550
sup,A1550,A1551
sup,A1551,A1552
sup,A1552,A1553
sup,A1553,A1554
sup,A1554,A1555
sup,A1555,A1556
sup,A1556,A1557
sup,A1557,A1558
sup,A1558,A1559
sup,A1559,A1560
sup,A1560,A1561
sup,A1561,A1562
sup,A1562,A1563
sup,A1563,A1564
sup,A1564,A1565
sup,A1565,A1566
sup,A1566,A1567
sup,A1567,A1568
sup,A1568,A1569
sup,A1569,A1570
sup,A1570,A1571
sup,A1571,A1572
sup,A1572,A1532
sup,A1573,A1574
sup,A1574,A1575
sup,A1576,A1577
sup,A1583,A1584
sup,A1586,A1587
sup,A1587,A1588
sup,A1591,A1573
sup,A1592,A1593
sup,A1593,A1594
sup,A1594,A1595
sup,A1595,A1596
sup,A1596,A1597
sup,A1597,A1598
sup,A1598,A1599
sup,A1599,A1592
sup,A1628,A1629
sup,A1629,A1630
sup,A1630,A1631
sup,A1632,A1633
sup,A1635,A1636
sup,A1637,A1638
sup,A1641,A1642
sup,A1643,A1644
sup,A1644,A1645
sup,A1646,A1647
sup,A1647,A1648
sup,A1650,A1628
sup,A1656,A1657
sup,A1657,A1658
sup,A1658,A1659
sup,A1659,A1660
sup,A1660,A1661
sup,A1661,A1662
sup,A1662,A1663
sup,A1663,A1664
sup,A1664,A1656
sup,A1665,A1666
sup,A1666,A1667
sup,A1667,A1668
sup,A1668,A1669
sup,A1669,A1670
sup,A1670,A1671
sup,A1671,A1672
sup,A1672,A1673
sup,A1673,A1674
sup,A1674,A1675
sup,A1675,A1676
sup,A1676,A1677
sup,A1677,A1678
sup,A1678,A1679
sup,A1679,A1680
sup,A1680,A1681
sup,A1681,A1682
sup,A1682,A1683
sup,A1683,A1684
sup,A1684,A1685
sup,A1685,A1665
sup,A1686,A1687
sup,A1687,A1688
sup,A1688,A1689
sup,A1689,A1690
sup,A1690,A1691
sup,A1691,A1692
sup,A1692,A1693
sup,A1693,A1694
sup,A1694,A1695
sup,A1695,A1696
sup,A1696,A1686
sup,A1772,A1773
sup,A1774,A1775
sup,A1775,A1776
sup,A1777,A1778
sup,A1783,A1784
sup,A1785,A1771
sup,A1817,A1818
sup,A1821,A1822
sup,A1822,A1823
sup,A1826,A1827
sup,A1827,A1828
sup,A1828,A1829
sup,A1829,A1830
sup,A1831,A1832
sup,A1832,A1833
sup,A1833,A1834
sup,A1837,A1838
sup,A1844,A1845
sup,A1845,A1846
sup,A1846,A1844
sup,A1847,A1848
sup,A1849,A1850
sup,A1850,A1851
sup,A1851,A1852
sup,A1854,A1855
sup,A1855,A1856
sup,A1856,A1857
sup,A1858,A1859
sup,A1859,A1860
sup,A1860,A1861
sup,A1861,A1862
sup,A1864,A1865
sup,A1865,A1866
sup,A1871,A1872
sup,A1872,A1873
sup,A1876,A1877
sup,A1877,A1878
sup,A1878,A1879
sup,A1882,A1847
sup,A112,A113
sup,A169,A170
sup,A233,A234
sup,A256,A257
sup,A298,A299
sup,A317,A318
sup,A325,A326
sup,A353,A354
sup,A397,A398
sup,A439,A440
sup,A459,A460
sup,A562,A563
sup,A587,A588
sup,A620,A621
sup,A624,A625
sup,A669,A670
sup,A695,A696
sup,A724,A725
sup,A799,A800
sup,A867,A868
sup,A889,A890
sup,A924,A925
sup,A1142,A1143
sup,A1233,A1234
sup,A1288,A1289
sup,A1298,A1299
sup,A1424,A1425
sup,A1449,A1450
sup,A1531,A1532
sup,A1572,A1573
sup,A1591,A1592
sup,A1627,A1628
sup,A1650,A1651
sup,A1655,A1656
sup,A1664,A1665
sup,A1696,A1697
sup,A1708,A1709
sup,A1750,A1751
sup,A1785,A1786
sup,A1899,A950
sup,A3,A108
sup,A3,A196
sup,A3,A1433
sup,A3,A229
sup,A3,A138
sup,A3,A1262
sup,A3,A764
sup,A3,A195
sup,A3,A19
sup,A3,A1718
sup,A3,A1704
sup,A3,A1804
sup,A3,A812
sup,A3,A955
sup,A3,A1640
sup,A3,A1310
sup,A3,A1161
sup,A3,A795
sup,A4,A265
sup,A4,A1705
sup,A4,A207
sup,A4,A1848
sup,A4,A978
sup,A4,A512
sup,A4,A973
sup,A4,A1086
sup,A4,A1683
sup,A4,A1706
sup,A4,A11
sup,A4,A1713
sup,A4,A541
sup,A4,A67
sup,A4,A1661
sup,A4,A447
sup,A4,A891
sup,A4,A1347
sup,A4,A969
sup,A5,A1445
sup,A5,A505
sup,A5,A1560
sup,A5,A1492
sup,A5,A898
sup,A5,A1107
sup,A5,A428
sup,A5,A26
sup,A5,A1141
sup,A5,A1797
sup,A5,A790
sup,A5,A122
sup,A5,A1001
sup,A5,A725
sup,A6,A1679
sup,A6,A1752
sup,A6,A1632
sup,A6,A1005
sup,A6,A283
sup,A6,A25
sup,A7,A412
sup,A7,A1867
sup,A7,A1501
sup,A7,A1206
sup,A7,A915
sup,A7,A1775
sup,A7,A1163
sup,A7,A1031
sup,A7,A274
sup,A7,A1568
sup,A7,A48
sup,A8,A804
sup,A8,A751
sup,A8,A1820
sup,A8,A462
sup,A8,A347
sup,A8,A1885
sup,A8,A772
sup,A8,A1244
sup,A8,A696
sup,A8,A1353
sup,A8,A823
sup,A8,A989
sup,A8,A216
sup,A8,A1855
sup,A10,A732
sup,A10,A1529
sup,A10,A1438
sup,A10,A162
sup,A10,A1536
sup,A10,A1335
sup,A10,A790
sup,A10,A28
sup,A10,A75
sup,A10,A544
sup,A10,A3
sup,A10,A1839
sup,A10,A1269
sup,A10,A1769
sup,A10,A892
sup,A10,A818
sup,A10,A356
sup,A10,A734
sup,A10,A1023
sup,A10,A948
sup,A10,A149
sup,A12,A229
sup,A12,A304
sup,A12,A1195
sup,A12,A152
sup,A12,A88
sup,A12,A1677
sup,A12,A1174
sup,A12,A453
sup,A12,A1840
sup,A12,A540
sup,A13,A1802
sup,A13,A1532
sup,A13,A1870
sup,A13,A600
sup,A13,A122
sup,A13,A1672
sup,A13,A265
sup,A13,A937
sup,A13,A1629
sup,A13,A1625
sup,A13,A1703
sup,A13,A1822
sup,A13,A1645
sup,A13,A1600
sup,A13,A1231
sup,A13,A1535
sup,A13,A868
sup,A13,A1326
sup,A13,A142
sup,A13,A1100
sup,A13,A1301
sup,A15,A99
sup,A15,A1154
sup,A16,A1745
sup,A16,A1882
sup,A16,A277
sup,A16,A357
sup,A16,A1799
sup,A16,A1730
sup,A16,A220
sup,A16,A1667
sup,A16,A1695
sup,A16,A1589
sup,A16,A892
sup,A16,A863
sup,A16,A640
sup,A16,A467
sup,A16,A110
sup,A16,A1127
sup,A16,A254
sup,A16,A1761
sup,A16,A1155
sup,A16,A380
sup,A16,A1362
sup,A16,A1633
sup,A17,A1343
sup,A17,A305
sup,A17,A1588
sup,A17,A1545
sup,A17,A1672
sup,A17,A810
sup,A17,A1850
sup,A18,A594
sup,A18,A1703
sup,A18,A996
sup,A18,A1777
sup,A18,A263
sup,A18,A276
sup,A18,A507
sup,A19,A135
sup,A19,A1757
sup,A19,A1823
sup,A19,A1496
sup,A19,A1717
sup,A19,A1714
sup,A19,A1812
sup,A20,A391
sup,A20,A288
sup,A20,A1888
sup,A20,A1329
sup,A20,A880
sup,A20,A855
sup,A20,A3
sup,A21,A408
sup,A21,A212
sup,A21,A1327
sup,A21,A1812
sup,A21,A961
sup,A21,A462
sup,A21,A704
sup,A21,A1691
sup,A23,A503
sup,A23,A1267
sup,A23,A1894
sup,A23,A395
sup,A23,A1475
sup,A24,A677
sup,A24,A554
sup,A24,A548
sup,A24,A1795
sup,A26,A1328
sup,A26,A1289
sup,A26,A1670
sup,A26,A1092
sup,A26,A1848
sup,A26,A1747
sup,A26,A287
sup,A26,A1281
sup,A26,A1723
sup,A26,A411
sup,A26,A402
sup,A26,A1875
sup,A26,A492
sup,A26,A68
sup,A26,A593
sup,A26,A1635
sup,A27,A1030
sup,A27,A176
sup,A27,A1095
sup,A27,A278
sup,A28,A1451
sup,A28,A680
sup,A28,A53
sup,A28,A1437
sup,A28,A459
sup,A28,A1028
sup,A28,A1832
sup,A28,A396
sup,A28,A1701
sup,A28,A693
sup,A28,A455
sup,A31,A1216
sup,A31,A1372
sup,A31,A738
sup,A31,A820
sup,A31,A360
sup,A31,A839
sup,A31,A552
sup,A31,A1229
sup,A31,A222
sup,A31,A158
sup,A31,A1178
sup,A31,A1225
sup,A31,A1174
sup,A31,A276
sup,A31,A778
sup,A31,A958
sup,A31,A941
sup,A31,A706
sup,A32,A1289
sup,A32,A197
sup,A32,A44
sup,A32,A576
sup,A32,A368
sup,A32,A562
sup,A32,A1072
sup,A32,A1501
sup,A32,A1298
sup,A33,A1215
sup,A33,A740
sup,A33,A384
sup,A33,A304
sup,A33,A24
sup,A33,A213
sup,A33,A1281
sup,A33,A892
sup,A33,A1350
sup,A33,A79
sup,A33,A806
sup,A33,A490
sup,A33,A989
sup,A35,A1444
sup,A35,A1347
sup,A35,A621
sup,A35,A181
sup,A35,A1812
sup,A35,A1299
sup,A35,A1273
sup,A35,A1551
sup,A35,A1093
sup,A35,A432
sup,A35,A322
sup,A35,A1413
sup,A35,A1292
sup,A35,A153
sup,A35,A564
sup,A35,A1465
sup,A35,A539
sup,A35,A809
sup,A40,A947
sup,A40,A19
sup,A40,A111
sup,A40,A1633
sup,A40,A706
sup,A40,A1745
sup,A40,A1230
sup,A40,A1889
sup,A40,A1188
sup,A40,A79
sup,A40,A1687
sup,A40,A415
sup,A40,A728
sup,A40,A911
sup,A40,A132
sup,A40,A1180
sup,A40,A172
sup,A40,A1801
sup,A40,A932
sup,A44,A857
sup,A44,A1105
sup,A44,A1618
sup,A44,A1492
sup,A44,A1574
sup,A44,A1484
sup,A44,A706
sup,A44,A248
sup,A44,A1575
sup,A44,A378
sup,A44,A1340
sup,A44,A193
sup,A44,A1138
sup,A44,A1836
sup,A44,A396
sup,A44,A219
sup,A44,A1862
sup,A44,A1131
sup,A47,A724
sup,A47,A1341
sup,A47,A420
sup,A49,A1861
sup,A49,A1253
sup,A49,A947
sup,A49,A1271
sup,A49,A1254
sup,A49,A973
sup,A49,A175
sup,A52,A271
sup,A52,A1319
sup,A52,A1358
sup,A52,A1284
sup,A52,A483
sup,A52,A1349
sup,A52,A696
sup,A53,A1027
sup,A53,A1715
sup,A53,A1011
sup,A53,A547
sup,A54,A308
sup,A54,A1695
sup,A54,A593
sup,A56,A1690
sup,A56,A776
sup,A56,A237
sup,A56,A386
sup,A56,A1003
sup,A58,A1630
sup,A58,A581
sup,A58,A189
sup,A58,A688
sup,A58,A1871
sup,A58,A1863
sup,A58,A967
sup,A58,A106
sup,A58,A674
sup,A58,A1829
sup,A58,A1610
sup,A61,A1689
sup,A61,A1754
sup,A61,A943
sup,A61,A99
sup,A61,A238
sup,A61,A1215
sup,A61,A50
sup,A61,A975
sup,A61,A927
sup,A61,A1667
sup,A61,A431
sup,A61,A1074
sup,A61,A1172
sup,A67,A429
sup,A68,A883
sup,A68,A1548
sup,A68,A864
sup,A68,A1519
sup,A68,A1259
sup,A68,A1072
sup,A68,A1729
sup,A68,A1840
sup,A68,A1550
sup,A68,A1539
sup,A68,A636
sup,A68,A436
sup,A68,A157
sup,A68,A957
sup,A68,A703
sup,A69,A494
sup,A69,A601
sup,A71,A856
sup,A71,A1321
sup,A71,A1848
sup,A71,A1557
sup,A71,A545
sup,A71,A658
sup,A71,A543
sup,A71,A1295
sup,A71,A1277
sup,A71,A1665
sup,A71,A1849
sup,A71,A60
sup,A71,A775
sup,A71,A1735
sup,A71,A1749
sup,A71,A1545
sup,A71,A1829
sup,A71,A1030
sup,A71,A1533
sup,A71,A848
sup,A71,A17
sup,A73,A1872
sup,A73,A1718
sup,A73,A661
sup,A73,A616
sup,A73,A1125
sup,A73,A253
sup,A73,A494
sup,A73,A1140
sup,A73,A1483
sup,A74,A417
sup,A74,A510
sup,A74,A361
sup,A74,A1774
sup,A74,A458
sup,A74,A915
sup,A74,A1041
sup,A76,A1210
sup,A76,A709
sup,A76,A80
sup,A76,A195
sup,A76,A350
sup,A76,A1196
sup,A76,A972
sup,A76,A1428
sup,A77,A848
sup,A77,A974
sup,A77,A1154
sup,A77,A1400
sup,A77,A1129
sup,A77,A824
sup,A77,A611
sup,A77,A546
sup,A77,A785
sup,A77,A404
sup,A77,A1369
sup,A77,A376
sup,A77,A697
sup,A77,A379
sup,A77,A124
sup,A77,A109
sup,A77,A1850
sup,A77,A900
sup,A77,A709
sup,A77,A1423
sup,A77,A452
sup,A77,A1459
sup,A77,A1426
sup,A77,A1748
sup,A77,A705
sup,A79,A439
sup,A84,A743
sup,A91,A388
sup,A91,A1221
sup,A91,A863
sup,A91,A1363
sup,A91,A176
sup,A91,A1419
sup,A91,A1212
sup,A91,A1478
sup,A91,A1030
sup,A91,A1135
sup,A92,A1703
sup,A92,A1497
sup,A92,A1583
sup,A92,A419
sup,A92,A797
sup,A92,A1449
sup,A92,A1748
sup,A92,A33
sup,A92,A1541
sup,A92,A1028
sup,A92,A1601
sup,A92,A1394
sup,A92,A823
sup,A92,A469
sup,A92,A1725
sup,A92,A1560
sup,A92,A844
sup,A92,A1355
sup,A92,A1490
sup,A92,A1595
sup,A92,A238
sup,A93,A1812
sup,A93,A1317
sup,A93,A1394
sup,A93,A1233
sup,A93,A959
sup,A93,A292
sup,A93,A1364
sup,A93,A124
sup,A93,A1204
sup,A93,A745
sup,A93,A660
sup,A93,A2
sup,A93,A541
sup,A93,A1506
sup,A93,A209
sup,A93,A895
sup,A93,A1539
sup,A93,A1508
sup,A93,A1376
sup,A93,A326
sup,A94,A1768
sup,A94,A1732
sup,A94,A1040
sup,A94,A830
sup,A94,A1368
sup,A94,A395
sup,A94,A68
sup,A94,A409
sup,A95,A527
sup,A95,A604
sup,A95,A101
sup,A95,A496
sup,A96,A435
sup,A96,A879
sup,A96,A1785
sup,A96,A565
sup,A96,A1897
sup,A96,A999
sup,A100,A1501
sup,A101,A481
sup,A105,A1074
sup,A105,A82
sup,A105,A1203
sup,A105,A866
sup,A106,A946
sup,A106,A482
sup,A106,A1881
sup,A106,A1134
sup,A106,A187
sup,A106,A805
sup,A106,A960
sup,A106,A1670
sup,A106,A1258
sup,A106,A864
sup,A106,A621
sup,A106,A1598
sup,A106,A214
sup,A106,A583
sup,A107,A264
sup,A107,A1896
sup,A107,A834
sup,A107,A679
sup,A107,A840
sup,A107,A366
sup,A109,A1202
sup,A109,A193
sup,A109,A1418
sup,A109,A1493
sup,A109,A1786
sup,A109,A1124
sup,A109,A1231
sup,A109,A1239
sup,A109,A1722
sup,A109,A888
sup,A109,A1543
sup,A109,A1780
sup,A109,A1215
sup,A109,A1473
sup,A110,A1015
sup,A110,A640
sup,A110,A1646
sup,A110,A214
sup,A110,A597
sup,A110,A833
sup,A111,A1097
sup,A111,A1664
sup,A119,A1415
sup,A119,A1315
sup,A119,A1779
sup,A119,A1105
sup,A119,A1185
sup,A120,A182
sup,A120,A1886
sup,A120,A1824
sup,A120,A46
sup,A120,A265
sup,A120,A240
sup,A120,A143
sup,A120,A1467
sup,A120,A14
sup,A120,A1883
sup,A120,A73
sup,A124,A570
sup,A124,A691
sup,A124,A911
sup,A124,A434
sup,A124,A1446
sup,A124,A800
sup,A124,A124
sup,A124,A360
sup,A124,A1152
sup,A124,A602
sup,A124,A235
sup,A124,A352
sup,A124,A345
sup,A124,A55
sup,A124,A1401
sup,A124,A1498
sup,A124,A1147
sup,A124,A1139
sup,A125,A1423
sup,A125,A926
sup,A125,A137
sup,A125,A864
sup,A125,A1607
sup,A125,A1893
sup,A125,A991
sup,A125,A1021
sup,A126,A376
sup,A126,A1552
sup,A126,A346
sup,A126,A604
sup,A126,A289
sup,A126,A1478
sup,A126,A265
sup,A126,A58
sup,A126,A544
sup,A126,A333
sup,A126,A60
sup,A126,A947
sup,A126,A1624
sup,A127,A1652
sup,A127,A681
sup,A127,A1719
sup,A127,A1796
sup,A127,A916
sup,A127,A1671
sup,A127,A1017
sup,A127,A546
sup,A127,A1056
sup,A128,A778
sup,A128,A1049
sup,A128,A950
sup,A128,A585
sup,A128,A1786
sup,A128,A130
sup,A128,A504
sup,A128,A224
sup,A128,A1136
sup,A128,A1379
sup,A128,A850
sup,A128,A1012
sup,A128,A274
sup,A128,A401
sup,A128,A961
sup,A129,A46
sup,A129,A1843
sup,A129,A356
sup,A129,A1132
sup,A129,A1743
sup,A129,A362
sup,A129,A1326
sup,A129,A65
sup,A129,A533
sup,A129,A730
sup,A129,A1425
sup,A129,A646
sup,A129,A257
sup,A130,A1839
sup,A130,A211
sup,A130,A50
sup,A130,A612
sup,A130,A465
sup,A130,A1166
sup,A130,A56
sup,A130,A306
sup,A130,A210
sup,A130,A1865
sup,A130,A1322
sup,A130,A1870
sup,A130,A1464
sup,A130,A1739
sup,A139,A1771
sup,A139,A1688
sup,A139,A746
sup,A139,A1008
sup,A139,A1140
sup,A139,A850
sup,A139,A1805
sup,A139,A269
sup,A139,A1303
sup,A141,A1584
sup,A141,A543
sup,A141,A57
sup,A141,A927
sup,A141,A1171
sup,A141,A1048
sup,A141,A1727
sup,A141,A178
sup,A141,A1859
sup,A141,A1542
sup,A141,A1765
sup,A141,A1045
sup,A141,A211
sup,A141,A1315
sup,A141,A1755
sup,A141,A903
sup,A141,A742
sup,A141,A1550
sup,A141,A1591
sup,A141,A1892
sup,A141,A1067
sup,A143,A1596
sup,A143,A1330
sup,A143,A781
sup,A143,A12
sup,A143,A378
sup,A143,A970
sup,A143,A1114
sup,A143,A636
sup,A143,A1718
sup,A143,A118
sup,A143,A126
sup,A143,A1441
sup,A143,A1213
sup,A143,A946
sup,A143,A931
sup,A143,A1101
sup,A143,A394
sup,A143,A487
sup,A143,A1782
sup,A143,A682
sup,A143,A412
sup,A144,A522
sup,A144,A1080
sup,A144,A1584
sup,A144,A1415
sup,A144,A1398
sup,A144,A1697
sup,A144,A34
sup,A144,A93
sup,A144,A880
sup,A144,A580
sup,A144,A803
sup,A144,A549
sup,A144,A1788
sup,A144,A552
sup,A144,A1441
sup,A144,A395
sup,A144,A41
sup,A144,A106
sup,A144,A117
sup,A145,A1264
sup,A145,A1861
sup,A145,A6
sup,A145,A1537
sup,A145,A1063
sup,A145,A585
sup,A146,A1203
sup,A147,A157
sup,A147,A301
sup,A147,A1848
sup,A147,A401
sup,A147,A333
sup,A147,A1096
sup,A147,A1156
sup,A147,A444
sup,A147,A330
sup,A147,A1186
sup,A147,A948
sup,A147,A27
sup,A147,A587
sup,A147,A1627
sup,A147,A1128
sup,A147,A1512
sup,A147,A207
sup,A147,A618
sup,A147,A905
sup,A149,A1113
sup,A149,A990
sup,A149,A1622
sup,A151,A1831
sup,A151,A1339
sup,A153,A1837
sup,A153,A514
sup,A153,A253
sup,A153,A1295
sup,A153,A824
sup,A153,A992
sup,A153,A184
sup,A153,A1030
sup,A153,A16
sup,A153,A1434
sup,A153,A1642
sup,A153,A1769
sup,A153,A1464
sup,A153,A747
sup,A153,A650
sup,A154,A842
sup,A154,A923
sup,A154,A777
sup,A154,A132
sup,A154,A180
sup,A156,A431
sup,A156,A1575
sup,A156,A615
sup,A156,A1592
sup,A156,A559
sup,A156,A944
sup,A156,A469
sup,A156,A1659
sup,A156,A1846
sup,A156,A1687
sup,A156,A1515
sup,A159,A0
sup,A159,A205
sup,A159,A1830
sup,A159,A1053
sup,A159,A794
sup,A159,A285
sup,A159,A753
sup,A159,A277
sup,A159,A1407
sup,A159,A574
sup,A159,A385
sup,A165,A285
sup,A165,A249
sup,A165,A1228
sup,A165,A625
sup,A165,A1099
sup,A165,A578
sup,A165,A1328
sup,A166,A519
sup,A166,A95
sup,A166,A1674
sup,A166,A976
sup,A166,A641
sup,A166,A46
sup,A166,A1593
sup,A167,A1337
sup,A167,A1652
sup,A167,A962
sup,A167,A188
sup,A167,A529
sup,A167,A1413
sup,A167,A406
sup,A167,A1826
sup,A167,A842
sup,A167,A957
sup,A167,A926
sup,A167,A1176
sup,A167,A1644
sup,A167,A394
sup,A167,A1784
sup,A167,A817
sup,A167,A1895
sup,A167,A1601
sup,A167,A250
sup,A169,A649
sup,A169,A66
sup,A171,A1163
sup,A171,A1343
sup,A171,A123
sup,A171,A398
sup,A171,A940
sup,A171,A1601
sup,A171,A988
sup,A171,A1776
sup,A171,A454
sup,A171,A216
sup,A171,A143
sup,A171,A771
sup,A171,A905
sup,A171,A1717
sup,A171,A1537
sup,A171,A1891
sup,A171,A1386
sup,A172,A1411
sup,A172,A420
sup,A172,A126
sup,A172,A1637
sup,A172,A1094
sup,A174,A1257
sup,A174,A291
sup,A174,A1769
sup,A174,A1096
sup,A174,A1654
sup,A174,A52
sup,A174,A721
sup,A174,A914
sup,A174,A712
sup,A174,A936
sup,A176,A458
sup,A176,A278
sup,A176,A709
sup,A176,A405
sup,A176,A385
sup,A176,A1554
sup,A177,A776
sup,A177,A592
sup,A177,A99
sup,A177,A922
sup,A177,A62
sup,A177,A1121
sup,A177,A1711
sup,A177,A1586
sup,A177,A1423
sup,A177,A1583
sup,A177,A223
sup,A178,A1866
sup,A178,A1130
sup,A178,A120
sup,A179,A1459
sup,A179,A19
sup,A179,A1638
sup,A179,A1645
sup,A179,A1334
sup,A179,A667
sup,A179,A1822
sup,A179,A1201
sup,A179,A979
sup,A179,A142
sup,A179,A1369
sup,A179,A1232
sup,A179,A871
sup,A179,A532
sup,A179,A819
sup,A179,A273
sup,A179,A936
sup,A179,A1310
sup,A185,A528
sup,A185,A1884
sup,A185,A313
sup,A185,A1064
sup,A185,A1787
sup,A185,A1420
sup,A185,A408
sup,A185,A154
sup,A185,A1082
sup,A185,A1271
sup,A185,A1700
sup,A185,A555
sup,A185,A1662
sup,A185,A1455
sup,A185,A819
sup,A185,A164
sup,A186,A787
sup,A186,A1446
sup,A186,A1033
sup,A186,A1435
sup,A186,A1079
sup,A186,A920
sup,A186,A474
sup,A186,A406
sup,A186,A1165
sup,A186,A1599
sup,A187,A345
sup,A187,A1210
sup,A187,A1157
sup,A189,A1855
sup,A189,A182
sup,A189,A1696
sup,A189,A787
sup,A189,A1838
sup,A189,A1172
sup,A189,A1402
sup,A189,A156
sup,A189,A1016
sup,A189,A473
sup,A189,A1530
sup,A189,A1414
sup,A189,A1658
sup,A189,A901
sup,A189,A755
sup,A191,A492
sup,A191,A1824
sup,A191,A1406
sup,A191,A1068
sup,A191,A1662
sup,A191,A1872
sup,A191,A637
sup,A191,A432
sup,A191,A559
sup,A191,A1693
sup,A191,A1502
sup,A191,A1186
sup,A191,A719
sup,A191,A765
sup,A191,A374
sup,A191,A871
sup,A194,A1742
sup,A194,A1383
sup,A194,A221
sup,A194,A1782
sup,A194,A1745
sup,A194,A742
sup,A194,A780
sup,A194,A810
sup,A194,A103
sup,A194,A1221
sup,A194,A883
sup,A194,A1373
sup,A194,A789
sup,A194,A1867
sup,A194,A193
sup,A195,A1339
sup,A195,A1159
sup,A195,A1216
sup,A195,A1456
sup,A195,A1530
sup,A195,A1290
sup,A195,A1303
sup,A195,A219
sup,A195,A371
sup,A195,A1264
sup,A195,A126
sup,A195,A1292
sup,A195,A288
sup,A195,A1136
sup,A195,A962
sup,A195,A353
sup,A195,A241
sup,A195,A1598
sup,A195,A7
sup,A195,A1648
sup,A196,A1423
sup,A196,A368
sup,A196,A1032
sup,A196,A127
sup,A197,A1328
sup,A197,A833
sup,A197,A1822
sup,A197,A1865
sup,A197,A1123
sup,A197,A19
sup,A197,A816
sup,A197,A756
sup,A197,A1728
sup,A197,A875
sup,A197,A701
sup,A197,A812
sup,A197,A999
sup,A197,A865
sup,A197,A1748
sup,A199,A1234
sup,A199,A256
sup,A199,A1410
sup,A199,A1728
sup,A199,A1688
sup,A199,A1895
sup,A199,A664
sup,A199,A1150
sup,A199,A1095
sup,A199,A299
sup,A199,A1813
sup,A199,A692
sup,A199,A1211
sup,A201,A125
sup,A201,A973
sup,A201,A938
sup,A201,A934
sup,A201,A168
sup,A201,A456
sup,A204,A1096
sup,A204,A1169
sup,A204,A1470
sup,A204,A69
sup,A204,A459
sup,A204,A1291
sup,A204,A1221
sup,A204,A390
sup,A204,A1715
sup,A204,A1197
sup,A204,A483
sup,A204,A192
sup,A204,A1146
sup,A204,A346
sup,A204,A824
sup,A204,A878
sup,A204,A1774
sup,A204,A583
sup,A204,A587
sup,A204,A1016
sup,A204,A304
sup,A204,A632
sup,A204,A407
sup,A204,A1485
sup,A205,A452
sup,A205,A600
sup,A205,A1484
sup,A206,A830
sup,A206,A141
sup,A206,A955
sup,A206,A1665
sup,A206,A873
sup,A206,A788
sup,A206,A1290
sup,A206,A440
sup,A206,A341
sup,A206,A719
sup,A207,A1696
sup,A207,A1356
sup,A207,A803
sup,A207,A1660
sup,A207,A1620
sup,A207,A1003
sup,A207,A362
sup,A207,A1547
sup,A207,A1106
sup,A207,A398
sup,A207,A815
sup,A207,A946
sup,A208,A284
sup,A208,A1140
sup,A208,A189
sup,A208,A1369
sup,A208,A1733
sup,A208,A1514
sup,A208,A101
sup,A208,A1189
sup,A208,A1163
sup,A208,A253
sup,A208,A1076
sup,A208,A1517
sup,A209,A1106
sup,A209,A1483
sup,A209,A566
sup,A209,A731
sup,A209,A1196
sup,A209,A1288
sup,A209,A1257
sup,A209,A1823
sup,A209,A1541
sup,A209,A1668
sup,A209,A141
sup,A209,A1264
sup,A209,A465
sup,A209,A915
sup,A212,A964
sup,A212,A156
sup,A212,A918
sup,A212,A574
sup,A212,A1043
sup,A212,A674
sup,A212,A1190
sup,A212,A809
sup,A212,A1829
sup,A212,A1549
sup,A212,A336
sup,A212,A894
sup,A212,A1632
sup,A212,A1807
sup,A213,A807
sup,A213,A431
sup,A213,A879
sup,A213,A312
sup,A213,A453
sup,A213,A1375
sup,A213,A1167
sup,A213,A1763
sup,A213,A180
sup,A213,A507
sup,A213,A1549
sup,A213,A1501
sup,A213,A1129
sup,A213,A43
sup,A213,A986
sup,A213,A1213
sup,A213,A554
sup,A213,A589
sup,A213,A179
sup,A213,A657
sup,A213,A74
sup,A213,A421
sup,A216,A1835
sup,A216,A1493
sup,A216,A304
sup,A216,A617
sup,A216,A714
sup,A216,A400
sup,A216,A1041
sup,A216,A483
sup,A216,A156
sup,A216,A346
sup,A216,A174
sup,A216,A113
sup,A216,A1526
sup,A216,A981
sup,A216,A1095
sup,A216,A1083
sup,A216,A384
sup,A216,A1583
sup,A216,A1734
sup,A216,A1672
sup,A216,A207
sup,A216,A1876
sup,A217,A708
sup,A217,A13
sup,A219,A757
sup,A219,A1679
sup,A219,A1031
sup,A219,A119
sup,A219,A311
sup,A219,A983
sup,A219,A642
sup,A219,A1659
sup,A219,A1556
sup,A219,A1311
sup,A219,A1197
sup,A219,A1191
sup,A219,A112
sup,A219,A1574
sup,A219,A485
sup,A219,A1038
sup,A219,A584
sup,A219,A1836
sup,A219,A1555
sup,A219,A646
sup,A219,A587
sup,A219,A1115
sup,A219,A1699
sup,A221,A896
sup,A221,A1393
sup,A221,A633
sup,A221,A783
sup,A221,A1167
sup,A221,A661
sup,A221,A405
sup,A221,A1094
sup,A221,A206
sup,A221,A437
sup,A223,A429
sup,A223,A1210
sup,A223,A866
sup,A223,A81
sup,A223,A1740
sup,A223,A1073
sup,A223,A1678
sup,A223,A1718
sup,A225,A245
sup,A225,A1481
sup,A225,A695
sup,A225,A1462
sup,A225,A783
sup,A225,A1803
sup,A225,A1486
sup,A225,A1376
sup,A225,A1567
sup,A225,A1494
sup,A225,A1546
sup,A225,A894
sup,A225,A1051
sup,A225,A1817
sup,A227,A1238
sup,A227,A863
sup,A227,A1519
sup,A227,A1266
sup,A227,A1621
sup,A227,A169
sup,A227,A992
sup,A227,A1532
sup,A227,A372
sup,A227,A1037
sup,A227,A977
sup,A227,A210
sup,A227,A1481
sup,A227,A39
sup,A227,A248
sup,A227,A517
sup,A227,A1436
sup,A227,A899
sup,A227,A333
sup,A227,A1875
sup,A228,A789
sup,A228,A1243
sup,A228,A1188
sup,A228,A1131
sup,A228,A305
sup,A228,A321
sup,A228,A295
sup,A228,A632
sup,A228,A1712
sup,A228,A139
sup,A228,A678
sup,A229,A1400
sup,A229,A37
sup,A229,A1000
sup,A229,A334
sup,A229,A1524
sup,A229,A56
sup,A229,A970
sup,A229,A1836
sup,A229,A1464
sup,A229,A1429
sup,A229,A1742
sup,A229,A38
sup,A229,A1640
sup,A229,A5
sup,A231,A1587
sup,A231,A1025
sup,A231,A1476
sup,A231,A631
sup,A231,A610
sup,A231,A897
sup,A231,A1509
sup,A231,A1413
sup,A235,A79
sup,A235,A591
sup,A235,A1220
sup,A235,A520
sup,A238,A840
sup,A238,A1672
sup,A238,A1383
sup,A238,A757
sup,A238,A448
sup,A238,A894
sup,A238,A1198
sup,A238,A1184
sup,A238,A189
sup,A238,A301
sup,A238,A1796
sup,A238,A1096
sup,A238,A59
sup,A238,A1682
sup,A238,A247
sup,A238,A1043
sup,A238,A626
sup,A238,A1836
sup,A238,A613
sup,A240,A558
sup,A240,A1404
sup,A240,A1356
sup,A240,A1724
sup,A240,A1467
sup,A240,A221
sup,A240,A893
sup,A240,A636
sup,A240,A1571
sup,A240,A1324
sup,A240,A1139
sup,A240,A1737
sup,A240,A1341
sup,A240,A1092
sup,A240,A1270
sup,A240,A1464
sup,A240,A1300
sup,A242,A1483
sup,A242,A245
sup,A242,A431
sup,A244,A1400
sup,A244,A1180
sup,A244,A623
sup,A244,A1572
sup,A246,A676
sup,A246,A638
sup,A246,A307
sup,A252,A437
sup,A252,A1298
sup,A252,A1597
sup,A252,A857
sup,A252,A1850
sup,A252,A1456
sup,A252,A556
sup,A252,A896
sup,A252,A1489
sup,A252,A1278
sup,A252,A400
sup,A252,A871
sup,A252,A466
sup,A252,A368
sup,A254,A292
sup,A254,A21
sup,A254,A321
sup,A254,A111
sup,A254,A446
sup,A254,A1128
sup,A254,A838
sup,A254,A429
sup,A254,A922
sup,A254,A1397
sup,A254,A438
sup,A254,A586
sup,A254,A829
sup,A254,A1779
sup,A254,A514
sup,A254,A130
sup,A254,A1709
sup,A254,A1072
sup,A254,A724
sup,A261,A1158
sup,A261,A268
sup,A261,A1225
sup,A261,A392
sup,A261,A983
sup,A261,A811
sup,A261,A1573
sup,A261,A980
sup,A261,A721
sup,A261,A562
sup,A261,A174
sup,A261,A1465
sup,A261,A1208
sup,A262,A1733
sup,A262,A401
sup,A263,A1160
sup,A263,A1209
sup,A263,A962
sup,A263,A1422
sup,A263,A1177
sup,A263,A741
sup,A263,A620
sup,A263,A406
sup,A263,A1843
sup,A263,A543
sup,A263,A993
sup,A263,A1307
sup,A263,A583
sup,A263,A908
sup,A263,A1013
sup,A263,A826
sup,A263,A1291
sup,A269,A126
sup,A271,A1038
sup,A271,A435
sup,A271,A98
sup,A274,A1387
sup,A276,A190
sup,A276,A956
sup,A276,A943
sup,A276,A1859
sup,A276,A322
sup,A276,A1513
sup,A276,A218
sup,A276,A238
sup,A276,A895
sup,A276,A413
sup,A276,A465
sup,A277,A1480
sup,A277,A185
sup,A277,A451
sup,A277,A134
sup,A277,A1047
sup,A277,A280
sup,A277,A1759
sup,A277,A1611
sup,A277,A1482
sup,A278,A433
sup,A279,A1432
sup,A279,A814
sup,A279,A622
sup,A279,A731
sup,A279,A1308
sup,A279,A497
sup,A279,A1390
sup,A279,A977
sup,A279,A939
sup,A279,A825
sup,A279,A990
sup,A279,A1045
sup,A279,A1339
sup,A279,A1322
sup,A281,A27
sup,A281,A1659
sup,A281,A836
sup,A281,A1422
sup,A281,A586
sup,A281,A379
sup,A281,A1634
sup,A281,A1733
sup,A281,A998
sup,A281,A1352
sup,A281,A507
sup,A281,A214
sup,A281,A3
sup,A281,A374
sup,A281,A400
sup,A281,A1029
sup,A283,A774
sup,A283,A1019
sup,A283,A26
sup,A283,A904
sup,A283,A1281
sup,A283,A1475
sup,A283,A601
sup,A283,A1312
sup,A283,A1718
sup,A283,A1837
sup,A283,A1660
sup,A283,A1401
sup,A283,A1404
sup,A283,A166
sup,A283,A463
sup,A283,A1108
sup,A283,A1437
sup,A283,A1870
sup,A283,A336
sup,A283,A104
sup,A283,A1101
sup,A283,A501
sup,A283,A759
sup,A283,A1261
sup,A283,A81
sup,A286,A281
sup,A286,A1641
sup,A286,A1253
sup,A286,A42
sup,A286,A960
sup,A286,A1453
sup,A286,A1830
sup,A286,A1365
sup,A286,A230
sup,A286,A1840
sup,A286,A802
sup,A286,A701
sup,A286,A1049
sup,A286,A151
sup,A286,A1656
sup,A290,A299
sup,A290,A1563
sup,A290,A817
sup,A290,A1364
sup,A290,A1246
sup,A290,A504
sup,A290,A1879
sup,A290,A587
sup,A290,A737
sup,A290,A324
sup,A290,A68
sup,A290,A124
sup,A290,A1095
sup,A290,A1816
sup,A290,A891
sup,A290,A276
sup,A290,A1775
sup,A290,A1074
sup,A290,A972
sup,A290,A1239
sup,A290,A807
sup,A290,A1294
sup,A290,A568
sup,A292,A1434
sup,A292,A1296
sup,A292,A1586
sup,A294,A118
sup,A294,A116
sup,A294,A838
sup,A294,A369
sup,A294,A1666
sup,A294,A423
sup,A294,A164
sup,A296,A1377
sup,A296,A862
sup,A296,A908
sup,A296,A476
sup,A296,A1431
sup,A296,A657
sup,A298,A135
sup,A298,A982
sup,A298,A1659
sup,A298,A1537
sup,A298,A1045
sup,A298,A487
sup,A298,A510
sup,A298,A1039
sup,A298,A784
sup,A298,A1743
sup,A298,A830
sup,A298,A111
sup,A298,A1346
sup,A298,A938
sup,A298,A1802
sup,A298,A588
sup,A298,A392
sup,A298,A527
sup,A298,A1068
sup,A298,A312
sup,A299,A1049
sup,A299,A311
sup,A299,A1783
sup,A299,A1804
sup,A299,A1721
sup,A299,A235
sup,A299,A454
sup,A299,A875
sup,A299,A1375
sup,A299,A438
sup,A299,A1887
sup,A299,A977
sup,A299,A328
sup,A299,A348
sup,A299,A286
sup,A299,A1724
sup,A299,A1769
sup,A299,A191
sup,A299,A295
sup,A299,A38
sup,A299,A1738
sup,A299,A91
sup,A300,A79
sup,A300,A1285
sup,A300,A1143
sup,A300,A353
sup,A300,A919
sup,A300,A1280
sup,A300,A404
sup,A300,A1326
sup,A300,A360
sup,A300,A55
sup,A300,A1712
sup,A300,A969
sup,A301,A1256
sup,A301,A772
sup,A301,A1262
sup,A301,A1645
sup,A301,A1588
sup,A301,A1014
sup,A301,A1535
sup,A301,A340
sup,A301,A173
sup,A301,A488
sup,A301,A1334
sup,A301,A1509
sup,A304,A932
sup,A304,A73
sup,A304,A200
sup,A304,A1306
sup,A304,A430
sup,A304,A1868
sup,A304,A241
sup,A304,A1638
sup,A304,A496
sup,A304,A156
sup,A304,A1654
sup,A304,A491
sup,A304,A1026
sup,A304,A790
sup,A304,A449
sup,A304,A1503
sup,A304,A1292
sup,A304,A340
sup,A304,A1548
sup,A304,A197
sup,A304,A125
sup,A304,A295
sup,A309,A1806
sup,A309,A1731
sup,A309,A1279
sup,A309,A1078
sup,A309,A333
sup,A309,A1477
sup,A309,A1534
sup,A309,A189
sup,A309,A1350
sup,A309,A348
sup,A309,A460
sup,A309,A384
sup,A309,A635
sup,A309,A485
sup,A309,A1039
sup,A309,A434
sup,A309,A574
sup,A309,A1702
sup,A310,A1801
sup,A310,A1450
sup,A310,A80
sup,A310,A1571
sup,A310,A462
sup,A310,A1367
sup,A310,A453
sup,A310,A900
sup,A310,A83
sup,A310,A721
sup,A310,A530
sup,A310,A1209
sup,A310,A863
sup,A311,A35
sup,A311,A1377
sup,A311,A1348
sup,A311,A1070
sup,A311,A278
sup,A311,A836
sup,A311,A674
sup,A311,A437
sup,A311,A254
sup,A311,A1126
sup,A311,A448
sup,A312,A154
sup,A312,A1471
sup,A312,A687
sup,A312,A532
sup,A312,A24
sup,A312,A1831
sup,A312,A1267
sup,A312,A940
sup,A312,A326
sup,A312,A953
sup,A312,A247
sup,A312,A657
sup,A312,A1820
sup,A312,A1163
sup,A312,A494
sup,A312,A1264
sup,A312,A1268
sup,A312,A644
sup,A312,A211
sup,A312,A1503
sup,A312,A1785
sup,A312,A1585
sup,A314,A201
sup,A314,A1868
sup,A315,A1756
sup,A315,A1044
sup,A315,A985
sup,A315,A857
sup,A315,A53
sup,A315,A399
sup,A315,A742
sup,A315,A514
sup,A315,A798
sup,A315,A1789
sup,A315,A116
sup,A315,A486
sup,A315,A1886
sup,A315,A319
sup,A316,A1800
sup,A320,A1690
sup,A320,A186
sup,A320,A1349
sup,A320,A259
sup,A320,A1094
sup,A320,A74
sup,A320,A644
sup,A320,A860
sup,A320,A93
sup,A320,A693
sup,A320,A469
sup,A320,A1091
sup,A320,A1490
sup,A320,A1741
sup,A321,A933
sup,A321,A77
sup,A321,A592
sup,A321,A1056
sup,A321,A1014
sup,A321,A756
sup,A321,A1608
sup,A321,A295
sup,A321,A1481
sup,A321,A867
sup,A321,A857
sup,A321,A1066
sup,A321,A1360
sup,A321,A984
sup,A321,A1500
sup,A321,A1489
sup,A321,A371
sup,A321,A1334
sup,A321,A762
sup,A322,A1061
sup,A322,A314
sup,A322,A1170
sup,A322,A809
sup,A322,A206
sup,A322,A1841
sup,A322,A901
sup,A322,A1754
sup,A322,A1157
sup,A322,A1250
sup,A322,A1382
sup,A323,A1115
sup,A323,A923
sup,A323,A255
sup,A323,A298
sup,A323,A1886
sup,A323,A435
sup,A323,A815
sup,A326,A718
sup,A326,A1425
sup,A326,A1807
sup,A326,A188
sup,A326,A1242
sup,A326,A82
sup,A326,A687
sup,A326,A554
sup,A326,A919
sup,A326,A1173
sup,A326,A779
sup,A326,A1298
sup,A326,A1779
sup,A326,A21
sup,A326,A385
sup,A326,A1143
sup,A326,A559
sup,A328,A1021
sup,A328,A1264
sup,A328,A159
sup,A328,A270
sup,A328,A220
sup,A328,A209
sup,A328,A339
sup,A328,A99
sup,A328,A1569
sup,A328,A677
sup,A330,A94
sup,A330,A461
sup,A330,A60
sup,A331,A381
sup,A331,A1364
sup,A331,A681
sup,A332,A1892
sup,A332,A1710
sup,A332,A643
sup,A332,A1520
sup,A332,A1350
sup,A332,A839
sup,A332,A844
sup,A332,A583
sup,A332,A1425
sup,A332,A1455
sup,A332,A482
sup,A332,A1361
sup,A332,A1752
sup,A332,A156
sup,A332,A1183
sup,A332,A159
sup,A332,A1516
sup,A333,A1382
sup,A333,A501
sup,A333,A1071
sup,A333,A585
sup,A333,A1128
sup,A337,A171
sup,A337,A359
sup,A337,A646
sup,A337,A692
sup,A337,A1802
sup,A337,A382
sup,A337,A709
sup,A337,A732
sup,A337,A1450
sup,A337,A481
sup,A337,A1777
sup,A337,A117
sup,A337,A244
sup,A337,A474
sup,A337,A371
sup,A337,A5
sup,A337,A1080
sup,A338,A623
sup,A338,A251
sup,A338,A1597
sup,A338,A398
sup,A338,A796
sup,A338,A195
sup,A338,A581
sup,A338,A693
sup,A338,A1140
sup,A338,A257
sup,A338,A415
sup,A343,A481
sup,A343,A1492
sup,A343,A233
sup,A348,A1412
sup,A348,A1813
sup,A348,A116
sup,A348,A1888
sup,A348,A708
sup,A348,A120
sup,A348,A1168
sup,A349,A1661
sup,A350,A745
sup,A350,A609
sup,A350,A559
sup,A350,A1385
sup,A350,A1446
sup,A350,A1031
sup,A350,A1404
sup,A350,A315
sup,A350,A1583
sup,A350,A220
sup,A350,A1518
sup,A350,A841
sup,A350,A1732
sup,A350,A342
sup,A350,A39
sup,A350,A1431
sup,A360,A1876
sup,A366,A1062
sup,A366,A1796
sup,A366,A275
sup,A366,A575
sup,A366,A688
sup,A366,A620
sup,A366,A1644
sup,A366,A299
sup,A366,A1459
sup,A366,A99
sup,A366,A861
sup,A366,A1460
sup,A366,A52
sup,A366,A1843
sup,A366,A377
sup,A366,A280
sup,A366,A1210
sup,A366,A1480
sup,A366,A1897
sup,A366,A1259
sup,A366,A698
sup,A372,A1884
sup,A372,A634
sup,A372,A1203
sup,A372,A578
sup,A372,A1386
sup,A372,A999
sup,A372,A1545
sup,A372,A995
sup,A372,A837
sup,A372,A1679
sup,A372,A1444
sup,A372,A902
sup,A372,A1341
sup,A372,A502
sup,A372,A311
sup,A372,A1251
sup,A372,A14
sup,A372,A637
sup,A372,A1694
sup,A378,A982
sup,A378,A215
sup,A378,A1396
sup,A378,A1256
sup,A379,A250
sup,A379,A13
sup,A379,A1683
sup,A379,A1858
sup,A379,A220
sup,A379,A78
sup,A379,A731
sup,A379,A925
sup,A379,A1713
sup,A379,A573
sup,A379,A1681
sup,A379,A452
sup,A379,A872
sup,A379,A189
sup,A379,A599
sup,A379,A1832
sup,A379,A873
sup,A379,A841
sup,A379,A33
sup,A379,A875
sup,A380,A573
sup,A380,A955
sup,A383,A1577
sup,A383,A344
sup,A383,A1332
sup,A383,A1876
sup,A383,A215
sup,A383,A814
sup,A383,A1212
sup,A383,A1389
sup,A383,A1807
sup,A383,A1885
sup,A383,A1377
sup,A384,A1665
sup,A386,A1618
sup,A386,A1118
sup,A386,A926
sup,A386,A505
sup,A386,A1578
sup,A386,A1769
sup,A386,A1740
sup,A386,A56
sup,A386,A985
sup,A386,A1239
sup,A386,A1346
sup,A386,A1301
sup,A386,A1138
sup,A386,A556
sup,A386,A234
sup,A386,A562
sup,A386,A1532
sup,A386,A1590
sup,A386,A102
sup,A386,A1362
sup,A390,A454
sup,A390,A2
sup,A390,A427
sup,A390,A194
sup,A390,A1827
sup,A390,A490
sup,A390,A161
sup,A390,A854
sup,A390,A1539
sup,A390,A1028
sup,A390,A1003
sup,A390,A573
sup,A390,A554
sup,A390,A1240
sup,A390,A559
sup,A390,A558
sup,A391,A1086
sup,A391,A839
sup,A391,A159
sup,A391,A1864
sup,A391,A223
sup,A391,A1392
sup,A391,A93
sup,A391,A1520
sup,A391,A557
sup,A391,A410
sup,A391,A568
sup,A391,A152
sup,A391,A42
sup,A391,A978
sup,A391,A1667
sup,A391,A201
sup,A391,A1797
sup,A394,A614
sup,A394,A1488
sup,A394,A1651
sup,A394,A30
sup,A394,A1654
sup,A394,A1218
sup,A394,A399
sup,A394,A755
sup,A394,A270
sup,A394,A1484
sup,A394,A737
sup,A394,A825
sup,A394,A748
sup,A394,A57
sup,A394,A1875
sup,A394,A809
sup,A394,A1095
sup,A394,A548
sup,A394,A1647
sup,A394,A1283
sup,A398,A785
sup,A398,A644
sup,A398,A817
sup,A398,A1623
sup,A398,A272
sup,A398,A1552
sup,A401,A948
sup,A401,A979
sup,A401,A1864
sup,A401,A881
sup,A401,A1189
sup,A401,A1343
sup,A401,A877
sup,A401,A1419
sup,A401,A969
sup,A401,A1752
sup,A401,A689
sup,A401,A290
sup,A401,A547
sup,A401,A751
sup,A401,A233
sup,A401,A1657
sup,A401,A289
sup,A401,A633
sup,A402,A734
sup,A402,A440
sup,A402,A723
sup,A402,A317
sup,A402,A493
sup,A402,A1560
sup,A402,A1506
sup,A402,A290
sup,A403,A505
sup,A403,A1289
sup,A403,A1781
sup,A403,A1219
sup,A404,A1374
sup,A404,A526
sup,A404,A1219
sup,A404,A1326
sup,A404,A140
sup,A404,A629
sup,A404,A1544
sup,A406,A605
sup,A406,A703
sup,A406,A303
sup,A406,A692
sup,A406,A868
sup,A406,A410
sup,A406,A1484
sup,A406,A939
sup,A406,A663
sup,A406,A987
sup,A407,A1361
sup,A407,A1856
sup,A407,A1107
sup,A407,A510
sup,A407,A908
sup,A407,A382
sup,A408,A974
sup,A408,A796
sup,A408,A1515
sup,A408,A635
sup,A408,A520
sup,A408,A349
sup,A408,A156
sup,A408,A1736
sup,A408,A373
sup,A410,A464
sup,A410,A55
sup,A410,A1843
sup,A410,A1094
sup,A410,A865
sup,A410,A1032
sup,A410,A454
sup,A410,A125
sup,A412,A1876
sup,A412,A1404
sup,A412,A1010
sup,A412,A31
sup,A413,A287
sup,A413,A1641
sup,A413,A1660
sup,A413,A1175
sup,A413,A169
sup,A413,A789
sup,A413,A125
sup,A413,A443
sup,A413,A1853
sup,A414,A739
sup,A414,A847
sup,A414,A139
sup,A414,A483
sup,A414,A1216
sup,A414,A1066
sup,A414,A731
sup,A414,A559
sup,A414,A1102
sup,A414,A1867
sup,A417,A413
sup,A417,A1691
sup,A417,A118
sup,A417,A407
sup,A417,A261
sup,A417,A989
sup,A417,A696
sup,A417,A1672
sup,A417,A1171
sup,A417,A1584
sup,A421,A415
sup,A421,A1883
sup,A421,A169
sup,A421,A279
sup,A421,A1222
sup,A421,A1417
sup,A421,A656
sup,A421,A1365
sup,A421,A1744
sup,A421,A1822
sup,A424,A815
sup,A424,A987
sup,A424,A1386
sup,A424,A1559
sup,A424,A1390
sup,A424,A1786
sup,A424,A1506
sup,A424,A482
sup,A424,A1293
sup,A424,A936
sup,A424,A427
sup,A424,A1286
sup,A424,A864
sup,A426,A1393
sup,A426,A1413
sup,A426,A1283
sup,A426,A1234
sup,A426,A1331
sup,A426,A1391
sup,A426,A756
sup,A426,A956
sup,A426,A531
sup,A426,A197
sup,A426,A1187
sup,A426,A1380
sup,A426,A1310
sup,A426,A1449
sup,A426,A1524
sup,A432,A1836
sup,A432,A617
sup,A432,A1160
sup,A432,A1088
sup,A432,A1138
sup,A432,A1785
sup,A432,A1008
sup,A432,A1296
sup,A432,A361
sup,A436,A1850
sup,A436,A77
sup,A436,A693
sup,A436,A366
sup,A436,A1709
sup,A436,A1326
sup,A436,A814
sup,A436,A19
sup,A436,A994
sup,A436,A38
sup,A436,A1840
sup,A436,A1251
sup,A436,A491
sup,A438,A1621
sup,A438,A783
sup,A438,A1774
sup,A438,A1549
sup,A438,A558
sup,A438,A1771
sup,A440,A872
sup,A440,A954
sup,A440,A654
sup,A440,A1880
sup,A440,A1651
sup,A440,A386
sup,A440,A364
sup,A440,A1047
sup,A440,A229
sup,A440,A1133
sup,A440,A474
sup,A440,A739
sup,A440,A337
sup,A440,A1486
sup,A440,A1579
sup,A440,A999
sup,A440,A1453
sup,A440,A706
sup,A440,A30
sup,A440,A1090
sup,A440,A1849
sup,A440,A640
sup,A440,A1441
sup,A442,A1121
sup,A442,A1754
sup,A442,A114
sup,A442,A1099
sup,A442,A395
sup,A442,A7
sup,A442,A866
sup,A442,A979
sup,A442,A1357
sup,A442,A189
sup,A442,A271
sup,A443,A1511
sup,A443,A1478
sup,A443,A246
sup,A443,A1583
sup,A443,A1336
sup,A443,A238
sup,A443,A1280
sup,A443,A70
sup,A447,A1724
sup,A447,A708
sup,A447,A1041
sup,A447,A187
sup,A447,A984
sup,A450,A1582
sup,A450,A435
sup,A450,A892
sup,A450,A517
sup,A450,A302
sup,A450,A1054
sup,A450,A1698
sup,A452,A1568
sup,A452,A768
sup,A452,A956
sup,A452,A1107
sup,A452,A1436
sup,A452,A103
sup,A452,A715
sup,A452,A1621
sup,A452,A245
sup,A452,A977
sup,A454,A0
sup,A454,A1859
sup,A454,A834
sup,A454,A1292
sup,A454,A1592
sup,A454,A381
sup,A454,A1101
sup,A454,A1820
sup,A454,A448
sup,A454,A975
sup,A454,A1551
sup,A454,A376
sup,A454,A794
sup,A454,A1169
sup,A454,A384
sup,A454,A1753
sup,A454,A1698
sup,A454,A1831
sup,A454,A1606
sup,A454,A769
sup,A454,A1602
sup,A454,A733
sup,A454,A838
sup,A455,A1712
sup,A455,A1313
sup,A455,A945
sup,A455,A278
sup,A455,A1439
sup,A455,A1222
sup,A455,A1893
sup,A455,A877
sup,A458,A1007
sup,A458,A1150
sup,A458,A698
sup,A458,A1011
sup,A458,A724
sup,A458,A150
sup,A458,A206
sup,A458,A841
sup,A458,A913
sup,A458,A70
sup,A458,A682
sup,A458,A844
sup,A458,A1151
sup,A458,A1870
sup,A458,A1087
sup,A458,A863
sup,A458,A367
sup,A458,A557
sup,A458,A245
sup,A458,A434
sup,A458,A413
sup,A459,A1643
sup,A459,A870
sup,A459,A1189
sup,A459,A1166
sup,A459,A1587
sup,A459,A592
sup,A459,A1080
sup,A459,A163
sup,A459,A810
sup,A459,A38
sup,A459,A1056
sup,A459,A93
sup,A459,A640
sup,A459,A146
sup,A459,A1499
sup,A459,A1835
sup,A459,A1617
sup,A459,A1784
sup,A459,A273
sup,A460,A1866
sup,A460,A1774
sup,A460,A782
sup,A460,A304
sup,A460,A1266
sup,A460,A1541
sup,A460,A1875
sup,A460,A288
sup,A460,A455
sup,A460,A1837
sup,A460,A1586
sup,A460,A105
sup,A460,A1290
sup,A461,A474
sup,A461,A1695
sup,A461,A1384
sup,A461,A1393
sup,A461,A1275
sup,A461,A1816
sup,A461,A1120
sup,A461,A281
sup,A461,A736
sup,A461,A495
sup,A462,A1609
sup,A462,A1719
sup,A462,A1176
sup,A462,A294
sup,A462,A752
sup,A462,A167
sup,A462,A464
sup,A462,A1308
sup,A462,A579
sup,A462,A1254
sup,A462,A1396
sup,A462,A964
sup,A462,A991
sup,A462,A865
sup,A462,A930
sup,A462,A553
sup,A462,A1483
sup,A463,A1238
sup,A463,A1190
sup,A463,A1021
sup,A463,A1315
sup,A463,A590
sup,A463,A54
sup,A463,A954
sup,A463,A922
sup,A463,A1391
sup,A463,A103
sup,A463,A254
sup,A463,A1467
sup,A463,A395
sup,A463,A1141
sup,A464,A751
sup,A464,A5
sup,A464,A345
sup,A464,A585
sup,A464,A144
sup,A464,A240
sup,A464,A1315
sup,A465,A1180
sup,A465,A435
sup,A467,A917
sup,A467,A99
sup,A467,A266
sup,A467,A1127
sup,A467,A1410
sup,A467,A507
sup,A467,A1452
sup,A467,A150
sup,A467,A218
sup,A467,A893
sup,A467,A1228
sup,A467,A761
sup,A467,A1548
sup,A467,A139
sup,A467,A428
sup,A467,A1619
sup,A468,A725
sup,A468,A750
sup,A468,A1307
sup,A468,A1750
sup,A468,A141
sup,A468,A1202
sup,A468,A1484
sup,A468,A494
sup,A468,A910
sup,A468,A1742
sup,A468,A1036
sup,A468,A1073
sup,A468,A824
sup,A468,A1309
sup,A468,A191
sup,A469,A942
sup,A469,A1429
sup,A469,A99
sup,A469,A685
sup,A469,A1250
sup,A469,A843
sup,A469,A152
sup,A469,A119
sup,A469,A610
sup,A469,A695
sup,A469,A1724
sup,A469,A1590
sup,A469,A1251
sup,A469,A1711
sup,A469,A1649
sup,A469,A481
sup,A469,A546
sup,A469,A1085
sup,A469,A235
sup,A471,A119
sup,A471,A1680
sup,A473,A1652
sup,A473,A1521
sup,A473,A1764
sup,A473,A1694
sup,A473,A495
sup,A473,A438
sup,A473,A1801
sup,A473,A1089
sup,A473,A1833
sup,A473,A1156
sup,A473,A809
sup,A473,A582
sup,A473,A785
sup,A473,A655
sup,A474,A1384
sup,A476,A134
sup,A476,A668
sup,A476,A692
sup,A476,A1882
sup,A476,A1192
sup,A476,A570
sup,A476,A82
sup,A477,A1237
sup,A477,A948
sup,A477,A154
sup,A477,A407
sup,A478,A384
sup,A478,A1197
sup,A478,A67
sup,A478,A382
sup,A478,A1525
sup,A478,A955
sup,A478,A977
sup,A478,A42
sup,A478,A349
sup,A478,A1798
sup,A478,A392
sup,A478,A1110
sup,A478,A693
sup,A478,A1642
sup,A478,A1014
sup,A478,A1050
sup,A478,A409
sup,A479,A492
sup,A479,A964
sup,A479,A417
sup,A479,A544
sup,A479,A1357
sup,A479,A459
sup,A479,A245
sup,A479,A512
sup,A479,A1634
sup,A479,A503
sup,A479,A1169
sup,A479,A1471
sup,A479,A1630
sup,A479,A1053
sup,A479,A350
sup,A479,A131
sup,A479,A623
sup,A480,A1885
sup,A480,A75
sup,A480,A948
sup,A480,A780
sup,A480,A1471
sup,A480,A1812
sup,A480,A690
sup,A480,A39
sup,A480,A476
sup,A480,A358
sup,A480,A1848
sup,A481,A1832
sup,A481,A26
sup,A481,A542
sup,A482,A1896
sup,A482,A221
sup,A482,A237
sup,A482,A1479
sup,A482,A1066
sup,A482,A1184
sup,A482,A1364
sup,A482,A1231
sup,A482,A576
sup,A482,A1289
sup,A484,A315
sup,A484,A1264
sup,A484,A461
sup,A484,A1125
sup,A484,A624
sup,A484,A1856
sup,A484,A445
sup,A484,A930
sup,A484,A235
sup,A484,A316
sup,A484,A842
sup,A484,A1268
sup,A484,A458
sup,A484,A374
sup,A484,A1197
sup,A484,A1157
sup,A484,A1119
sup,A484,A843
sup,A485,A1739
sup,A485,A252
sup,A485,A993
sup,A485,A1493
sup,A485,A1339
sup,A485,A144
sup,A485,A54
sup,A485,A333
sup,A485,A1830
sup,A485,A1887
sup,A485,A1870
sup,A485,A1505
sup,A485,A1066
sup,A485,A1844
sup,A485,A1695
sup,A497,A903
sup,A497,A1185
sup,A497,A1288
sup,A497,A978
sup,A497,A203
sup,A497,A143
sup,A497,A1199
sup,A497,A519
sup,A497,A763
sup,A497,A1170
sup,A497,A1797
sup,A497,A952
sup,A502,A303
sup,A502,A1889
sup,A502,A553
sup,A502,A98
sup,A502,A1614
sup,A502,A1178
sup,A502,A1453
sup,A502,A187
sup,A502,A355
sup,A502,A1691
sup,A502,A599
sup,A502,A1712
sup,A502,A1532
sup,A502,A1252
sup,A503,A1581
sup,A503,A310
sup,A503,A854
sup,A503,A210
sup,A503,A47
sup,A503,A627
sup,A503,A127
sup,A503,A858
sup,A508,A1898
sup,A508,A1197
sup,A508,A449
sup,A508,A1817
sup,A508,A178
sup,A508,A1635
sup,A508,A608
sup,A508,A711
sup,A508,A678
sup,A508,A500
sup,A508,A1036
sup,A508,A572
sup,A508,A136
sup,A508,A1775
sup,A508,A1894
sup,A508,A997
sup,A508,A1765
sup,A508,A96
sup,A508,A777
sup,A508,A603
sup,A508,A1509
sup,A508,A477
sup,A509,A894
sup,A509,A863
sup,A509,A12
sup,A509,A407
sup,A509,A824
sup,A509,A280
sup,A509,A653
sup,A509,A678
sup,A509,A998
sup,A509,A1649
sup,A509,A674
sup,A509,A1137
sup,A509,A962
sup,A509,A1238
sup,A509,A985
sup,A509,A1824
sup,A509,A17
sup,A509,A1607
sup,A511,A783
sup,A511,A728
sup,A514,A535
sup,A514,A663
sup,A514,A235
sup,A514,A125
sup,A514,A1264
sup,A514,A229
sup,A514,A293
sup,A514,A1454
sup,A514,A1721
sup,A514,A1753
sup,A514,A814
sup,A514,A340
sup,A514,A369
sup,A514,A353
sup,A514,A175
sup,A514,A1416
sup,A514,A1095
sup,A514,A1239
sup,A514,A730
sup,A514,A343
sup,A514,A650
sup,A514,A782
sup,A514,A702
sup,A515,A144
sup,A515,A1104
sup,A515,A502
sup,A515,A1207
sup,A515,A783
sup,A515,A341
sup,A515,A128
sup,A515,A1113
sup,A515,A852
sup,A515,A1050
sup,A515,A971
sup,A515,A453
sup,A515,A622
sup,A515,A1459
sup,A515,A720
sup,A515,A1805
sup,A515,A528
sup,A515,A1331
sup,A515,A1102
sup,A515,A464
sup,A515,A99
sup,A515,A1643
sup,A515,A1567
sup,A517,A1590
sup,A517,A973
sup,A517,A1899
sup,A517,A1667
sup,A517,A370
sup,A517,A930
sup,A517,A717
sup,A517,A317
sup,A517,A1364
sup,A517,A1486
sup,A519,A1045
sup,A520,A1869
sup,A520,A814
sup,A520,A910
sup,A520,A1599
sup,A520,A1230
sup,A520,A239
sup,A520,A1563
sup,A520,A792
sup,A520,A1408
sup,A520,A459
sup,A520,A663
sup,A520,A1353
sup,A520,A481
sup,A520,A918
sup,A520,A1296
sup,A520,A1422
sup,A521,A22
sup,A522,A1209
sup,A522,A1838
sup,A522,A870
sup,A522,A1601
sup,A522,A1196
sup,A522,A948
sup,A522,A263
sup,A522,A1853
sup,A522,A425
sup,A522,A1652
sup,A522,A226
sup,A522,A1397
sup,A522,A200
sup,A523,A1021
sup,A523,A1697
sup,A523,A522
sup,A523,A1673
sup,A523,A12
sup,A523,A703
sup,A523,A1410
sup,A523,A1515
sup,A523,A849
sup,A523,A1491
sup,A526,A222
sup,A526,A1689
sup,A526,A834
sup,A526,A541
sup,A526,A1106
sup,A526,A701
sup,A526,A822
sup,A530,A1659
sup,A530,A1253
sup,A533,A1242
sup,A533,A1443
sup,A533,A1039
sup,A533,A1452
sup,A533,A1263
sup,A533,A308
sup,A533,A765
sup,A533,A883
sup,A533,A478
sup,A533,A992
sup,A533,A1853
sup,A533,A1347
sup,A534,A1184
sup,A534,A1710
sup,A534,A1437
sup,A534,A418
sup,A534,A867
sup,A534,A1519
sup,A534,A996
sup,A534,A85
sup,A534,A1759
sup,A534,A1227
sup,A534,A337
sup,A534,A581
sup,A534,A48
sup,A534,A1656
sup,A534,A747
sup,A534,A1040
sup,A534,A1012
sup,A536,A1802
sup,A536,A1186
sup,A536,A1182
sup,A536,A246
sup,A536,A1496
sup,A537,A1624
sup,A537,A1696
sup,A537,A1447
sup,A537,A1373
sup,A537,A1153
sup,A537,A1869
sup,A537,A1166
sup,A537,A1519
sup,A537,A483
sup,A537,A1089
sup,A537,A290
sup,A537,A1359
sup,A537,A1614
sup,A537,A364
sup,A539,A718
sup,A539,A700
sup,A539,A1317
sup,A539,A1366
sup,A539,A1368
sup,A539,A397
sup,A540,A595
sup,A540,A1625
sup,A540,A1346
sup,A540,A1754
sup,A540,A571
sup,A540,A816
sup,A540,A51
sup,A540,A597
sup,A540,A1869
sup,A540,A461
sup,A540,A801
sup,A540,A862
sup,A540,A453
sup,A541,A917
sup,A542,A1286
sup,A542,A1625
sup,A542,A1281
sup,A542,A1536
sup,A542,A547
sup,A542,A996
sup,A542,A1628
sup,A542,A1150
sup,A542,A636
sup,A542,A726
sup,A542,A1132
sup,A544,A310
sup,A544,A972
sup,A544,A1454
sup,A544,A753
sup,A544,A78
sup,A544,A1692
sup,A544,A899
sup,A544,A519
sup,A544,A1105
sup,A544,A1250
sup,A544,A1151
sup,A544,A1437
sup,A544,A1723
sup,A544,A314
sup,A544,A1014
sup,A544,A1017
sup,A544,A936
sup,A544,A1748
sup,A545,A1827
sup,A545,A1430
sup,A545,A1046
sup,A545,A1007
sup,A545,A269
sup,A545,A1151
sup,A545,A248
sup,A545,A309
sup,A545,A923
sup,A545,A884
sup,A545,A946
sup,A548,A1017
sup,A548,A292
sup,A548,A610
sup,A548,A1694
sup,A548,A130
sup,A548,A556
sup,A548,A626
sup,A548,A1499
sup,A548,A483
sup,A548,A603
sup,A548,A842
sup,A548,A124
sup,A548,A427
sup,A548,A936
sup,A549,A1265
sup,A549,A1892
sup,A549,A418
sup,A549,A600
sup,A550,A748
sup,A550,A1897
sup,A550,A764
sup,A550,A203
sup,A550,A1208
sup,A550,A657
sup,A550,A1031
sup,A550,A1486
sup,A550,A891
sup,A550,A1498
sup,A550,A777
sup,A553,A332
sup,A553,A778
sup,A553,A1315
sup,A553,A567
sup,A553,A50
sup,A553,A269
sup,A553,A1475
sup,A553,A258
sup,A553,A532
sup,A553,A479
sup,A553,A294
sup,A553,A1752
sup,A553,A557
sup,A553,A1249
sup,A553,A927
sup,A553,A1759
sup,A553,A652
sup,A553,A1729
sup,A553,A1876
sup,A554,A596
sup,A554,A1872
sup,A554,A798
sup,A554,A1166
sup,A554,A1724
sup,A554,A1470
sup,A555,A336
sup,A555,A698
sup,A555,A1234
sup,A555,A655
sup,A555,A1032
sup,A555,A149
sup,A555,A448
sup,A555,A1030
sup,A555,A1542
sup,A555,A388
sup,A555,A114
sup,A555,A1628
sup,A555,A1341
sup,A555,A1636
sup,A555,A595
sup,A555,A53
sup,A555,A1028
sup,A555,A838
sup,A555,A1495
sup,A555,A94
sup,A555,A1464
sup,A555,A894
sup,A556,A783
sup,A556,A437
sup,A556,A1058
sup,A556,A1595
sup,A559,A121
sup,A559,A478
sup,A559,A1642
sup,A559,A1231
sup,A559,A385
sup,A559,A752
sup,A559,A1217
sup,A559,A1480
sup,A559,A983
sup,A559,A539
sup,A559,A1015
sup,A559,A841
sup,A559,A871
sup,A562,A882
sup,A562,A439
sup,A562,A1775
sup,A562,A1431
sup,A562,A796
sup,A562,A1187
sup,A562,A766
sup,A562,A1679
sup,A562,A1402
sup,A562,A183
sup,A562,A1814
sup,A562,A313
sup,A562,A1506
sup,A562,A1454
sup,A563,A700
sup,A563,A873
sup,A563,A1594
sup,A563,A263
sup,A563,A268
sup,A563,A1769
sup,A563,A1691
sup,A563,A1425
sup,A563,A1797
sup,A563,A1688
sup,A563,A30
sup,A563,A1291
sup,A563,A871
sup,A563,A917
sup,A563,A1713
sup,A563,A850
sup,A563,A1042
sup,A563,A1527
sup,A565,A1258
sup,A565,A1074
sup,A565,A1839
sup,A566,A596
sup,A566,A1231
sup,A566,A784
sup,A566,A1654
sup,A566,A692
sup,A566,A1151
sup,A566,A1889
sup,A566,A97
sup,A566,A372
sup,A566,A1725
sup,A566,A155
sup,A566,A1274
sup,A566,A1747
sup,A568,A1179
sup,A568,A1868
sup,A568,A710
sup,A568,A745
sup,A568,A529
sup,A568,A831
sup,A568,A130
sup,A575,A684
sup,A575,A1034
sup,A575,A40
sup,A575,A806
sup,A575,A1755
sup,A575,A352
sup,A575,A1199
sup,A575,A981
sup,A575,A1296
sup,A575,A1892
sup,A577,A1115
sup,A577,A1642
sup,A577,A380
sup,A577,A461
sup,A577,A309
sup,A579,A903
sup,A579,A1339
sup,A579,A138
sup,A579,A340
sup,A579,A845
sup,A579,A1191
sup,A579,A768
sup,A579,A1798
sup,A579,A812
sup,A579,A750
sup,A580,A1577
sup,A580,A890
sup,A580,A726
sup,A580,A614
sup,A580,A754
sup,A581,A1629
sup,A581,A1883
sup,A581,A1025
sup,A581,A317
sup,A581,A1146
sup,A581,A181
sup,A581,A537
sup,A581,A566
sup,A582,A1533
sup,A582,A1766
sup,A582,A1106
sup,A582,A1406
sup,A582,A614
sup,A582,A876
sup,A586,A1402
sup,A586,A426
sup,A586,A209
sup,A586,A355
sup,A586,A1189
sup,A586,A1211
sup,A586,A64
sup,A586,A115
sup,A586,A63
sup,A586,A1764
sup,A586,A468
sup,A586,A622
sup,A586,A149
sup,A586,A1295
sup,A588,A560
sup,A588,A1075
sup,A588,A309
sup,A588,A669
sup,A588,A3
sup,A588,A912
sup,A588,A433
sup,A588,A1875
sup,A588,A1230
sup,A588,A1158
sup,A588,A1318
sup,A588,A712
sup,A588,A767
sup,A588,A668
sup,A588,A1661
sup,A588,A212
sup,A588,A1776
sup,A588,A1816
sup,A588,A1563
sup,A588,A1827
sup,A588,A810
sup,A588,A1168
sup,A588,A740
sup,A588,A44
sup,A589,A906
sup,A589,A817
sup,A589,A1421
sup,A589,A597
sup,A589,A1824
sup,A589,A1740
sup,A589,A345
sup,A589,A233
sup,A589,A508
sup,A589,A1893
sup,A589,A469
sup,A589,A1547
sup,A589,A450
sup,A589,A1794
sup,A589,A621
sup,A591,A353
sup,A591,A284
sup,A591,A1541
sup,A593,A666
sup,A593,A217
sup,A593,A315
sup,A593,A1538
sup,A593,A1507
sup,A593,A36
sup,A593,A795
sup,A593,A686
sup,A593,A698
sup,A593,A509
sup,A593,A1769
sup,A593,A1469
sup,A593,A4
sup,A593,A1466
sup,A593,A1006
sup,A593,A1399
sup,A593,A977
sup,A593,A178
sup,A593,A864
sup,A593,A845
sup,A593,A1412
sup,A595,A1840
sup,A596,A1650
sup,A596,A549
sup,A596,A896
sup,A596,A69
sup,A596,A211
sup,A596,A202
sup,A596,A64
sup,A596,A704
sup,A596,A679
sup,A596,A26
sup,A596,A795
sup,A596,A1722
sup,A596,A754
sup,A596,A191
sup,A596,A1751
sup,A596,A1267
sup,A598,A43
sup,A598,A129
sup,A598,A1860
sup,A598,A1495
sup,A598,A184
sup,A598,A1693
sup,A598,A1528
sup,A598,A1730
sup,A598,A770
sup,A598,A1392
sup,A598,A1215
sup,A598,A996
sup,A598,A1625
sup,A598,A908
sup,A598,A1503
sup,A598,A6
sup,A598,A792
sup,A598,A718
sup,A599,A1174
sup,A599,A1060
sup,A599,A1811
sup,A599,A500
sup,A599,A526
sup,A599,A468
sup,A599,A1275
sup,A599,A486
sup,A599,A1147
sup,A599,A370
sup,A599,A780
sup,A599,A1303
sup,A599,A1394
sup,A599,A187
sup,A599,A1592
sup,A599,A1251
sup,A599,A1487
sup,A599,A1054
sup,A600,A284
sup,A600,A358
sup,A600,A1840
sup,A600,A562
sup,A600,A1693
sup,A600,A627
sup,A600,A1030
sup,A600,A1733
sup,A600,A722
sup,A600,A326
sup,A600,A1551
sup,A600,A138
sup,A600,A824
sup,A600,A1458
sup,A600,A1515
sup,A600,A954
sup,A600,A723
sup,A600,A1619
sup,A600,A994
sup,A601,A765
sup,A601,A1413
sup,A601,A151
sup,A601,A1387
sup,A601,A426
sup,A601,A856
sup,A601,A1073
sup,A601,A941
sup,A602,A1884
sup,A602,A1353
sup,A602,A529
sup,A602,A1690
sup,A602,A969
sup,A602,A34
sup,A602,A1304
sup,A602,A396
sup,A602,A1518
sup,A602,A1243
sup,A602,A1688
sup,A602,A1555
sup,A603,A1630
sup,A603,A51
sup,A603,A1723
sup,A603,A1654
sup,A603,A1610
sup,A603,A1175
sup,A603,A360
sup,A603,A537
sup,A604,A1274
sup,A604,A352
sup,A604,A843
sup,A604,A670
sup,A604,A535
sup,A604,A1736
sup,A604,A1562
sup,A604,A995
sup,A604,A1197
sup,A605,A1013
sup,A605,A20
sup,A606,A23
sup,A606,A568
sup,A606,A289
sup,A606,A968
sup,A606,A692
sup,A606,A1552
sup,A606,A1203
sup,A606,A1677
sup,A606,A1005
sup,A607,A481
sup,A607,A161
sup,A611,A1122
sup,A611,A1013
sup,A611,A1164
sup,A611,A881
sup,A611,A397
sup,A611,A1144
sup,A611,A153
sup,A611,A229
sup,A611,A1846
sup,A611,A54
sup,A611,A285
sup,A611,A1029
sup,A611,A642
sup,A611,A465
sup,A613,A685
sup,A613,A660
sup,A613,A1458
sup,A613,A639
sup,A613,A1865
sup,A613,A213
sup,A614,A1267
sup,A614,A1193
sup,A614,A309
sup,A614,A238
sup,A617,A1343
sup,A620,A1304
sup,A620,A678
sup,A620,A1884
sup,A620,A586
sup,A620,A1682
sup,A620,A870
sup,A620,A1260
sup,A620,A1824
sup,A620,A1680
sup,A620,A1867
sup,A620,A784
sup,A620,A798
sup,A620,A751
sup,A620,A338
sup,A620,A1817
sup,A620,A1028
sup,A620,A1353
sup,A620,A1189
sup,A620,A1210
sup,A620,A98
sup,A620,A1313
sup,A620,A727
sup,A620,A1790
sup,A621,A382
sup,A621,A682
sup,A621,A183
sup,A621,A922
sup,A621,A1768
sup,A621,A59
sup,A621,A1407
sup,A621,A72
sup,A621,A1892
sup,A621,A849
sup,A621,A4
sup,A621,A408
sup,A621,A837
sup,A621,A1579
sup,A621,A1374
sup,A621,A1794
sup,A621,A668
sup,A622,A146
sup,A622,A1097
sup,A622,A1388
sup,A622,A1247
sup,A622,A1309
sup,A622,A573
sup,A622,A1278
sup,A622,A365
sup,A622,A414
sup,A622,A459
sup,A622,A584
sup,A622,A1498
sup,A622,A291
sup,A622,A1389
sup,A622,A1132
sup,A622,A1534
sup,A622,A1665
sup,A622,A125
sup,A622,A293
sup,A623,A1030
sup,A623,A1802
sup,A623,A1722
sup,A623,A1445
sup,A623,A1032
sup,A623,A1773
sup,A623,A197
sup,A623,A1264
sup,A623,A563
sup,A623,A1019
sup,A623,A380
sup,A623,A1064
sup,A623,A1140
sup,A623,A906
sup,A623,A414
sup,A623,A1209
sup,A623,A909
sup,A626,A1597
sup,A626,A613
sup,A626,A230
sup,A626,A242
sup,A626,A1036
sup,A626,A1819
sup,A626,A654
sup,A626,A1086
sup,A626,A1207
sup,A629,A1899
sup,A629,A167
sup,A632,A348
sup,A632,A437
sup,A632,A890
sup,A632,A56
sup,A632,A847
sup,A632,A1213
sup,A632,A686
sup,A632,A1597
sup,A632,A146
sup,A632,A1011
sup,A632,A222
sup,A632,A322
sup,A632,A523
sup,A632,A629
sup,A632,A581
sup,A632,A224
sup,A632,A1755
sup,A634,A1043
sup,A638,A1314
sup,A638,A1805
sup,A638,A1525
sup,A638,A467
sup,A638,A817
sup,A638,A1325
sup,A640,A141
sup,A640,A1007
sup,A640,A836
sup,A640,A1331
sup,A640,A506
sup,A642,A771
sup,A642,A422
sup,A642,A407
sup,A642,A1419
sup,A642,A223
sup,A642,A1495
sup,A643,A49
sup,A643,A699
sup,A643,A500
sup,A643,A1184
sup,A643,A554
sup,A643,A1623
sup,A643,A1397
sup,A643,A210
sup,A644,A1830
sup,A644,A1558
sup,A645,A1093
sup,A645,A429
sup,A645,A468
sup,A645,A961
sup,A645,A53
sup,A645,A973
sup,A645,A1546
sup,A645,A403
sup,A645,A114
sup,A645,A291
sup,A645,A867
sup,A645,A1881
sup,A645,A243
sup,A645,A848
sup,A645,A1016
sup,A645,A78
sup,A645,A1533
sup,A645,A1222
sup,A645,A1619
sup,A645,A25
sup,A645,A1763
sup,A645,A170
sup,A646,A1701
sup,A646,A939
sup,A646,A1152
sup,A646,A844
sup,A646,A1366
sup,A646,A1224
sup,A646,A989
sup,A646,A1247
sup,A646,A352
sup,A646,A827
sup,A646,A1872
sup,A646,A1144
sup,A646,A1364
sup,A646,A1333
sup,A646,A1833
sup,A646,A1242
sup,A646,A1551
sup,A646,A519
sup,A646,A1043
sup,A648,A1241
sup,A648,A951
sup,A648,A166
sup,A648,A1798
sup,A648,A1695
sup,A648,A1177
sup,A648,A1515
sup,A648,A1429
sup,A648,A1308
sup,A648,A1150
sup,A648,A1810
sup,A648,A1031
sup,A648,A785
sup,A648,A1283
sup,A648,A960
sup,A648,A302
sup,A648,A1523
sup,A648,A354
sup,A648,A336
sup,A648,A1393
sup,A648,A1874
sup,A648,A1050
sup,A650,A1629
sup,A650,A330
sup,A650,A1283
sup,A650,A294
sup,A650,A997
sup,A650,A522
sup,A650,A742
sup,A650,A1384
sup,A650,A1725
sup,A650,A439
sup,A650,A566
sup,A650,A1067
sup,A650,A1667
sup,A650,A1258
sup,A650,A499
sup,A654,A335
sup,A654,A1260
sup,A654,A554
sup,A654,A899
sup,A654,A1289
sup,A654,A1678
sup,A654,A285
sup,A654,A316
sup,A654,A476
sup,A654,A233
sup,A654,A1238
sup,A654,A971
sup,A654,A772
sup,A654,A701
sup,A654,A410
sup,A654,A87
sup,A655,A1567
sup,A655,A1155
sup,A655,A461
sup,A655,A1279
sup,A655,A1505
sup,A655,A512
sup,A655,A451
sup,A655,A223
sup,A655,A1028
sup,A655,A601
sup,A655,A362
sup,A655,A710
sup,A655,A266
sup,A655,A699
sup,A655,A798
sup,A655,A1816
sup,A655,A1593
sup,A655,A1676
sup,A655,A478
sup,A655,A906
sup,A655,A835
sup,A655,A1827
sup,A655,A679
sup,A655,A1203
sup,A655,A1502
sup,A655,A1190
sup,A658,A812
sup,A658,A97
sup,A658,A1874
sup,A658,A435
sup,A658,A649
sup,A658,A1638
sup,A658,A109
sup,A658,A949
sup,A658,A1104
sup,A658,A1652
sup,A658,A717
sup,A658,A365
sup,A658,A724
sup,A658,A767
sup,A658,A1876
sup,A661,A1768
sup,A661,A944
sup,A661,A575
sup,A661,A278
sup,A661,A1009
sup,A661,A226
sup,A661,A1639
sup,A661,A1193
sup,A661,A1898
sup,A661,A1698
sup,A661,A113
sup,A661,A1661
sup,A661,A1652
sup,A661,A966
sup,A661,A1223
sup,A661,A1089
sup,A661,A792
sup,A661,A674
sup,A661,A1158
sup,A661,A198
sup,A661,A566
sup,A661,A106
sup,A661,A915
sup,A661,A394
sup,A661,A190
sup,A661,A1266
sup,A661,A715
sup,A663,A132
sup,A663,A69
sup,A663,A1132
sup,A663,A761
sup,A663,A1608
sup,A663,A920
sup,A663,A397
sup,A663,A128
sup,A663,A1441
sup,A663,A770
sup,A663,A178
sup,A663,A402
sup,A663,A1186
sup,A664,A935
sup,A664,A1170
sup,A664,A474
sup,A664,A1412
sup,A664,A1631
sup,A664,A725
sup,A664,A1698
sup,A664,A1056
sup,A664,A683
sup,A664,A1194
sup,A664,A1790
sup,A664,A934
sup,A664,A472
sup,A664,A1369
sup,A664,A919
sup,A664,A268
sup,A664,A853
sup,A664,A1072
sup,A664,A262
sup,A664,A978
sup,A664,A1613
sup,A665,A1721
sup,A665,A1253
sup,A665,A1506
sup,A665,A1273
sup,A665,A527
sup,A665,A1541
sup,A665,A1873
sup,A665,A114
sup,A665,A1226
sup,A665,A1293
sup,A666,A1582
sup,A666,A1790
sup,A666,A805
sup,A666,A526
sup,A666,A174
sup,A666,A1223
sup,A666,A1429
sup,A666,A1682
sup,A666,A1556
sup,A666,A727
sup,A666,A1267
sup,A666,A1799
sup,A666,A523
sup,A666,A1292
sup,A666,A703
sup,A666,A409
sup,A666,A55
sup,A666,A445
sup,A666,A100
sup,A666,A615
sup,A666,A662
sup,A666,A226
sup,A666,A1706
sup,A666,A1179
sup,A667,A304
sup,A667,A1210
sup,A667,A611
sup,A667,A1024
sup,A667,A227
sup,A667,A1675
sup,A667,A1668
sup,A667,A1340
sup,A667,A646
sup,A668,A535
sup,A668,A1591
sup,A668,A750
sup,A668,A997
sup,A668,A1163
sup,A668,A555
sup,A668,A1550
sup,A668,A1112
sup,A668,A414
sup,A668,A1638
sup,A668,A571
sup,A668,A476
sup,A668,A722
sup,A668,A508
sup,A668,A1703
sup,A668,A1795
sup,A668,A1399
sup,A668,A829
sup,A668,A754
sup,A668,A317
sup,A669,A740
sup,A669,A362
sup,A669,A235
sup,A669,A917
sup,A669,A388
sup,A669,A1142
sup,A670,A1421
sup,A670,A538
sup,A670,A337
sup,A670,A1433
sup,A670,A1632
sup,A670,A384
sup,A670,A843
sup,A670,A247
sup,A670,A506
sup,A670,A959
sup,A672,A559
sup,A672,A1456
sup,A672,A156
sup,A672,A1858
sup,A672,A47
sup,A672,A131
sup,A672,A1116
sup,A672,A906
sup,A672,A163
sup,A672,A1230
sup,A672,A922
sup,A672,A903
sup,A673,A1294
sup,A673,A8
sup,A673,A13
sup,A673,A1227
sup,A673,A68
sup,A673,A1551
sup,A673,A997
sup,A673,A1624
sup,A673,A1554
sup,A673,A1770
sup,A676,A104
sup,A676,A1673
sup,A677,A1555
sup,A677,A628
sup,A677,A765
sup,A677,A1500
sup,A677,A2
sup,A677,A352
sup,A677,A476
sup,A677,A1004
sup,A677,A1208
sup,A677,A1893
sup,A677,A547
sup,A677,A1312
sup,A677,A798
sup,A679,A340
sup,A679,A394
sup,A679,A678
sup,A679,A1812
sup,A679,A1497
sup,A679,A203
sup,A679,A1897
sup,A679,A1866
sup,A679,A10
sup,A679,A1042
sup,A680,A725
sup,A680,A278
sup,A680,A114
sup,A680,A1345
sup,A680,A562
sup,A680,A1585
sup,A680,A1404
sup,A680,A207
sup,A680,A1075
sup,A680,A407
sup,A680,A647
sup,A680,A428
sup,A680,A1242
sup,A680,A1087
sup,A680,A43
sup,A680,A1570
sup,A680,A627
sup,A680,A691
sup,A680,A383
sup,A680,A502
sup,A681,A331
sup,A681,A688
sup,A681,A533
sup,A682,A140
sup,A682,A69
sup,A682,A1822
sup,A683,A91
sup,A683,A522
sup,A683,A1023
sup,A683,A1880
sup,A683,A394
sup,A683,A1451
sup,A683,A1738
sup,A683,A121
sup,A683,A1267
sup,A683,A1629
sup,A683,A821
sup,A683,A1037
sup,A684,A1888
sup,A684,A1400
sup,A684,A1146
sup,A684,A184
sup,A684,A1217
sup,A684,A1184
sup,A684,A1682
sup,A684,A758
sup,A684,A1591
sup,A685,A834
sup,A685,A181
sup,A692,A1733
sup,A692,A1501
sup,A692,A491
sup,A692,A364
sup,A692,A32
sup,A692,A794
sup,A692,A332
sup,A692,A1876
sup,A692,A137
sup,A692,A603
sup,A692,A409
sup,A692,A1596
sup,A692,A317
sup,A694,A1196
sup,A694,A497
sup,A694,A1092
sup,A694,A11
sup,A694,A571
sup,A694,A1215
sup,A695,A787
sup,A695,A812
sup,A695,A1160
sup,A695,A1283
sup,A695,A1225
sup,A695,A1006
sup,A696,A1644
sup,A696,A169
sup,A697,A1740
sup,A697,A365
sup,A697,A633
sup,A697,A829
sup,A697,A1477
sup,A697,A288
sup,A697,A21
sup,A697,A1184
sup,A697,A1515
sup,A697,A590
sup,A697,A268
sup,A700,A912
sup,A700,A767
sup,A700,A1242
sup,A700,A1182
sup,A700,A330
sup,A700,A1113
sup,A700,A1075
sup,A700,A742
sup,A700,A1029
sup,A700,A1012
sup,A700,A1692
sup,A700,A440
sup,A700,A1260
sup,A700,A712
sup,A703,A404
sup,A703,A1406
sup,A703,A672
sup,A703,A1559
sup,A703,A407
sup,A703,A1683
sup,A703,A1385
sup,A703,A1354
sup,A703,A303
sup,A703,A426
sup,A703,A1301
sup,A703,A596
sup,A703,A631
sup,A703,A1279
sup,A703,A212
sup,A703,A1810
sup,A703,A367
sup,A703,A10
sup,A703,A1645
sup,A703,A204
sup,A703,A1897
sup,A703,A72
sup,A706,A1466
sup,A706,A1561
sup,A706,A1314
sup,A706,A1415
sup,A706,A1305
sup,A706,A565
sup,A707,A1230
sup,A707,A749
sup,A707,A1160
sup,A707,A1686
sup,A707,A163
sup,A707,A802
sup,A707,A172
sup,A707,A389
sup,A707,A460
sup,A707,A1671
sup,A713,A306
sup,A713,A1330
sup,A713,A797
sup,A713,A1475
sup,A713,A1549
sup,A713,A437
sup,A713,A1524
sup,A713,A135
sup,A713,A948
sup,A713,A1179
sup,A713,A954
sup,A713,A916
sup,A713,A222
sup,A713,A1875
sup,A713,A956
sup,A713,A498
sup,A713,A1427
sup,A713,A186
sup,A717,A1065
sup,A717,A748
sup,A717,A301
sup,A717,A1197
sup,A717,A1715
sup,A717,A1140
sup,A717,A873
sup,A719,A128
sup,A719,A1673
sup,A719,A1293
sup,A719,A262
sup,A719,A1424
sup,A719,A1750
sup,A719,A1434
sup,A719,A1782
sup,A719,A1436
sup,A719,A535
sup,A719,A442
sup,A719,A1384
sup,A719,A1740
sup,A719,A555
sup,A719,A1194
sup,A719,A1429
sup,A719,A1873
sup,A719,A886
sup,A720,A147
sup,A720,A197
sup,A720,A731
sup,A720,A158
sup,A720,A1308
sup,A720,A726
sup,A720,A931
sup,A720,A1476
sup,A720,A1214
sup,A720,A1647
sup,A720,A204
sup,A720,A28
sup,A720,A1491
sup,A720,A1542
sup,A720,A223
sup,A720,A933
sup,A720,A1839
sup,A720,A1096
sup,A720,A717
sup,A720,A1255
sup,A720,A1433
sup,A720,A74
sup,A720,A337
sup,A720,A355
sup,A727,A702
sup,A727,A763
sup,A727,A1594
sup,A727,A1855
sup,A727,A1685
sup,A727,A527
sup,A727,A1346
sup,A727,A1416
sup,A727,A1753
sup,A727,A1537
sup,A727,A1256
sup,A727,A395
sup,A727,A1391
sup,A727,A137
sup,A727,A217
sup,A729,A944
sup,A729,A995
sup,A729,A1752
sup,A729,A33
sup,A729,A453
sup,A729,A514
sup,A729,A299
sup,A729,A684
sup,A729,A805
sup,A729,A1605
sup,A729,A1431
sup,A729,A1764
sup,A729,A1024
sup,A729,A105
sup,A729,A938
sup,A729,A1725
sup,A729,A1705
sup,A729,A1775
sup,A729,A1456
sup,A729,A1829
sup,A729,A912
sup,A729,A1645
sup,A731,A1777
sup,A731,A774
sup,A731,A943
sup,A731,A1762
sup,A731,A1114
sup,A733,A443
sup,A733,A540
sup,A733,A496
sup,A733,A1643
sup,A733,A349
sup,A733,A1816
sup,A733,A1421
sup,A734,A1703
sup,A740,A1449
sup,A740,A431
sup,A740,A1034
sup,A740,A613
sup,A740,A390
sup,A740,A429
sup,A740,A92
sup,A740,A1392
sup,A743,A1873
sup,A743,A245
sup,A743,A1042
sup,A743,A945
sup,A743,A694
sup,A743,A1242
sup,A743,A1716
sup,A743,A1674
sup,A743,A1610
sup,A743,A259
sup,A743,A275
sup,A743,A1511
sup,A743,A1095
sup,A743,A523
sup,A743,A1793
sup,A743,A1009
sup,A748,A269
sup,A748,A236
sup,A750,A1721
sup,A750,A1501
sup,A750,A549
sup,A750,A237
sup,A750,A268
sup,A750,A1512
sup,A750,A357
sup,A750,A201
sup,A751,A1710
sup,A751,A990
sup,A751,A228
sup,A751,A816
sup,A751,A0
sup,A751,A765
sup,A751,A860
sup,A751,A879
sup,A751,A997
sup,A751,A875
sup,A751,A1586
sup,A751,A408
sup,A751,A121
sup,A751,A519
sup,A751,A1263
sup,A751,A956
sup,A751,A1862
sup,A751,A1317
sup,A751,A701
sup,A751,A270
sup,A751,A78
sup,A751,A333
sup,A755,A398
sup,A755,A935
sup,A755,A338
sup,A757,A1210
sup,A757,A1344
sup,A757,A734
sup,A757,A262
sup,A757,A635
sup,A757,A518
sup,A757,A606
sup,A757,A1288
sup,A757,A78
sup,A757,A1503
sup,A757,A833
sup,A757,A1538
sup,A757,A1036
sup,A757,A1891
sup,A757,A1839
sup,A758,A443
sup,A758,A1221
sup,A758,A1280
sup,A758,A1063
sup,A758,A1017
sup,A758,A1202
sup,A758,A763
sup,A758,A740
sup,A758,A1784
sup,A758,A1555
sup,A758,A1413
sup,A764,A290
sup,A764,A642
sup,A764,A476
sup,A764,A1452
sup,A764,A434
sup,A764,A30
sup,A764,A1019
sup,A764,A1341
sup,A764,A470
sup,A764,A1364
sup,A764,A287
sup,A764,A1645
sup,A764,A821
sup,A765,A1193
sup,A765,A27
sup,A766,A795
sup,A766,A1272
sup,A766,A146
sup,A766,A954
sup,A766,A1067
sup,A766,A840
sup,A766,A1658
sup,A766,A1536
sup,A766,A162
sup,A766,A1115
sup,A766,A1675
sup,A766,A1287
sup,A766,A18
sup,A766,A521
sup,A766,A0
sup,A766,A1358
sup,A766,A551
sup,A766,A1597
sup,A766,A402
sup,A766,A270
sup,A766,A1182
sup,A770,A620
sup,A770,A1668
sup,A770,A1727
sup,A770,A1608
sup,A770,A1761
sup,A770,A1252
sup,A770,A1885
sup,A771,A1876
sup,A771,A523
sup,A771,A1037
sup,A771,A754
sup,A771,A1391
sup,A771,A9
sup,A771,A1429
sup,A771,A1155
sup,A771,A1552
sup,A772,A503
sup,A773,A603
sup,A773,A1762
sup,A773,A210
sup,A775,A601
sup,A775,A1490
sup,A775,A1142
sup,A776,A1029
sup,A776,A893
sup,A776,A100
sup,A776,A674
sup,A778,A91
sup,A778,A125
sup,A778,A107
sup,A778,A1473
sup,A778,A1691
sup,A778,A1170
sup,A778,A1125
sup,A778,A138
sup,A778,A100
sup,A778,A839
sup,A778,A325
sup,A778,A526
sup,A780,A309
sup,A780,A1222
sup,A780,A1158
sup,A780,A269
sup,A780,A1305
sup,A780,A1390
sup,A780,A63
sup,A780,A824
sup,A780,A217
sup,A780,A845
sup,A780,A908
sup,A782,A1368
sup,A782,A530
sup,A782,A960
sup,A782,A1812
sup,A782,A87
sup,A782,A1297
sup,A782,A245
sup,A782,A1620
sup,A782,A768
sup,A783,A749
sup,A783,A797
sup,A783,A825
sup,A784,A560
sup,A784,A417
sup,A784,A774
sup,A784,A396
sup,A784,A1064
sup,A784,A1390
sup,A784,A830
sup,A784,A337
sup,A784,A871
sup,A784,A901
sup,A784,A1262
sup,A784,A212
sup,A784,A1521
sup,A784,A480
sup,A784,A1440
sup,A784,A1342
sup,A784,A1386
sup,A784,A1833
sup,A784,A1196
sup,A787,A856
sup,A787,A1809
sup,A787,A175
sup,A787,A1517
sup,A787,A1076
sup,A787,A1303
sup,A787,A1443
sup,A787,A71
sup,A787,A376
sup,A787,A1793
sup,A787,A34
sup,A787,A1327
sup,A787,A1527
sup,A787,A1015
sup,A787,A219
sup,A787,A231
sup,A787,A1001
sup,A787,A777
sup,A788,A202
sup,A788,A1241
sup,A788,A1764
sup,A788,A188
sup,A788,A925
sup,A788,A1796
sup,A788,A870
sup,A790,A1329
sup,A790,A868
sup,A790,A575
sup,A790,A258
sup,A790,A250
sup,A793,A790
sup,A793,A1840
sup,A793,A1484
sup,A794,A1149
sup,A794,A271
sup,A794,A1520
sup,A795,A1753
sup,A795,A295
sup,A795,A853
sup,A795,A1085
sup,A795,A539
sup,A795,A173
sup,A795,A663
sup,A795,A127
sup,A795,A195
sup,A795,A1287
sup,A795,A1078
sup,A804,A292
sup,A804,A49
sup,A804,A1882
sup,A804,A1803
sup,A804,A338
sup,A804,A1374
sup,A805,A1303
sup,A805,A1779
sup,A805,A982
sup,A805,A1290
sup,A805,A1042
sup,A805,A499
sup,A805,A906
sup,A805,A1409
sup,A805,A200
sup,A805,A1633
sup,A805,A347
sup,A805,A801
sup,A805,A96
sup,A805,A528
sup,A805,A702
sup,A805,A1181
sup,A805,A670
sup,A805,A12
sup,A805,A723
sup,A805,A1017
sup,A806,A701
sup,A806,A327
sup,A806,A740
sup,A806,A384
sup,A806,A447
sup,A806,A1769
sup,A806,A652
sup,A806,A666
sup,A806,A1387
sup,A806,A1374
sup,A806,A1680
sup,A806,A1652
sup,A806,A1730
sup,A808,A1234
sup,A808,A1009
sup,A808,A812
sup,A808,A1876
sup,A808,A197
sup,A808,A1805
sup,A808,A753
sup,A808,A862
sup,A808,A1261
sup,A808,A494
sup,A811,A450
sup,A811,A1403
sup,A811,A727
sup,A811,A472
sup,A811,A1091
sup,A811,A497
sup,A811,A1442
sup,A811,A1100
sup,A811,A490
sup,A811,A1614
sup,A811,A116
sup,A811,A1862
sup,A812,A1811
sup,A812,A988
sup,A812,A1265
sup,A813,A410
sup,A813,A725
sup,A819,A1339
sup,A819,A883
sup,A819,A376
sup,A819,A76
sup,A819,A94
sup,A819,A892
sup,A819,A1078
sup,A819,A1793
sup,A819,A1870
sup,A819,A3
sup,A819,A1844
sup,A819,A1112
sup,A819,A1822
sup,A819,A452
sup,A819,A437
sup,A819,A162
sup,A819,A1821
sup,A819,A689
sup,A819,A786
sup,A819,A411
sup,A819,A1077
sup,A819,A561
sup,A819,A1679
sup,A820,A584
sup,A820,A1457
sup,A820,A891
sup,A820,A1004
sup,A820,A1242
sup,A820,A1273
sup,A820,A622
sup,A820,A1090
sup,A820,A352
sup,A820,A1146
sup,A820,A960
sup,A820,A1861
sup,A820,A1758
sup,A820,A1715
sup,A820,A1617
sup,A820,A155
sup,A820,A1535
sup,A823,A1817
sup,A823,A958
sup,A823,A1340
sup,A823,A906
sup,A823,A763
sup,A823,A1346
sup,A823,A160
sup,A823,A1493
sup,A825,A1864
sup,A825,A360
sup,A825,A103
sup,A825,A824
sup,A825,A1343
sup,A825,A1070
sup,A825,A259
sup,A825,A1092
sup,A825,A1146
sup,A825,A988
sup,A825,A797
sup,A825,A1049
sup,A826,A1527
sup,A826,A862
sup,A826,A260
sup,A826,A403
sup,A826,A472
sup,A826,A1811
sup,A826,A436
sup,A826,A463
sup,A826,A1879
sup,A826,A696
sup,A826,A1499
sup,A826,A551
sup,A826,A1376
sup,A826,A1701
sup,A826,A1727
sup,A826,A613
sup,A826,A487
sup,A826,A1238
sup,A826,A390
sup,A826,A1598
sup,A829,A494
sup,A831,A945
sup,A831,A933
sup,A831,A1514
sup,A831,A827
sup,A831,A914
sup,A831,A1157
sup,A831,A835
sup,A831,A1643
sup,A831,A1725
sup,A831,A540
sup,A831,A245
sup,A831,A772
sup,A831,A1371
sup,A831,A357
sup,A831,A887
sup,A832,A78
sup,A832,A986
sup,A832,A1406
sup,A832,A1116
sup,A832,A1015
sup,A832,A929
sup,A832,A1061
sup,A832,A1494
sup,A832,A1826
sup,A832,A1133
sup,A832,A825
sup,A832,A814
sup,A832,A1085
sup,A832,A1346
sup,A832,A1221
sup,A832,A959
sup,A832,A935
sup,A832,A876
sup,A832,A1634
sup,A832,A1091
sup,A835,A220
sup,A835,A1867
sup,A835,A823
sup,A835,A468
sup,A835,A1390
sup,A835,A1143
sup,A835,A485
sup,A835,A1313
sup,A835,A840
sup,A835,A349
sup,A835,A268
sup,A835,A305
sup,A835,A763
sup,A835,A1570
sup,A835,A1051
sup,A835,A756
sup,A835,A1194
sup,A835,A668
sup,A835,A1448
sup,A835,A168
sup,A835,A396
sup,A835,A1295
sup,A835,A1817
sup,A835,A828
sup,A837,A809
sup,A837,A939
sup,A838,A1612
sup,A838,A1523
sup,A838,A608
sup,A838,A1153
sup,A838,A1526
sup,A838,A1569
sup,A838,A533
sup,A838,A539
sup,A838,A124
sup,A840,A1826
sup,A840,A1854
sup,A840,A1386
sup,A840,A513
sup,A843,A63
sup,A843,A313
sup,A843,A853
sup,A843,A1231
sup,A843,A1834
sup,A843,A1451
sup,A843,A347
sup,A843,A1119
sup,A843,A1245
sup,A843,A937
sup,A843,A432
sup,A843,A540
sup,A843,A18
sup,A843,A1536
sup,A843,A670
sup,A843,A1354
sup,A843,A1424
sup,A843,A280
sup,A843,A214
sup,A843,A1207
sup,A843,A1202
sup,A843,A1143
sup,A844,A1806
sup,A844,A1560
sup,A844,A1751
sup,A844,A397
sup,A844,A20
sup,A844,A152
sup,A844,A105
sup,A844,A1853
sup,A844,A1810
sup,A844,A1363
sup,A844,A1421
sup,A847,A934
sup,A847,A455
sup,A847,A1759
sup,A847,A1697
sup,A847,A448
sup,A847,A697
sup,A847,A1712
sup,A847,A1374
sup,A847,A809
sup,A847,A753
sup,A847,A334
sup,A847,A1770
sup,A848,A203
sup,A848,A431
sup,A848,A433
sup,A848,A762
sup,A848,A15
sup,A848,A1284
sup,A848,A753
sup,A848,A1259
sup,A848,A630
sup,A848,A141
sup,A848,A1630
sup,A848,A25
sup,A848,A96
sup,A848,A1888
sup,A848,A1735
sup,A848,A259
sup,A848,A1304
sup,A848,A1298
sup,A848,A1724
sup,A849,A1082
sup,A849,A146
sup,A849,A116
sup,A849,A1340
sup,A849,A1116
sup,A849,A445
sup,A849,A790
sup,A849,A1062
sup,A849,A1304
sup,A849,A115
sup,A849,A1194
sup,A849,A168
sup,A849,A350
sup,A857,A614
sup,A857,A83
sup,A857,A43
sup,A857,A26
sup,A857,A401
sup,A857,A1842
sup,A857,A582
sup,A859,A665
sup,A859,A1494
sup,A859,A1815
sup,A859,A324
sup,A859,A1011
sup,A859,A1223
sup,A859,A445
sup,A859,A872
sup,A861,A1181
sup,A861,A1511
sup,A861,A264
sup,A861,A1078
sup,A861,A828
sup,A861,A984
sup,A861,A1157
sup,A861,A538
sup,A861,A74
sup,A861,A1496
sup,A861,A151
sup,A861,A1655
sup,A861,A1219
sup,A861,A1132
sup,A861,A1639
sup,A861,A1724
sup,A861,A587
sup,A861,A1634
sup,A861,A460
sup,A865,A1548
sup,A865,A1701
sup,A865,A574
sup,A865,A1398
sup,A865,A1460
sup,A865,A1805
sup,A865,A377
sup,A865,A1876
sup,A865,A1370
sup,A865,A379
sup,A865,A1680
sup,A865,A76
sup,A865,A589
sup,A865,A1261
sup,A865,A290
sup,A865,A1577
sup,A867,A1820
sup,A867,A1670
sup,A867,A909
sup,A867,A1659
sup,A867,A46
sup,A867,A1071
sup,A867,A1204
sup,A867,A637
sup,A867,A438
sup,A867,A1112
sup,A867,A1723
sup,A868,A588
sup,A868,A628
sup,A868,A1426
sup,A868,A1212
sup,A868,A1667
sup,A868,A1485
sup,A868,A389
sup,A869,A390
sup,A869,A1898
sup,A869,A977
sup,A869,A752
sup,A869,A1716
sup,A869,A71
sup,A869,A1838
sup,A873,A1083
sup,A873,A240
sup,A873,A1008
sup,A873,A288
sup,A873,A1360
sup,A873,A1491
sup,A873,A1450
sup,A873,A297
sup,A873,A734
sup,A873,A1179
sup,A873,A1476
sup,A873,A79
sup,A876,A982
sup,A876,A267
sup,A876,A1181
sup,A876,A1328
sup,A878,A377
sup,A878,A1272
sup,A878,A1884
sup,A878,A1280
sup,A878,A1649
sup,A878,A1241
sup,A878,A945
sup,A878,A1251
sup,A878,A1555
sup,A878,A1128
sup,A878,A502
sup,A878,A898
sup,A878,A107
sup,A878,A1437
sup,A878,A1580
sup,A878,A1313
sup,A882,A1568
sup,A882,A1513
sup,A882,A1147
sup,A882,A1080
sup,A882,A690
sup,A882,A954
sup,A882,A976
sup,A882,A1104
sup,A882,A1700
sup,A882,A1531
sup,A882,A1262
sup,A882,A1524
sup,A882,A913
sup,A882,A18
sup,A882,A145
sup,A882,A1792
sup,A882,A407
sup,A882,A273
sup,A882,A11
sup,A882,A238
sup,A884,A1123
sup,A884,A274
sup,A884,A1406
sup,A884,A1868
sup,A884,A949
sup,A884,A1210
sup,A884,A152
sup,A884,A1552
sup,A884,A1019
sup,A884,A1278
sup,A884,A786
sup,A884,A295
sup,A884,A635
sup,A884,A1699
sup,A884,A165
sup,A884,A249
sup,A884,A237
sup,A884,A813
sup,A884,A639
sup,A884,A122
sup,A884,A789
sup,A886,A536
sup,A886,A1542
sup,A886,A1144
sup,A886,A941
sup,A886,A903
sup,A886,A952
sup,A886,A883
sup,A886,A767
sup,A886,A150
sup,A886,A1164
sup,A886,A1062
sup,A886,A1708
sup,A886,A490
sup,A886,A368
sup,A886,A119
sup,A886,A997
sup,A886,A1740
sup,A886,A1211
sup,A886,A1763
sup,A887,A1266
sup,A887,A1535
sup,A887,A944
sup,A887,A666
sup,A887,A898
sup,A887,A225
sup,A887,A1754
sup,A887,A442
sup,A887,A1348
sup,A887,A548
sup,A887,A1759
sup,A887,A116
sup,A887,A715
sup,A887,A1045
sup,A887,A80
sup,A887,A1214
sup,A887,A1404
sup,A887,A1829
sup,A887,A1300
sup,A887,A868
sup,A887,A694
sup,A887,A771
sup,A888,A1419
sup,A888,A966
sup,A888,A1753
sup,A888,A1852
sup,A888,A1477
sup,A888,A1167
sup,A888,A9
sup,A888,A1575
sup,A888,A1180
sup,A888,A1307
sup,A888,A276
sup,A888,A1161
sup,A888,A447
sup,A888,A755
sup,A888,A1865
sup,A888,A1332
sup,A888,A1884
sup,A893,A280
sup,A894,A1112
sup,A894,A959
sup,A894,A1807
sup,A894,A1155
sup,A894,A1507
sup,A894,A1179
sup,A894,A104
sup,A894,A1812
sup,A894,A21
sup,A894,A1616
sup,A894,A904
sup,A894,A1699
sup,A894,A1172
sup,A894,A315
sup,A894,A171
sup,A894,A1293
sup,A894,A213
sup,A894,A5
sup,A894,A635
sup,A894,A983
sup,A894,A1163
sup,A894,A1760
sup,A894,A321
sup,A894,A775
sup,A895,A1453
sup,A895,A789
sup,A895,A714
sup,A895,A1864
sup,A895,A1077
sup,A895,A1392
sup,A895,A1049
sup,A895,A299
sup,A895,A1403
sup,A897,A1698
sup,A897,A44
sup,A897,A1573
sup,A897,A1099
sup,A897,A875
sup,A897,A1215
sup,A897,A1359
sup,A897,A615
sup,A897,A1368
sup,A897,A104
sup,A897,A273
sup,A897,A1178
sup,A898,A1168
sup,A898,A30
sup,A898,A703
sup,A898,A1201
sup,A898,A379
sup,A898,A1887
sup,A898,A1338
sup,A898,A900
sup,A899,A1156
sup,A899,A1123
sup,A899,A1474
sup,A899,A600
sup,A899,A287
sup,A899,A831
sup,A899,A1621
sup,A899,A254
sup,A899,A1897
sup,A899,A1417
sup,A899,A678
sup,A901,A253
sup,A901,A1760
sup,A901,A1823
sup,A901,A1223
sup,A901,A500
sup,A901,A1014
sup,A901,A1214
sup,A901,A1583
sup,A901,A547
sup,A901,A891
sup,A901,A560
sup,A901,A20
sup,A901,A43
sup,A901,A1689
sup,A901,A1189
sup,A901,A1231
sup,A901,A1009
sup,A901,A1586
sup,A903,A1121
sup,A903,A1700
sup,A903,A1728
sup,A903,A270
sup,A903,A1027
sup,A903,A1459
sup,A903,A1382
sup,A904,A154
sup,A904,A1197
sup,A904,A254
sup,A904,A1759
sup,A904,A534
sup,A904,A510
sup,A904,A723
sup,A904,A1418
sup,A904,A867
sup,A904,A331
sup,A904,A1735
sup,A904,A16
sup,A904,A412
sup,A909,A567
sup,A909,A693
sup,A909,A1877
sup,A909,A187
sup,A909,A1098
sup,A909,A1605
sup,A909,A414
sup,A909,A1802
sup,A909,A1137
sup,A909,A998
sup,A909,A477
sup,A909,A1327
sup,A909,A954
sup,A910,A88
sup,A910,A1577
sup,A910,A1773
sup,A910,A1129
sup,A910,A1430
sup,A910,A930
sup,A910,A1802
sup,A910,A1641
sup,A910,A1741
sup,A910,A1181
sup,A910,A729
sup,A910,A225
sup,A910,A1653
sup,A910,A1526
sup,A910,A351
sup,A910,A975
sup,A910,A1243
sup,A914,A1524
sup,A914,A702
sup,A914,A722
sup,A914,A363
sup,A914,A1520
sup,A914,A847
sup,A914,A1865
sup,A914,A627
sup,A914,A1254
sup,A914,A424
sup,A914,A1857
sup,A914,A1854
sup,A914,A1412
sup,A914,A1518
sup,A914,A635
sup,A914,A1447
sup,A916,A18
sup,A916,A1006
sup,A916,A1580
sup,A916,A1657
sup,A916,A1030
sup,A916,A318
sup,A916,A1892
sup,A916,A122
sup,A916,A1794
sup,A916,A212
sup,A916,A1152
sup,A916,A576
sup,A916,A1665
sup,A916,A916
sup,A916,A1239
sup,A916,A946
sup,A921,A1504
sup,A921,A1848
sup,A921,A581
sup,A921,A921
sup,A921,A511
sup,A921,A12
sup,A921,A1463
sup,A921,A1021
sup,A921,A1892
sup,A921,A1519
sup,A921,A1431
sup,A921,A1891
sup,A921,A1534
sup,A921,A1667
sup,A921,A1466
sup,A921,A1589
sup,A921,A106
sup,A921,A397
sup,A921,A634
sup,A921,A376
sup,A922,A518
sup,A922,A1399
sup,A922,A1021
sup,A922,A792
sup,A922,A273
sup,A926,A1679
sup,A926,A885
sup,A926,A1076
sup,A926,A1871
sup,A926,A1175
sup,A926,A1744
sup,A926,A290
sup,A926,A1452
sup,A926,A1449
sup,A926,A1653
sup,A926,A1021
sup,A926,A588
sup,A926,A1150
sup,A926,A1805
sup,A926,A1259
sup,A928,A1048
sup,A928,A691
sup,A928,A1361
sup,A928,A370
sup,A928,A1695
sup,A928,A729
sup,A928,A829
sup,A928,A76
sup,A928,A1370
sup,A928,A1762
sup,A928,A1158
sup,A928,A193
sup,A928,A1263
sup,A928,A1227
sup,A928,A1384
sup,A928,A1691
sup,A928,A1700
sup,A928,A1602
sup,A928,A1180
sup,A929,A1832
sup,A929,A1386
sup,A929,A289
sup,A930,A1043
sup,A930,A1559
sup,A930,A393
sup,A930,A1571
sup,A930,A1554
sup,A930,A779
sup,A930,A951
sup,A930,A423
sup,A930,A78
sup,A930,A455
sup,A930,A164
sup,A930,A636
sup,A930,A1191
sup,A930,A1580
sup,A930,A1849
sup,A930,A874
sup,A930,A1676
sup,A930,A1299
sup,A930,A1620
sup,A932,A945
sup,A932,A772
sup,A932,A440
sup,A932,A988
sup,A932,A1546
sup,A932,A476
sup,A935,A70
sup,A935,A1584
sup,A935,A1849
sup,A935,A243
sup,A935,A1602
sup,A935,A720
sup,A935,A935
sup,A935,A1679
sup,A936,A517
sup,A940,A245
sup,A940,A1043
sup,A940,A1079
sup,A940,A710
sup,A941,A342
sup,A941,A1481
sup,A941,A1556
sup,A942,A303
sup,A942,A704
sup,A942,A528
sup,A942,A1075
sup,A942,A997
sup,A942,A1263
sup,A942,A97
sup,A942,A347
sup,A942,A1459
sup,A942,A1529
sup,A943,A1206
sup,A943,A648
sup,A943,A188
sup,A943,A732
sup,A943,A1853
sup,A944,A1001
sup,A944,A1034
sup,A944,A306
sup,A944,A1887
sup,A944,A1480
sup,A944,A249
sup,A944,A723
sup,A944,A1274
sup,A944,A853
sup,A944,A1526
sup,A944,A244
sup,A944,A649
sup,A944,A718
sup,A944,A97
sup,A944,A800
sup,A944,A852
sup,A944,A1147
sup,A944,A130
sup,A944,A221
sup,A947,A69
sup,A947,A1898
sup,A947,A47
sup,A947,A89
sup,A947,A1079
sup,A947,A1694
sup,A947,A84
sup,A947,A781
sup,A952,A644
sup,A952,A1265
sup,A952,A625
sup,A952,A87
sup,A952,A334
sup,A952,A1379
sup,A952,A225
sup,A952,A1240
sup,A952,A1691
sup,A952,A1187
sup,A952,A746
sup,A952,A1698
sup,A952,A723
sup,A953,A61
sup,A953,A1386
sup,A953,A979
sup,A954,A180
sup,A954,A541
sup,A954,A1717
sup,A954,A828
sup,A954,A1295
sup,A954,A631
sup,A954,A1585
sup,A954,A1072
sup,A954,A1009
sup,A954,A1706
sup,A954,A1838
sup,A954,A358
sup,A954,A1362
sup,A954,A979
sup,A954,A1353
sup,A954,A544
sup,A954,A137
sup,A954,A1137
sup,A954,A1856
sup,A954,A166
sup,A957,A1476
sup,A957,A1061
sup,A957,A1031
sup,A957,A1474
sup,A957,A1040
sup,A957,A724
sup,A957,A592
sup,A957,A1834
sup,A957,A1562
sup,A957,A802
sup,A957,A769
sup,A957,A656
sup,A957,A1520
sup,A957,A169
sup,A957,A1610
sup,A957,A329
sup,A957,A129
sup,A957,A1151
sup,A957,A720
sup,A957,A358
sup,A957,A545
sup,A958,A1178
sup,A958,A1614
sup,A958,A1578
sup,A958,A1568
sup,A958,A364
sup,A958,A1526
sup,A958,A914
sup,A958,A1310
sup,A958,A106
sup,A958,A266
sup,A958,A630
sup,A959,A1649
sup,A959,A882
sup,A959,A1040
sup,A959,A1552
sup,A959,A935
sup,A959,A1130
sup,A959,A1226
sup,A959,A1075
sup,A959,A745
sup,A959,A506
sup,A959,A638
sup,A959,A1274
sup,A959,A518
sup,A959,A108
sup,A959,A1807
sup,A959,A1622
sup,A959,A204
sup,A959,A970
sup,A959,A72
sup,A959,A1569
sup,A959,A605
sup,A959,A525
sup,A960,A1209
sup,A960,A1017
sup,A961,A1594
sup,A961,A1636
sup,A961,A1865
sup,A961,A1427
sup,A961,A572
sup,A961,A980
sup,A961,A1637
sup,A961,A870
sup,A961,A85
sup,A961,A959
sup,A961,A1275
sup,A961,A1621
sup,A961,A1315
sup,A961,A1057
sup,A962,A1653
sup,A962,A120
sup,A962,A1541
sup,A962,A833
sup,A962,A744
sup,A962,A420
sup,A962,A491
sup,A962,A1041
sup,A962,A1278
sup,A962,A657
sup,A962,A263
sup,A962,A990
sup,A962,A252
sup,A962,A1741
sup,A966,A1820
sup,A966,A1273
sup,A966,A1312
sup,A966,A597
sup,A966,A210
sup,A966,A1344
sup,A966,A394
sup,A966,A1778
sup,A966,A590
sup,A968,A593
sup,A968,A1032
sup,A968,A492
sup,A968,A239
sup,A968,A1874
sup,A968,A254
sup,A968,A1421
sup,A968,A565
sup,A968,A1028
sup,A968,A631
sup,A968,A1813
sup,A968,A804
sup,A968,A551
sup,A968,A655
sup,A968,A1690
sup,A968,A1446
sup,A968,A1619
sup,A968,A73
sup,A968,A194
sup,A968,A987
sup,A968,A94
sup,A972,A1614
sup,A972,A1057
sup,A972,A1894
sup,A972,A710
sup,A972,A627
sup,A972,A251
sup,A972,A452
sup,A972,A282
sup,A972,A781
sup,A972,A451
sup,A972,A132
sup,A972,A141
sup,A972,A345
sup,A973,A707
sup,A973,A1844
sup,A973,A1766
sup,A973,A1346
sup,A973,A757
sup,A973,A1775
sup,A973,A351
sup,A974,A123
sup,A974,A1389
sup,A974,A1563
sup,A974,A1364
sup,A974,A235
sup,A974,A951
sup,A974,A1509
sup,A974,A169
sup,A974,A74
sup,A974,A1782
sup,A974,A1032
sup,A974,A320
sup,A974,A387
sup,A976,A1543
sup,A976,A771
sup,A976,A1412
sup,A976,A795
sup,A976,A223
sup,A978,A28
sup,A978,A1670
sup,A978,A1335
sup,A978,A871
sup,A978,A929
sup,A978,A526
sup,A978,A534
sup,A978,A532
sup,A978,A1586
sup,A978,A1532
sup,A978,A742
sup,A978,A749
sup,A978,A524
sup,A978,A1860
sup,A978,A1161
sup,A978,A1753
sup,A978,A1049
sup,A978,A1372
sup,A978,A1247
sup,A978,A413
sup,A979,A1670
sup,A979,A790
sup,A979,A1084
sup,A979,A1301
sup,A979,A1189
sup,A979,A48
sup,A979,A215
sup,A979,A1534
sup,A979,A193
sup,A979,A1889
sup,A979,A255
sup,A980,A1029
sup,A980,A164
sup,A980,A1859
sup,A980,A41
sup,A980,A470
sup,A980,A1233
sup,A980,A1637
sup,A980,A992
sup,A980,A279
sup,A980,A297
sup,A980,A261
sup,A980,A1539
sup,A980,A1656
sup,A980,A966
sup,A980,A1837
sup,A980,A373
sup,A980,A1463
sup,A980,A580
sup,A980,A97
sup,A980,A1104
sup,A980,A452
sup,A980,A1087
sup,A980,A1796
sup,A981,A337
sup,A981,A1837
sup,A981,A804
sup,A981,A1344
sup,A981,A1246
sup,A981,A1500
sup,A981,A1587
sup,A981,A1002
sup,A981,A761
sup,A981,A1122
sup,A981,A959
sup,A981,A892
sup,A982,A801
sup,A982,A1218
sup,A982,A1710
sup,A982,A548
sup,A982,A224
sup,A982,A1191
sup,A982,A1873
sup,A982,A748
sup,A982,A977
sup,A982,A871
sup,A983,A889
sup,A983,A1610
sup,A983,A1666
sup,A983,A1468
sup,A983,A1181
sup,A983,A1826
sup,A983,A762
sup,A983,A963
sup,A983,A37
sup,A983,A313
sup,A983,A549
sup,A983,A1097
sup,A983,A975
sup,A983,A919
sup,A983,A81
sup,A983,A1433
sup,A983,A1340
sup,A983,A774
sup,A983,A106
sup,A983,A1656
sup,A986,A1
sup,A986,A1364
sup,A986,A1284
sup,A986,A242
sup,A986,A349
sup,A986,A1892
sup,A986,A462
sup,A986,A1646
sup,A986,A269
sup,A986,A445
sup,A986,A1749
sup,A987,A160
sup,A987,A1893
sup,A987,A1708
sup,A987,A263
sup,A987,A430
sup,A987,A1821
sup,A987,A1308
sup,A987,A170
sup,A987,A833
sup,A987,A875
sup,A987,A1698
sup,A987,A909
sup,A987,A244
sup,A987,A337
sup,A987,A1367
sup,A987,A1516
sup,A987,A1192
sup,A989,A1332
sup,A989,A148
sup,A989,A1368
sup,A989,A763
sup,A989,A1766
sup,A989,A290
sup,A989,A125
sup,A989,A488
sup,A989,A1450
sup,A989,A232
sup,A990,A423
sup,A990,A1111
sup,A990,A759
sup,A990,A1667
sup,A990,A798
sup,A990,A1871
sup,A990,A1665
sup,A990,A54
sup,A990,A1639
sup,A990,A1888
sup,A990,A1648
sup,A990,A809
sup,A990,A1131
sup,A990,A693
sup,A990,A1550
sup,A990,A1161
sup,A990,A870
sup,A990,A357
sup,A992,A444
sup,A992,A12
sup,A992,A841
sup,A994,A1503
sup,A994,A1074
sup,A994,A1569
sup,A994,A1404
sup,A994,A1085
sup,A994,A1810
sup,A994,A891
sup,A994,A551
sup,A994,A701
sup,A994,A1299
sup,A994,A348
sup,A994,A1574
sup,A994,A1727
sup,A994,A447
sup,A994,A881
sup,A994,A1739
sup,A994,A1771
sup,A994,A1366
sup,A994,A543
sup,A994,A611
sup,A994,A355
sup,A994,A1040
sup,A996,A1558
sup,A996,A165
sup,A997,A671
sup,A997,A327
sup,A997,A606
sup,A998,A115
sup,A998,A911
sup,A998,A128
sup,A998,A1051
sup,A998,A370
sup,A998,A1001
sup,A998,A462
sup,A998,A436
sup,A998,A1110
sup,A998,A52
sup,A998,A664
sup,A998,A1741
sup,A998,A792
sup,A998,A727
sup,A998,A1593
sup,A1000,A1414
sup,A1000,A1748
sup,A1000,A1284
sup,A1000,A1225
sup,A1000,A1451
sup,A1000,A1575
sup,A1000,A765
sup,A1000,A1670
sup,A1000,A1183
sup,A1000,A1037
sup,A1001,A987
sup,A1001,A1265
sup,A1001,A1751
sup,A1001,A1550
sup,A1001,A1324
sup,A1001,A1424
sup,A1001,A1516
sup,A1001,A199
sup,A1001,A1180
sup,A1001,A669
sup,A1005,A795
sup,A1005,A654
sup,A1005,A835
sup,A1005,A1890
sup,A1005,A259
sup,A1005,A285
sup,A1005,A389
sup,A1005,A1895
sup,A1005,A791
sup,A1005,A1071
sup,A1005,A276
sup,A1005,A218
sup,A1005,A1312
sup,A1005,A1827
sup,A1005,A253
sup,A1005,A622
sup,A1005,A1344
sup,A1005,A1131
sup,A1005,A1877
sup,A1005,A59
sup,A1005,A1508
sup,A1005,A1635
sup,A1005,A605
sup,A1005,A210
sup,A1006,A1359
sup,A1006,A1732
sup,A1006,A1463
sup,A1006,A1642
sup,A1006,A791
sup,A1006,A574
sup,A1006,A1724
sup,A1006,A652
sup,A1006,A800
sup,A1008,A1848
sup,A1008,A1563
sup,A1008,A155
sup,A1008,A298
sup,A1009,A993
sup,A1009,A669
sup,A1009,A997
sup,A1009,A944
sup,A1009,A206
sup,A1009,A1013
sup,A1009,A37
sup,A1009,A1828
sup,A1009,A1473
sup,A1009,A809
sup,A1009,A537
sup,A1009,A1148
sup,A1011,A627
sup,A1011,A272
sup,A1011,A62
sup,A1011,A92
sup,A1011,A59
sup,A1011,A200
sup,A1011,A736
sup,A1011,A646
sup,A1011,A1248
sup,A1011,A919
sup,A1011,A1412
sup,A1011,A1322
sup,A1011,A1479
sup,A1011,A1266
sup,A1011,A1017
sup,A1011,A163
sup,A1011,A1105
sup,A1011,A901
sup,A1011,A1228
sup,A1011,A1847
sup,A1014,A461
sup,A1014,A821
sup,A1014,A1348
sup,A1014,A141
sup,A1014,A492
sup,A1014,A685
sup,A1014,A1338
sup,A1015,A1249
sup,A1015,A1175
sup,A1015,A428
sup,A1015,A1616
sup,A1015,A1145
sup,A1015,A152
sup,A1015,A261
sup,A1015,A1821
sup,A1015,A1007
sup,A1015,A456
sup,A1015,A1441
sup,A1015,A864
sup,A1015,A440
sup,A1015,A1669
sup,A1015,A786
sup,A1015,A709
sup,A1016,A242
sup,A1016,A151
sup,A1016,A656
sup,A1016,A123
sup,A1016,A946
sup,A1016,A285
sup,A1016,A682
sup,A1016,A1285
sup,A1016,A1646
sup,A1016,A915
sup,A1016,A1109
sup,A1016,A1345
sup,A1016,A1733
sup,A1016,A80
sup,A1016,A249
sup,A1018,A699
sup,A1018,A754
sup,A1018,A789
sup,A1019,A1380
sup,A1019,A606
sup,A1019,A1078
sup,A1019,A1755
sup,A1019,A1596
sup,A1019,A1139
sup,A1019,A1481
sup,A1019,A1103
sup,A1019,A1145
sup,A1019,A443
sup,A1019,A997
sup,A1020,A877
sup,A1020,A995
sup,A1020,A1488
sup,A1020,A1728
sup,A1020,A1671
sup,A1020,A219
sup,A1020,A1211
sup,A1020,A1406
sup,A1020,A1105
sup,A1020,A1161
sup,A1020,A1028
sup,A1020,A1741
sup,A1020,A642
sup,A1020,A234
sup,A1021,A767
sup,A1021,A1236
sup,A1021,A627
sup,A1021,A150
sup,A1021,A1810
sup,A1021,A286
sup,A1021,A1238
sup,A1021,A1181
sup,A1021,A953
sup,A1021,A572
sup,A1021,A68
sup,A1021,A848
sup,A1021,A524
sup,A1021,A984
sup,A1021,A366
sup,A1021,A927
sup,A1021,A1115
sup,A1021,A49
sup,A1021,A92
sup,A1021,A1758
sup,A1021,A1308
sup,A1023,A1054
sup,A1023,A191
sup,A1023,A1009
sup,A1023,A290
sup,A1023,A1323
sup,A1023,A1482
sup,A1023,A1547
sup,A1023,A1752
sup,A1023,A1670
sup,A1023,A844
sup,A1023,A187
sup,A1023,A1262
sup,A1023,A1397
sup,A1023,A476
sup,A1023,A985
sup,A1023,A1244
sup,A1023,A336
sup,A1023,A424
sup,A1023,A550
sup,A1023,A1115
sup,A1023,A1173
sup,A1023,A280
sup,A1024,A742
sup,A1024,A1083
sup,A1024,A1665
sup,A1024,A1302
sup,A1024,A209
sup,A1024,A1598
sup,A1024,A289
sup,A1024,A698
sup,A1024,A1473
sup,A1024,A1781
sup,A1024,A540
sup,A1025,A1548
sup,A1025,A1677
sup,A1025,A1607
sup,A1025,A773
sup,A1025,A936
sup,A1025,A112
sup,A1025,A1621
sup,A1025,A398
sup,A1025,A1425
sup,A1025,A1889
sup,A1025,A177
sup,A1025,A97
sup,A1025,A1842
sup,A1025,A1789
sup,A1025,A1298
sup,A1025,A1499
sup,A1025,A1567
sup,A1025,A935
sup,A1025,A196
sup,A1025,A1223
sup,A1025,A1611
sup,A1025,A1538
sup,A1027,A1761
sup,A1027,A1311
sup,A1027,A1516
sup,A1027,A204
sup,A1027,A125
sup,A1027,A1030
sup,A1027,A1793
sup,A1027,A328
sup,A1027,A858
sup,A1027,A1767
sup,A1027,A1095
sup,A1027,A1038
sup,A1027,A1765
sup,A1027,A1162
sup,A1027,A1366
sup,A1027,A1386
sup,A1032,A925
sup,A1032,A1335
sup,A1032,A1110
sup,A1032,A959
sup,A1032,A885
sup,A1032,A200
sup,A1032,A256
sup,A1032,A565
sup,A1032,A245
sup,A1032,A1152
sup,A1032,A1403
sup,A1032,A554
sup,A1037,A470
sup,A1037,A188
sup,A1037,A703
sup,A1037,A1420
sup,A1037,A1301
sup,A1037,A1167
sup,A1037,A527
sup,A1037,A739
sup,A1037,A1275
sup,A1037,A1049
sup,A1037,A995
sup,A1038,A1341
sup,A1038,A1673
sup,A1038,A702
sup,A1038,A635
sup,A1038,A1469
sup,A1038,A1534
sup,A1038,A597
sup,A1038,A204
sup,A1038,A1511
sup,A1038,A1055
sup,A1038,A769
sup,A1038,A824
sup,A1038,A1482
sup,A1038,A420
sup,A1038,A1613
sup,A1038,A901
sup,A1039,A995
sup,A1039,A63
sup,A1040,A1560
sup,A1040,A1543
sup,A1040,A1645
sup,A1040,A918
sup,A1040,A776
sup,A1040,A1869
sup,A1043,A1320
sup,A1043,A1889
sup,A1043,A567
sup,A1043,A1263
sup,A1043,A1841
sup,A1043,A968
sup,A1043,A1519
sup,A1043,A716
sup,A1043,A99
sup,A1043,A829
sup,A1043,A1852
sup,A1043,A898
sup,A1043,A1567
sup,A1043,A984
sup,A1043,A1652
sup,A1043,A569
sup,A1044,A206
sup,A1044,A378
sup,A1044,A1216
sup,A1044,A216
sup,A1044,A1736
sup,A1044,A1537
sup,A1044,A1003
sup,A1044,A357
sup,A1048,A61
sup,A1048,A337
sup,A1048,A792
sup,A1048,A1833
sup,A1048,A401
sup,A1048,A369
sup,A1048,A1122
sup,A1048,A1112
sup,A1048,A219
sup,A1048,A790
sup,A1048,A160
sup,A1048,A823
sup,A1048,A438
sup,A1048,A484
sup,A1048,A50
sup,A1048,A1478
sup,A1050,A454
sup,A1050,A1627
sup,A1050,A726
sup,A1050,A1342
sup,A1050,A1805
sup,A1050,A1167
sup,A1050,A1249
sup,A1053,A732
sup,A1053,A978
sup,A1053,A320
sup,A1053,A1893
sup,A1057,A566
sup,A1057,A1784
sup,A1057,A1319
sup,A1057,A871
sup,A1057,A846
sup,A1057,A1862
sup,A1058,A551
sup,A1058,A1297
sup,A1061,A111
sup,A1061,A710
sup,A1061,A1442
sup,A1061,A863
sup,A1061,A831
sup,A1061,A226
sup,A1061,A243
sup,A1061,A571
sup,A1061,A1850
sup,A1061,A835
sup,A1061,A573
sup,A1061,A284
sup,A1061,A275
sup,A1061,A1637
sup,A1061,A1491
sup,A1061,A1733
sup,A1061,A682
sup,A1061,A368
sup,A1062,A1769
sup,A1062,A491
sup,A1062,A985
sup,A1062,A715
sup,A1062,A63
sup,A1062,A439
sup,A1062,A1085
sup,A1062,A793
sup,A1062,A1051
sup,A1062,A1591
sup,A1062,A1872
sup,A1062,A44
sup,A1062,A1844
sup,A1062,A1451
sup,A1063,A107
sup,A1063,A1834
sup,A1063,A90
sup,A1063,A184
sup,A1063,A1210
sup,A1063,A1156
sup,A1063,A1158
sup,A1063,A1794
sup,A1063,A286
sup,A1063,A861
sup,A1063,A395
sup,A1063,A612
sup,A1063,A1458
sup,A1063,A1092
sup,A1063,A1774
sup,A1063,A427
sup,A1063,A1684
sup,A1063,A1073
sup,A1063,A1368
sup,A1063,A508
sup,A1063,A450
sup,A1063,A876
sup,A1064,A672
sup,A1064,A936
sup,A1064,A939
sup,A1064,A951
sup,A1064,A582
sup,A1064,A1413
sup,A1064,A1373
sup,A1066,A629
sup,A1066,A458
sup,A1068,A916
sup,A1068,A1717
sup,A1068,A246
sup,A1068,A751
sup,A1068,A1398
sup,A1068,A1080
sup,A1069,A1738
sup,A1069,A1228
sup,A1069,A185
sup,A1069,A861
sup,A1071,A101
sup,A1071,A551
sup,A1071,A1651
sup,A1071,A736
sup,A1071,A983
sup,A1071,A1487
sup,A1071,A347
sup,A1071,A1835
sup,A1071,A995
sup,A1071,A531
sup,A1071,A402
sup,A1071,A399
sup,A1071,A1420
sup,A1071,A1811
sup,A1071,A1789
sup,A1071,A813
sup,A1071,A282
sup,A1071,A1179
sup,A1072,A1177
sup,A1072,A425
sup,A1072,A85
sup,A1072,A832
sup,A1072,A1575
sup,A1072,A1068
sup,A1072,A1833
sup,A1072,A193
sup,A1072,A1293
sup,A1072,A1065
sup,A1072,A373
sup,A1072,A530
sup,A1072,A160
sup,A1072,A1400
sup,A1072,A979
sup,A1072,A1461
sup,A1072,A672
sup,A1072,A702
sup,A1072,A925
sup,A1072,A331
sup,A1072,A974
sup,A1073,A275
sup,A1073,A259
sup,A1073,A1315
sup,A1073,A1588
sup,A1073,A148
sup,A1073,A1575
sup,A1073,A240
sup,A1073,A197
sup,A1073,A797
sup,A1073,A1269
sup,A1073,A1401
sup,A1073,A1193
sup,A1073,A1251
sup,A1073,A570
sup,A1073,A218
sup,A1073,A1096
sup,A1073,A1484
sup,A1074,A1660
sup,A1074,A1205
sup,A1074,A126
sup,A1074,A802
sup,A1074,A1750
sup,A1074,A479
sup,A1074,A686
sup,A1074,A75
sup,A1074,A697
sup,A1074,A1466
sup,A1075,A295
sup,A1075,A705
sup,A1075,A626
sup,A1075,A722
sup,A1075,A1161
sup,A1075,A366
sup,A1075,A165
sup,A1075,A224
sup,A1075,A1253
sup,A1075,A230
sup,A1075,A1124
sup,A1075,A789
sup,A1076,A1684
sup,A1076,A623
sup,A1076,A217
sup,A1076,A834
sup,A1076,A1367
sup,A1076,A1719
sup,A1076,A801
sup,A1076,A1320
sup,A1076,A190
sup,A1076,A937
sup,A1077,A1151
sup,A1077,A1624
sup,A1077,A253
sup,A1078,A689
sup,A1078,A1484
sup,A1078,A729
sup,A1078,A1071
sup,A1078,A161
sup,A1078,A980
sup,A1078,A187
sup,A1078,A505
sup,A1080,A30
sup,A1080,A1333
sup,A1080,A646
sup,A1080,A275
sup,A1080,A975
sup,A1080,A76
sup,A1086,A528
sup,A1086,A1332
sup,A1086,A1267
sup,A1086,A1633
sup,A1086,A1193
sup,A1086,A742
sup,A1086,A978
sup,A1086,A1003
sup,A1087,A236
sup,A1087,A995
sup,A1087,A1636
sup,A1087,A1172
sup,A1087,A1368
sup,A1088,A1865
sup,A1088,A1835
sup,A1088,A930
sup,A1088,A197
sup,A1089,A50
sup,A1089,A1068
sup,A1089,A1629
sup,A1089,A103
sup,A1089,A288
sup,A1089,A1111
sup,A1089,A3
sup,A1089,A1056
sup,A1089,A661
sup,A1089,A699
sup,A1090,A1073
sup,A1090,A1167
sup,A1090,A424
sup,A1090,A177
sup,A1090,A135
sup,A1090,A929
sup,A1090,A1545
sup,A1090,A1691
sup,A1090,A669
sup,A1090,A1681
sup,A1090,A732
sup,A1090,A1161
sup,A1090,A1449
sup,A1090,A220
sup,A1090,A1788
sup,A1090,A1893
sup,A1091,A1698
sup,A1093,A924
sup,A1093,A1851
sup,A1093,A686
sup,A1093,A1426
sup,A1093,A1767
sup,A1093,A411
sup,A1093,A1146
sup,A1093,A373
sup,A1093,A1331
sup,A1093,A346
sup,A1093,A1154
sup,A1093,A41
sup,A1093,A1178
sup,A1093,A1222
sup,A1096,A1492
sup,A1096,A542
sup,A1096,A258
sup,A1096,A28
sup,A1096,A1324
sup,A1096,A1370
sup,A1096,A661
sup,A1096,A688
sup,A1096,A234
sup,A1096,A82
sup,A1096,A1154
sup,A1097,A1883
sup,A1097,A1077
sup,A1097,A566
sup,A1097,A1390
sup,A1097,A967
sup,A1097,A34
sup,A1097,A1360
sup,A1097,A606
sup,A1097,A643
sup,A1098,A1290
sup,A1098,A1722
sup,A1098,A293
sup,A1098,A1797
sup,A1098,A793
sup,A1098,A1317
sup,A1098,A1024
sup,A1098,A943
sup,A1098,A520
sup,A1098,A1370
sup,A1098,A1661
sup,A1098,A1444
sup,A1098,A746
sup,A1098,A1203
sup,A1098,A380
sup,A1098,A1491
sup,A1098,A1271
sup,A1098,A1668
sup,A1098,A148
sup,A1098,A934
sup,A1099,A1224
sup,A1099,A322
sup,A1099,A773
sup,A1099,A1713
sup,A1099,A60
sup,A1099,A999
sup,A1099,A1531
sup,A1099,A1026
sup,A1099,A484
sup,A1099,A1698
sup,A1099,A1673
sup,A1099,A1218
sup,A1099,A167
sup,A1099,A673
sup,A1099,A908
sup,A1099,A1534
sup,A1099,A97
sup,A1099,A828
sup,A1099,A102
sup,A1102,A1637
sup,A1104,A735
sup,A1104,A1203
sup,A1104,A1559
sup,A1104,A1087
sup,A1104,A1526
sup,A1104,A1622
sup,A1104,A106
sup,A1104,A400
sup,A1104,A625
sup,A1104,A1579
sup,A1104,A131
sup,A1104,A1873
sup,A1104,A34
sup,A1104,A1149
sup,A1105,A1775
sup,A1105,A1461
sup,A1109,A961
sup,A1111,A493
sup,A1111,A1173
sup,A1111,A578
sup,A1112,A1263
sup,A1115,A865
sup,A1115,A1382
sup,A1115,A1804
sup,A1115,A1617
sup,A1115,A127
sup,A1115,A558
sup,A1116,A414
sup,A1116,A1161
sup,A1116,A985
sup,A1119,A1295
sup,A1119,A1047
sup,A1119,A4
sup,A1119,A1179
sup,A1119,A984
sup,A1119,A1312
sup,A1119,A1769
sup,A1119,A1164
sup,A1119,A333
sup,A1119,A231
sup,A1119,A1247
sup,A1119,A1236
sup,A1119,A1287
sup,A1127,A234
sup,A1127,A271
sup,A1127,A1167
sup,A1127,A398
sup,A1127,A888
sup,A1127,A1875
sup,A1127,A1163
sup,A1127,A650
sup,A1127,A1001
sup,A1127,A1616
sup,A1127,A1614
sup,A1127,A1270
sup,A1127,A1182
sup,A1127,A1754
sup,A1127,A1435
sup,A1127,A1512
sup,A1128,A1079
sup,A1128,A749
sup,A1131,A1847
sup,A1131,A710
sup,A1131,A1679
sup,A1131,A1861
sup,A1131,A910
sup,A1131,A1445
sup,A1131,A1513
sup,A1131,A659
sup,A1131,A1000
sup,A1131,A1226
sup,A1131,A1165
sup,A1131,A422
sup,A1131,A233
sup,A1131,A1767
sup,A1131,A1299
sup,A1131,A779
sup,A1133,A1423
sup,A1133,A525
sup,A1133,A351
sup,A1133,A327
sup,A1133,A484
sup,A1133,A177
sup,A1133,A850
sup,A1134,A1562
sup,A1134,A1871
sup,A1134,A1392
sup,A1134,A860
sup,A1135,A1714
sup,A1135,A856
sup,A1135,A558
sup,A1135,A1116
sup,A1135,A1405
sup,A1135,A1284
sup,A1135,A986
sup,A1135,A1804
sup,A1135,A1292
sup,A1135,A244
sup,A1135,A1564
sup,A1135,A617
sup,A1135,A261
sup,A1135,A1630
sup,A1135,A1546
sup,A1135,A902
sup,A1137,A1885
sup,A1137,A1613
sup,A1137,A142
sup,A1137,A1625
sup,A1137,A1857
sup,A1137,A1535
sup,A1137,A974
sup,A1137,A1810
sup,A1137,A991
sup,A1137,A1469
sup,A1142,A1263
sup,A1142,A292
sup,A1142,A375
sup,A1142,A88
sup,A1142,A1781
sup,A1142,A736
sup,A1142,A1523
sup,A1142,A1630
sup,A1142,A523
sup,A1142,A1424
sup,A1142,A1145
sup,A1142,A1331
sup,A1142,A1591
sup,A1142,A27
sup,A1144,A400
sup,A1144,A1515
sup,A1144,A1455
sup,A1144,A1807
sup,A1144,A819
sup,A1144,A84
sup,A1144,A1413
sup,A1144,A760
sup,A1144,A675
sup,A1144,A705
sup,A1144,A1626
sup,A1146,A1721
sup,A1146,A435
sup,A1146,A416
sup,A1146,A1470
sup,A1146,A29
sup,A1146,A146
sup,A1146,A358
sup,A1146,A819
sup,A1146,A150
sup,A1146,A1855
sup,A1146,A954
sup,A1146,A808
sup,A1146,A1381
sup,A1146,A692
sup,A1146,A1298
sup,A1146,A1480
sup,A1146,A338
sup,A1146,A1814
sup,A1146,A1590
sup,A1146,A136
sup,A1146,A1313
sup,A1147,A1164
sup,A1147,A202
sup,A1147,A863
sup,A1149,A976
sup,A1149,A687
sup,A1149,A1289
sup,A1149,A442
sup,A1149,A1787
sup,A1149,A1878
sup,A1149,A588
sup,A1149,A1104
sup,A1149,A507
sup,A1149,A408
sup,A1149,A499
sup,A1149,A599
sup,A1149,A1664
sup,A1149,A1002
sup,A1149,A1489
sup,A1150,A1613
sup,A1150,A57
sup,A1150,A185
sup,A1150,A410
sup,A1150,A215
sup,A1150,A223
sup,A1152,A1227
sup,A1152,A647
sup,A1152,A1324
sup,A1152,A1284
sup,A1152,A1236
sup,A1152,A642
sup,A1152,A509
sup,A1152,A220
sup,A1152,A1725
sup,A1152,A864
sup,A1152,A794
sup,A1152,A1388
sup,A1153,A901
sup,A1153,A1224
sup,A1153,A1119
sup,A1153,A1109
sup,A1153,A1645
sup,A1153,A1158
sup,A1153,A113
sup,A1154,A1195
sup,A1155,A1620
sup,A1155,A1228
sup,A1155,A1623
sup,A1155,A1392
sup,A1155,A941
sup,A1155,A1659
sup,A1155,A1772
sup,A1155,A924
sup,A1155,A793
sup,A1155,A696
sup,A1155,A1891
sup,A1155,A813
sup,A1155,A690
sup,A1155,A1883
sup,A1155,A1035
sup,A1155,A1622
sup,A1155,A1885
sup,A1155,A283
sup,A1155,A1588
sup,A1156,A259
sup,A1156,A240
sup,A1156,A373
sup,A1156,A667
sup,A1156,A672
sup,A1156,A219
sup,A1160,A1303
sup,A1160,A483
sup,A1160,A1501
sup,A1160,A1571
sup,A1160,A1085
sup,A1160,A1113
sup,A1160,A1488
sup,A1160,A1854
sup,A1161,A1756
sup,A1161,A75
sup,A1161,A311
sup,A1161,A807
sup,A1161,A156
sup,A1161,A663
sup,A1161,A1277
sup,A1161,A1245
sup,A1162,A994
sup,A1162,A1044
sup,A1162,A608
sup,A1162,A559
sup,A1162,A1614
sup,A1162,A1381
sup,A1162,A106
sup,A1162,A1162
sup,A1162,A529
sup,A1162,A1626
sup,A1163,A626
sup,A1163,A241
sup,A1163,A983
sup,A1163,A213
sup,A1163,A1330
sup,A1163,A423
sup,A1163,A512
sup,A1163,A530
sup,A1163,A1569
sup,A1163,A8
sup,A1163,A1647
sup,A1163,A912
sup,A1163,A1530
sup,A1163,A1081
sup,A1163,A1334
sup,A1163,A1388
sup,A1163,A5
sup,A1163,A1818
sup,A1163,A703
sup,A1164,A428
sup,A1164,A1612
sup,A1164,A913
sup,A1164,A43
sup,A1164,A230
sup,A1164,A1873
sup,A1164,A124
sup,A1164,A1818
sup,A1164,A800
sup,A1164,A1009
sup,A1164,A1553
sup,A1164,A452
sup,A1164,A676
sup,A1164,A518
sup,A1164,A263
sup,A1164,A1347
sup,A1164,A609
sup,A1164,A375
sup,A1164,A1498
sup,A1164,A1153
sup,A1164,A1809
sup,A1164,A1059
sup,A1164,A643
sup,A1164,A1106
sup,A1165,A1830
sup,A1165,A1394
sup,A1165,A673
sup,A1165,A1313
sup,A1165,A296
sup,A1165,A992
sup,A1165,A1025
sup,A1165,A262
sup,A1165,A1589
sup,A1165,A915
sup,A1165,A145
sup,A1165,A1524
sup,A1165,A1291
sup,A1165,A1726
sup,A1165,A665
sup,A1165,A1071
sup,A1165,A366
sup,A1169,A300
sup,A1169,A1357
sup,A1169,A1015
sup,A1169,A260
sup,A1169,A1452
sup,A1169,A30
sup,A1169,A437
sup,A1169,A969
sup,A1169,A219
sup,A1169,A628
sup,A1169,A1210
sup,A1169,A1164
sup,A1169,A1161
sup,A1169,A534
sup,A1171,A705
sup,A1171,A1019
sup,A1171,A1515
sup,A1171,A377
sup,A1171,A1397
sup,A1171,A1244
sup,A1171,A319
sup,A1171,A1325
sup,A1171,A888
sup,A1171,A413
sup,A1171,A371
sup,A1171,A608
sup,A1171,A980
sup,A1171,A301
sup,A1171,A180
sup,A1171,A668
sup,A1171,A675
sup,A1171,A1174
sup,A1172,A393
sup,A1172,A42
sup,A1172,A1899
sup,A1172,A106
sup,A1172,A1557
sup,A1172,A1005
sup,A1172,A1687
sup,A1172,A1465
sup,A1172,A55
sup,A1172,A630
sup,A1172,A1211
sup,A1172,A21
sup,A1175,A1763
sup,A1175,A950
sup,A1175,A21
sup,A1175,A1446
sup,A1175,A1013
sup,A1175,A1503
sup,A1175,A1727
sup,A1175,A185
sup,A1175,A442
sup,A1175,A542
sup,A1175,A430
sup,A1175,A851
sup,A1175,A1800
sup,A1175,A1256
sup,A1175,A339
sup,A1175,A1059
sup,A1175,A1218
sup,A1180,A1680
sup,A1180,A1023
sup,A1180,A1077
sup,A1180,A1042
sup,A1180,A1425
sup,A1180,A1595
sup,A1180,A321
sup,A1180,A1346
sup,A1180,A1737
sup,A1180,A948
sup,A1180,A805
sup,A1180,A586
sup,A1180,A1812
sup,A1180,A1687
sup,A1180,A575
sup,A1180,A731
sup,A1180,A1389
sup,A1181,A1529
sup,A1181,A1654
sup,A1181,A369
sup,A1181,A474
sup,A1181,A1851
sup,A1181,A1650
sup,A1182,A250
sup,A1182,A1132
sup,A1182,A1260
sup,A1182,A1309
sup,A1182,A611
sup,A1182,A827
sup,A1182,A1315
sup,A1182,A47
sup,A1182,A379
sup,A1182,A1306
sup,A1182,A1266
sup,A1182,A971
sup,A1182,A1363
sup,A1182,A244
sup,A1182,A131
sup,A1182,A793
sup,A1182,A174
sup,A1182,A401
sup,A1182,A1827
sup,A1182,A989
sup,A1182,A1307
sup,A1182,A1046
sup,A1185,A551
sup,A1185,A1717
sup,A1185,A1518
sup,A1185,A26
sup,A1187,A1442
sup,A1187,A929
sup,A1187,A1204
sup,A1187,A860
sup,A1187,A1278
sup,A1187,A127
sup,A1187,A378
sup,A1187,A1408
sup,A1189,A568
sup,A1189,A103
sup,A1189,A1586
sup,A1189,A162
sup,A1189,A1877
sup,A1189,A416
sup,A1189,A1311
sup,A1189,A1433
sup,A1189,A839
sup,A1189,A1070
sup,A1189,A1478
sup,A1189,A1398
sup,A1189,A1674
sup,A1189,A1836
sup,A1189,A1154
sup,A1189,A987
sup,A1189,A1776
sup,A1189,A1752
sup,A1189,A966
sup,A1189,A671
sup,A1189,A1679
sup,A1189,A1867
sup,A1193,A1824
sup,A1193,A492
sup,A1193,A1148
sup,A1194,A187
sup,A1194,A1831
sup,A1194,A882
sup,A1194,A539
sup,A1194,A447
sup,A1194,A495
sup,A1194,A1127
sup,A1194,A845
sup,A1194,A46
sup,A1194,A15
sup,A1199,A1852
sup,A1199,A1726
sup,A1199,A1789
sup,A1199,A553
sup,A1199,A668
sup,A1199,A990
sup,A1199,A1240
sup,A1199,A185
sup,A1199,A1513
sup,A1199,A1221
sup,A1199,A81
sup,A1199,A388
sup,A1199,A262
sup,A1199,A1393
sup,A1199,A555
sup,A1199,A1698
sup,A1199,A394
sup,A1199,A927
sup,A1199,A777
sup,A1200,A1559
sup,A1200,A620
sup,A1200,A1652
sup,A1200,A1750
sup,A1200,A1866
sup,A1200,A726
sup,A1200,A1482
sup,A1200,A1021
sup,A1200,A1304
sup,A1200,A463
sup,A1200,A1864
sup,A1201,A262
sup,A1201,A1235
sup,A1201,A1702
sup,A1201,A573
sup,A1201,A1704
sup,A1201,A833
sup,A1201,A336
sup,A1201,A1519
sup,A1201,A1826
sup,A1201,A1117
sup,A1201,A1720
sup,A1201,A1075
sup,A1201,A16
sup,A1201,A482
sup,A1201,A143
sup,A1201,A855
sup,A1201,A1640
sup,A1201,A15
sup,A1201,A1155
sup,A1201,A1266
sup,A1202,A1751
sup,A1202,A277
sup,A1202,A929
sup,A1202,A1658
sup,A1202,A328
sup,A1202,A1863
sup,A1202,A1006
sup,A1202,A555
sup,A1202,A1174
sup,A1202,A494
sup,A1202,A1233
sup,A1202,A1470
sup,A1202,A907
sup,A1202,A1160
sup,A1202,A1148
sup,A1202,A1238
sup,A1203,A1376
sup,A1203,A465
sup,A1203,A1170
sup,A1203,A1260
sup,A1203,A1053
sup,A1208,A1478
sup,A1208,A1177
sup,A1208,A1058
sup,A1208,A957
sup,A1208,A1872
sup,A1208,A1656
sup,A1208,A378
sup,A1208,A1027
sup,A1208,A380
sup,A1208,A1346
sup,A1208,A151
sup,A1208,A694
sup,A1208,A997
sup,A1208,A1395
sup,A1208,A282
sup,A1208,A1574
sup,A1208,A1106
sup,A1210,A1700
sup,A1210,A244
sup,A1210,A978
sup,A1210,A9
sup,A1210,A1701
sup,A1212,A802
sup,A1212,A437
sup,A1212,A1245
sup,A1212,A942
sup,A1212,A1824
sup,A1212,A1024
sup,A1212,A964
sup,A1212,A960
sup,A1212,A1172
sup,A1212,A137
sup,A1213,A1807
sup,A1213,A163
sup,A1213,A175
sup,A1213,A531
sup,A1213,A48
sup,A1213,A94
sup,A1213,A1269
sup,A1213,A344
sup,A1213,A1153
sup,A1213,A234
sup,A1213,A9
sup,A1213,A1058
sup,A1213,A537
sup,A1213,A1646
sup,A1213,A249
sup,A1213,A1463
sup,A1213,A1469
sup,A1213,A1666
sup,A1221,A1310
sup,A1221,A1466
sup,A1221,A573
sup,A1221,A1339
sup,A1221,A848
sup,A1221,A1524
sup,A1221,A1569
sup,A1221,A1315
sup,A1221,A73
sup,A1221,A1472
sup,A1221,A1541
sup,A1221,A614
sup,A1221,A1266
sup,A1222,A848
sup,A1222,A290
sup,A1222,A838
sup,A1222,A1531
sup,A1222,A204
sup,A1222,A321
sup,A1222,A1795
sup,A1222,A1272
sup,A1222,A571
sup,A1222,A58
sup,A1222,A1867
sup,A1222,A702
sup,A1224,A952
sup,A1224,A166
sup,A1224,A1137
sup,A1224,A112
sup,A1224,A1863
sup,A1224,A1690
sup,A1224,A1152
sup,A1224,A67
sup,A1224,A1545
sup,A1227,A807
sup,A1227,A768
sup,A1231,A1020
sup,A1231,A1108
sup,A1231,A824
sup,A1231,A831
sup,A1231,A204
sup,A1231,A1388
sup,A1231,A1180
sup,A1231,A250
sup,A1231,A1370
sup,A1231,A1103
sup,A1231,A139
sup,A1231,A893
sup,A1231,A1433
sup,A1231,A404
sup,A1231,A584
sup,A1231,A1799
sup,A1231,A616
sup,A1232,A1487
sup,A1232,A692
sup,A1232,A942
sup,A1232,A444
sup,A1232,A70
sup,A1232,A1353
sup,A1232,A1566
sup,A1232,A871
sup,A1232,A1652
sup,A1235,A713
sup,A1235,A366
sup,A1235,A691
sup,A1235,A1333
sup,A1236,A451
sup,A1236,A1707
sup,A1236,A205
sup,A1238,A501
sup,A1238,A1168
sup,A1238,A17
sup,A1238,A1056
sup,A1238,A6
sup,A1238,A1205
sup,A1238,A1415
sup,A1238,A1733
sup,A1238,A1380
sup,A1238,A684
sup,A1238,A1078
sup,A1238,A811
sup,A1238,A558
sup,A1238,A479
sup,A1238,A363
sup,A1240,A1539
sup,A1240,A1255
sup,A1240,A603
sup,A1240,A1356
sup,A1240,A1233
sup,A1240,A889
sup,A1240,A237
sup,A1240,A1365
sup,A1240,A382
sup,A1240,A1516
sup,A1240,A621
sup,A1240,A1611
sup,A1240,A922
sup,A1240,A329
sup,A1240,A561
sup,A1240,A855
sup,A1240,A1237
sup,A1241,A329
sup,A1241,A175
sup,A1241,A1610
sup,A1241,A1518
sup,A1241,A763
sup,A1241,A1480
sup,A1241,A354
sup,A1241,A481
sup,A1241,A783
sup,A1241,A289
sup,A1241,A923
sup,A1241,A447
sup,A1241,A1055
sup,A1241,A412
sup,A1241,A632
sup,A1241,A929
sup,A1241,A1657
sup,A1241,A282
sup,A1241,A95
sup,A1241,A1575
sup,A1244,A1358
sup,A1247,A1167
sup,A1247,A1606
sup,A1247,A627
sup,A1247,A1599
sup,A1247,A1244
sup,A1247,A234
sup,A1247,A746
sup,A1247,A223
sup,A1247,A1743
sup,A1247,A1205
sup,A1251,A1177
sup,A1251,A395
sup,A1251,A92
sup,A1251,A1398
sup,A1251,A1509
sup,A1251,A1791
sup,A1251,A491
sup,A1251,A1514
sup,A1251,A258
sup,A1251,A1814
sup,A1251,A716
sup,A1251,A559
sup,A1251,A1147
sup,A1251,A30
sup,A1251,A856
sup,A1251,A1620
sup,A1251,A872
sup,A1252,A1144
sup,A1252,A1378
sup,A1252,A1028
sup,A1255,A1223
sup,A1256,A1567
sup,A1256,A1244
sup,A1257,A58
sup,A1257,A944
sup,A1257,A1733
sup,A1257,A1582
sup,A1257,A831
sup,A1257,A968
sup,A1257,A566
sup,A1257,A587
sup,A1257,A759
sup,A1257,A1457
sup,A1257,A1643
sup,A1257,A1791
sup,A1257,A930
sup,A1257,A1397
sup,A1257,A905
sup,A1257,A1407
sup,A1257,A1748
sup,A1257,A1865
sup,A1257,A1124
sup,A1257,A612
sup,A1257,A486
sup,A1257,A901
sup,A1257,A1500
sup,A1260,A1664
sup,A1260,A1569
sup,A1260,A906
sup,A1260,A51
sup,A1260,A1416
sup,A1260,A68
sup,A1260,A179
sup,A1260,A1211
sup,A1260,A796
sup,A1260,A113
sup,A1260,A40
sup,A1260,A253
sup,A1260,A854
sup,A1260,A572
sup,A1260,A740
sup,A1260,A366
sup,A1260,A897
sup,A1260,A1160
sup,A1260,A1753
sup,A1260,A1499
sup,A1260,A1306
sup,A1263,A250
sup,A1263,A490
sup,A1263,A526
sup,A1266,A6
sup,A1266,A1581
sup,A1266,A328
sup,A1266,A1212
sup,A1266,A932
sup,A1266,A1470
sup,A1266,A1655
sup,A1266,A330
sup,A1266,A365
sup,A1266,A78
sup,A1267,A1114
sup,A1267,A1336
sup,A1267,A1278
sup,A1267,A130
sup,A1267,A1670
sup,A1267,A486
sup,A1267,A158
sup,A1267,A1421
sup,A1267,A849
sup,A1267,A171
sup,A1267,A1243
sup,A1267,A123
sup,A1267,A1410
sup,A1267,A1280
sup,A1271,A1503
sup,A1271,A129
sup,A1271,A1102
sup,A1271,A74
sup,A1271,A1856
sup,A1271,A995
sup,A1271,A169
sup,A1271,A1128
sup,A1271,A557
sup,A1271,A257
sup,A1271,A215
sup,A1271,A1022
sup,A1271,A1607
sup,A1271,A529
sup,A1271,A1199
sup,A1271,A225
sup,A1271,A628
sup,A1272,A5
sup,A1272,A138
sup,A1272,A278
sup,A1272,A274
sup,A1273,A1510
sup,A1273,A1759
sup,A1273,A1112
sup,A1274,A112
sup,A1274,A1818
sup,A1274,A535
sup,A1274,A931
sup,A1274,A599
sup,A1274,A1106
sup,A1274,A1688
sup,A1274,A1527
sup,A1274,A1600
sup,A1274,A241
sup,A1274,A334
sup,A1274,A860
sup,A1274,A484
sup,A1274,A874
sup,A1274,A491
sup,A1274,A1325
sup,A1274,A323
sup,A1274,A953
sup,A1274,A1779
sup,A1275,A852
sup,A1275,A698
sup,A1275,A1303
sup,A1275,A301
sup,A1275,A719
sup,A1275,A622
sup,A1276,A977
sup,A1276,A1211
sup,A1276,A714
sup,A1276,A1128
sup,A1276,A1894
sup,A1276,A297
sup,A1277,A1475
sup,A1277,A217
sup,A1277,A716
sup,A1277,A1647
sup,A1277,A1574
sup,A1277,A1836
sup,A1277,A1114
sup,A1277,A34
sup,A1277,A1471
sup,A1277,A1561
sup,A1277,A1410
sup,A1277,A1294
sup,A1277,A1558
sup,A1277,A1305
sup,A1277,A33
sup,A1277,A234
sup,A1280,A359
sup,A1280,A1123
sup,A1280,A1835
sup,A1280,A1844
sup,A1282,A270
sup,A1282,A926
sup,A1282,A511
sup,A1282,A896
sup,A1282,A422
sup,A1282,A1602
sup,A1282,A1252
sup,A1282,A251
sup,A1282,A866
sup,A1282,A1653
sup,A1282,A173
sup,A1282,A1230
sup,A1282,A1305
sup,A1282,A38
sup,A1282,A124
sup,A1282,A1604
sup,A1284,A533
sup,A1284,A1266
sup,A1284,A1148
sup,A1284,A1014
sup,A1284,A353
sup,A1284,A1628
sup,A1284,A1025
sup,A1284,A1010
sup,A1284,A626
sup,A1284,A1333
sup,A1284,A1358
sup,A1284,A619
sup,A1284,A664
sup,A1286,A972
sup,A1286,A1523
sup,A1286,A226
sup,A1286,A1192
sup,A1286,A455
sup,A1286,A1380
sup,A1286,A156
sup,A1286,A10
sup,A1286,A1197
sup,A1286,A1626
sup,A1286,A556
sup,A1286,A1409
sup,A1286,A788
sup,A1286,A509
sup,A1286,A1630
sup,A1286,A551
sup,A1286,A476
sup,A1286,A1457
sup,A1286,A993
sup,A1286,A99
sup,A1286,A887
sup,A1286,A1063
sup,A1286,A1444
sup,A1292,A405
sup,A1292,A901
sup,A1292,A418
sup,A1292,A56
sup,A1292,A894
sup,A1292,A360
sup,A1292,A422
sup,A1292,A392
sup,A1292,A1083
sup,A1292,A935
sup,A1292,A564
sup,A1292,A1132
sup,A1294,A1544
sup,A1294,A754
sup,A1294,A1413
sup,A1294,A963
sup,A1294,A1015
sup,A1295,A1576
sup,A1295,A1863
sup,A1295,A108
sup,A1295,A189
sup,A1295,A278
sup,A1295,A111
sup,A1295,A291
sup,A1295,A1400
sup,A1295,A1773
sup,A1295,A1592
sup,A1295,A1287
sup,A1295,A1704
sup,A1295,A1885
sup,A1295,A982
sup,A1295,A1543
sup,A1296,A5
sup,A1296,A1891
sup,A1296,A737
sup,A1296,A143
sup,A1296,A1652
sup,A1296,A1391
sup,A1296,A1328
sup,A1296,A1311
sup,A1296,A348
sup,A1296,A1618
sup,A1296,A362
sup,A1296,A676
sup,A1296,A931
sup,A1296,A1823
sup,A1296,A1609
sup,A1296,A1800
sup,A1296,A192
sup,A1296,A858
sup,A1296,A1069
sup,A1296,A1642
sup,A1298,A751
sup,A1298,A75
sup,A1298,A133
sup,A1298,A515
sup,A1299,A1744
sup,A1299,A351
sup,A1299,A933
sup,A1299,A1341
sup,A1299,A310
sup,A1299,A1625
sup,A1299,A1727
sup,A1299,A1444
sup,A1299,A878
sup,A1300,A1779
sup,A1300,A787
sup,A1300,A836
sup,A1300,A490
sup,A1300,A887
sup,A1300,A199
sup,A1300,A1818
sup,A1300,A1645
sup,A1300,A1774
sup,A1300,A1179
sup,A1302,A358
sup,A1302,A920
sup,A1304,A1635
sup,A1304,A928
sup,A1304,A310
sup,A1304,A1412
sup,A1305,A768
sup,A1305,A236
sup,A1305,A835
sup,A1305,A229
sup,A1305,A1803
sup,A1305,A1855
sup,A1305,A1267
sup,A1305,A1476
sup,A1305,A1015
sup,A1305,A1486
sup,A1305,A1566
sup,A1305,A1841
sup,A1305,A283
sup,A1305,A1724
sup,A1305,A1770
sup,A1305,A140
sup,A1305,A469
sup,A1305,A554
sup,A1305,A543
sup,A1305,A1646
sup,A1307,A978
sup,A1307,A94
sup,A1307,A992
sup,A1308,A10
sup,A1308,A1881
sup,A1310,A1336
sup,A1310,A516
sup,A1310,A1104
sup,A1310,A1373
sup,A1310,A491
sup,A1310,A85
sup,A1310,A1815
sup,A1310,A437
sup,A1310,A560
sup,A1310,A1627
sup,A1310,A1775
sup,A1310,A1352
sup,A1310,A788
sup,A1310,A833
sup,A1310,A1075
sup,A1310,A1443
sup,A1310,A1233
sup,A1312,A240
sup,A1312,A1109
sup,A1312,A904
sup,A1312,A320
sup,A1312,A491
sup,A1312,A387
sup,A1312,A645
sup,A1312,A69
sup,A1312,A154
sup,A1312,A418
sup,A1312,A1398
sup,A1312,A1427
sup,A1312,A1198
sup,A1312,A161
sup,A1312,A624
sup,A1312,A523
sup,A1312,A1665
sup,A1312,A1799
sup,A1312,A409
sup,A1313,A297
sup,A1313,A1305
sup,A1313,A123
sup,A1313,A980
sup,A1313,A127
sup,A1313,A624
sup,A1313,A360
sup,A1313,A1765
sup,A1313,A1602
sup,A1313,A1409
sup,A1313,A943
sup,A1313,A362
sup,A1313,A1496
sup,A1313,A1502
sup,A1313,A1734
sup,A1313,A499
sup,A1313,A211
sup,A1315,A419
sup,A1315,A262
sup,A1315,A1608
sup,A1315,A1008
sup,A1315,A1685
sup,A1315,A745
sup,A1321,A822
sup,A1321,A84
sup,A1321,A1884
sup,A1321,A1785
sup,A1321,A627
sup,A1321,A1849
sup,A1321,A894
sup,A1321,A623
sup,A1321,A1570
sup,A1321,A964
sup,A1321,A1473
sup,A1321,A1147
sup,A1321,A707
sup,A1321,A1188
sup,A1321,A1747
sup,A1321,A576
sup,A1321,A602
sup,A1321,A1710
sup,A1322,A1804
sup,A1322,A1278
sup,A1322,A1029
sup,A1322,A724
sup,A1322,A1251
sup,A1322,A1153
sup,A1322,A1220
sup,A1322,A1857
sup,A1322,A1104
sup,A1322,A1876
sup,A1322,A898
sup,A1322,A433
sup,A1322,A1484
sup,A1322,A60
sup,A1322,A1598
sup,A1322,A278
sup,A1322,A1468
sup,A1323,A750
sup,A1324,A1011
sup,A1324,A1345
sup,A1324,A930
sup,A1324,A900
sup,A1324,A109
sup,A1324,A1525
sup,A1324,A1024
sup,A1324,A1544
sup,A1324,A1218
sup,A1324,A651
sup,A1325,A1444
sup,A1325,A643
sup,A1325,A1755
sup,A1325,A1529
sup,A1325,A1786
sup,A1325,A660
sup,A1325,A1185
sup,A1325,A1192
sup,A1325,A1553
sup,A1325,A898
sup,A1325,A1461
sup,A1327,A1258
sup,A1327,A1366
sup,A1327,A407
sup,A1328,A919
sup,A1328,A580
sup,A1328,A888
sup,A1328,A1763
sup,A1328,A1810
sup,A1328,A951
sup,A1328,A680
sup,A1328,A486
sup,A1328,A152
sup,A1328,A1600
sup,A1328,A8
sup,A1328,A777
sup,A1328,A309
sup,A1328,A833
sup,A1328,A708
sup,A1329,A116
sup,A1329,A415
sup,A1329,A58
sup,A1329,A1237
sup,A1329,A1023
sup,A1329,A581
sup,A1329,A1440
sup,A1329,A1028
sup,A1329,A705
sup,A1330,A1781
sup,A1330,A1024
sup,A1330,A1053
sup,A1333,A1660
sup,A1333,A980
sup,A1333,A669
sup,A1333,A858
sup,A1333,A1414
sup,A1333,A311
sup,A1333,A1799
sup,A1333,A495
sup,A1333,A92
sup,A1333,A825
sup,A1333,A1605
sup,A1333,A649
sup,A1333,A225
sup,A1333,A489
sup,A1333,A555
sup,A1333,A1727
sup,A1335,A3
sup,A1335,A1752
sup,A1335,A638
sup,A1335,A202
sup,A1335,A502
sup,A1335,A959
sup,A1335,A530
sup,A1335,A1697
sup,A1335,A1708
sup,A1335,A1838
sup,A1335,A1664
sup,A1335,A531
sup,A1335,A110
sup,A1335,A557
sup,A1335,A723
sup,A1335,A538
sup,A1335,A716
sup,A1336,A381
sup,A1336,A1284
sup,A1336,A680
sup,A1336,A1595
sup,A1336,A1172
sup,A1336,A963
sup,A1336,A354
sup,A1336,A1858
sup,A1336,A290
sup,A1336,A709
sup,A1336,A1867
sup,A1336,A1721
sup,A1336,A504
sup,A1336,A1578
sup,A1336,A1832
sup,A1336,A215
sup,A1336,A206
sup,A1336,A1750
sup,A1338,A1503
sup,A1338,A1196
sup,A1338,A475
sup,A1338,A1757
sup,A1338,A589
sup,A1338,A782
sup,A1338,A901
sup,A1338,A352
sup,A1338,A85
sup,A1338,A81
sup,A1338,A960
sup,A1338,A1571
sup,A1338,A1721
sup,A1338,A1442
sup,A1338,A1311
sup,A1338,A1663
sup,A1338,A547
sup,A1338,A1772
sup,A1338,A218
sup,A1338,A1697
sup,A1338,A1029
sup,A1340,A1140
sup,A1340,A1258
sup,A1340,A1707
sup,A1340,A90
sup,A1340,A1145
sup,A1340,A276
sup,A1340,A480
sup,A1340,A1386
sup,A1340,A1079
sup,A1340,A383
sup,A1340,A873
sup,A1340,A726
sup,A1340,A1429
sup,A1340,A1056
sup,A1340,A17
sup,A1340,A1256
sup,A1340,A1350
sup,A1340,A899
sup,A1340,A253
sup,A1340,A1367
sup,A1340,A1649
sup,A1342,A1474
sup,A1343,A1634
sup,A1343,A1689
sup,A1343,A597
sup,A1343,A1257
sup,A1343,A1851
sup,A1343,A349
sup,A1343,A755
sup,A1343,A205
sup,A1343,A980
sup,A1343,A1655
sup,A1343,A806
sup,A1345,A856
sup,A1345,A740
sup,A1345,A1116
sup,A1345,A804
sup,A1345,A1015
sup,A1345,A318
sup,A1345,A1242
sup,A1345,A1
sup,A1345,A5
sup,A1345,A1722
sup,A1345,A40
sup,A1345,A1658
sup,A1346,A209
sup,A1346,A1843
sup,A1346,A329
sup,A1347,A1799
sup,A1347,A114
sup,A1347,A1481
sup,A1347,A435
sup,A1347,A725
sup,A1347,A283
sup,A1347,A1530
sup,A1347,A236
sup,A1347,A1277
sup,A1347,A296
sup,A1347,A1091
sup,A1347,A1023
sup,A1347,A1602
sup,A1347,A227
sup,A1347,A1114
sup,A1347,A857
sup,A1347,A1798
sup,A1347,A293
sup,A1347,A1392
sup,A1357,A23
sup,A1357,A1339
sup,A1357,A1780
sup,A1357,A771
sup,A1357,A544
sup,A1357,A1067
sup,A1357,A174
sup,A1357,A942
sup,A1357,A746
sup,A1357,A774
sup,A1362,A855
sup,A1362,A1142
sup,A1363,A1424
sup,A1363,A1710
sup,A1363,A1441
sup,A1363,A1546
sup,A1363,A1621
sup,A1367,A1797
sup,A1367,A101
sup,A1367,A1360
sup,A1367,A700
sup,A1367,A811
sup,A1367,A1642
sup,A1367,A1400
sup,A1367,A877
sup,A1367,A134
sup,A1367,A1160
sup,A1367,A1632
sup,A1367,A1309
sup,A1367,A1405
sup,A1367,A806
sup,A1367,A1123
sup,A1368,A1506
sup,A1368,A1017
sup,A1368,A1695
sup,A1368,A1539
sup,A1368,A1119
sup,A1368,A69
sup,A1368,A513
sup,A1368,A1754
sup,A1368,A1154
sup,A1368,A759
sup,A1368,A1652
sup,A1368,A899
sup,A1368,A226
sup,A1368,A161
sup,A1368,A1830
sup,A1368,A1710
sup,A1368,A20
sup,A1371,A782
sup,A1371,A1155
sup,A1371,A340
sup,A1371,A273
sup,A1371,A401
sup,A1371,A825
sup,A1371,A288
sup,A1371,A1558
sup,A1371,A1249
sup,A1371,A198
sup,A1371,A607
sup,A1376,A914
sup,A1376,A437
sup,A1376,A1754
sup,A1376,A33
sup,A1376,A111
sup,A1376,A1437
sup,A1376,A1656
sup,A1377,A1104
sup,A1377,A738
sup,A1377,A1469
sup,A1377,A1605
sup,A1377,A60
sup,A1377,A273
sup,A1377,A881
sup,A1377,A1009
sup,A1377,A173
sup,A1379,A123
sup,A1379,A349
sup,A1379,A167
sup,A1379,A1014
sup,A1379,A869
sup,A1379,A421
sup,A1379,A1237
sup,A1379,A1219
sup,A1379,A616
sup,A1379,A224
sup,A1379,A406
sup,A1383,A1266
sup,A1383,A1696
sup,A1383,A624
sup,A1383,A1725
sup,A1383,A1707
sup,A1384,A1527
sup,A1384,A1439
sup,A1384,A1243
sup,A1384,A967
sup,A1384,A1710
sup,A1384,A1380
sup,A1384,A1235
sup,A1384,A1303
sup,A1384,A71
sup,A1384,A82
sup,A1384,A997
sup,A1384,A1689
sup,A1384,A647
sup,A1384,A454
sup,A1384,A480
sup,A1384,A754
sup,A1384,A1497
sup,A1384,A483
sup,A1387,A1689
sup,A1388,A1814
sup,A1390,A947
sup,A1390,A1567
sup,A1390,A810
sup,A1390,A779
sup,A1390,A1280
sup,A1390,A448
sup,A1390,A1655
sup,A1390,A1409
sup,A1390,A1446
sup,A1390,A31
sup,A1391,A1425
sup,A1394,A1816
sup,A1394,A516
sup,A1394,A1504
sup,A1394,A476
sup,A1394,A631
sup,A1394,A1855
sup,A1394,A444
sup,A1394,A1010
sup,A1394,A1007
sup,A1394,A620
sup,A1394,A1443
sup,A1394,A52
sup,A1394,A1275
sup,A1394,A577
sup,A1394,A680
sup,A1394,A771
sup,A1394,A889
sup,A1394,A67
sup,A1394,A836
sup,A1394,A775
sup,A1394,A1258
sup,A1395,A209
sup,A1395,A1202
sup,A1395,A644
sup,A1395,A188
sup,A1395,A549
sup,A1395,A333
sup,A1395,A1851
sup,A1395,A799
sup,A1395,A1741
sup,A1395,A801
sup,A1395,A967
sup,A1395,A851
sup,A1395,A50
sup,A1395,A881
sup,A1395,A1460
sup,A1395,A153
sup,A1397,A1564
sup,A1397,A1753
sup,A1397,A844
sup,A1397,A726
sup,A1397,A468
sup,A1397,A999
sup,A1397,A1160
sup,A1397,A250
sup,A1397,A426
sup,A1397,A689
sup,A1397,A381
sup,A1397,A0
sup,A1397,A1657
sup,A1397,A1380
sup,A1397,A394
sup,A1397,A536
sup,A1397,A1447
sup,A1397,A1280
sup,A1397,A412
sup,A1397,A508
sup,A1397,A1626
sup,A1397,A954
sup,A1403,A1429
sup,A1403,A716
sup,A1403,A391
sup,A1403,A149
sup,A1403,A1399
sup,A1403,A1210
sup,A1403,A764
sup,A1404,A866
sup,A1404,A1169
sup,A1404,A1177
sup,A1404,A1081
sup,A1404,A636
sup,A1404,A712
sup,A1404,A1299
sup,A1406,A1276
sup,A1406,A650
sup,A1406,A120
sup,A1406,A404
sup,A1406,A257
sup,A1406,A1322
sup,A1407,A972
sup,A1407,A1246
sup,A1407,A644
sup,A1407,A668
sup,A1407,A1431
sup,A1407,A1679
sup,A1409,A370
sup,A1409,A634
sup,A1409,A47
sup,A1409,A1068
sup,A1409,A619
sup,A1409,A698
sup,A1409,A128
sup,A1410,A1548
sup,A1410,A216
sup,A1410,A462
sup,A1410,A1059
sup,A1410,A1452
sup,A1410,A1734
sup,A1410,A1528
sup,A1410,A8
sup,A1410,A1457
sup,A1410,A1521
sup,A1410,A90
sup,A1410,A69
sup,A1410,A146
sup,A1410,A152
sup,A1410,A330
sup,A1410,A1017
sup,A1412,A1058
sup,A1412,A259
sup,A1413,A1183
sup,A1413,A138
sup,A1413,A1389
sup,A1413,A1386
sup,A1413,A133
sup,A1413,A1820
sup,A1413,A510
sup,A1413,A568
sup,A1413,A619
sup,A1413,A36
sup,A1413,A165
sup,A1413,A259
sup,A1414,A622
sup,A1414,A809
sup,A1414,A462
sup,A1414,A198
sup,A1414,A1584
sup,A1414,A49
sup,A1414,A1811
sup,A1421,A1460
sup,A1421,A328
sup,A1421,A1491
sup,A1421,A1827
sup,A1421,A617
sup,A1421,A521
sup,A1421,A805
sup,A1421,A135
sup,A1421,A847
sup,A1424,A1827
sup,A1424,A1606
sup,A1424,A69
sup,A1424,A308
sup,A1426,A289
sup,A1426,A1151
sup,A1426,A973
sup,A1426,A1572
sup,A1426,A1789
sup,A1426,A1359
sup,A1426,A369
sup,A1426,A1248
sup,A1426,A484
sup,A1426,A799
sup,A1426,A790
sup,A1426,A391
sup,A1426,A1721
sup,A1426,A455
sup,A1426,A1508
sup,A1426,A110
sup,A1426,A1806
sup,A1426,A699
sup,A1426,A1113
sup,A1426,A466
sup,A1426,A604
sup,A1426,A1750
sup,A1426,A1329
sup,A1426,A767
sup,A1426,A328
sup,A1426,A1189
sup,A1426,A1867
sup,A1426,A1746
sup,A1427,A1060
sup,A1427,A847
sup,A1427,A583
sup,A1427,A1555
sup,A1427,A1747
sup,A1427,A439
sup,A1427,A412
sup,A1427,A874
sup,A1427,A596
sup,A1427,A764
sup,A1427,A1244
sup,A1427,A1475
sup,A1427,A137
sup,A1427,A732
sup,A1427,A1870
sup,A1427,A954
sup,A1427,A1379
sup,A1427,A1480
sup,A1427,A1449
sup,A1427,A352
sup,A1432,A1536
sup,A1432,A1677
sup,A1432,A1277
sup,A1432,A488
sup,A1432,A36
sup,A1432,A1239
sup,A1432,A765
sup,A1432,A569
sup,A1432,A775
sup,A1433,A225
sup,A1433,A1708
sup,A1433,A550
sup,A1433,A212
sup,A1433,A1890
sup,A1433,A1724
sup,A1434,A1507
sup,A1434,A35
sup,A1434,A1641
sup,A1434,A477
sup,A1434,A1286
sup,A1434,A1164
sup,A1434,A1475
sup,A1440,A890
sup,A1440,A1143
sup,A1440,A11
sup,A1440,A413
sup,A1440,A1538
sup,A1440,A940
sup,A1440,A86
sup,A1440,A1807
sup,A1440,A1764
sup,A1440,A160
sup,A1440,A1705
sup,A1440,A969
sup,A1440,A875
sup,A1440,A567
sup,A1440,A380
sup,A1440,A1539
sup,A1440,A1299
sup,A1442,A798
sup,A1442,A343
sup,A1442,A1385
sup,A1442,A228
sup,A1442,A99
sup,A1442,A1203
sup,A1442,A1601
sup,A1442,A820
sup,A1442,A229
sup,A1442,A1462
sup,A1442,A876
sup,A1442,A325
sup,A1442,A493
sup,A1442,A892
sup,A1442,A1677
sup,A1442,A1899
sup,A1442,A629
sup,A1443,A1003
sup,A1443,A207
sup,A1443,A334
sup,A1443,A421
sup,A1443,A1460
sup,A1443,A945
sup,A1443,A1258
sup,A1443,A191
sup,A1443,A1384
sup,A1448,A1897
sup,A1448,A1344
sup,A1448,A277
sup,A1448,A1043
sup,A1448,A641
sup,A1448,A42
sup,A1448,A898
sup,A1448,A803
sup,A1448,A1868
sup,A1452,A1843
sup,A1452,A1882
sup,A1452,A1002
sup,A1452,A1212
sup,A1452,A1864
sup,A1452,A1561
sup,A1452,A1219
sup,A1452,A16
sup,A1452,A1630
sup,A1452,A1750
sup,A1452,A1148
sup,A1452,A206
sup,A1452,A1790
sup,A1452,A571
sup,A1452,A1407
sup,A1452,A1571
sup,A1452,A1140
sup,A1452,A747
sup,A1452,A595
sup,A1452,A841
sup,A1452,A1748
sup,A1452,A1806
sup,A1452,A41
sup,A1452,A654
sup,A1452,A1842
sup,A1452,A1088
sup,A1452,A407
sup,A1452,A1763
sup,A1453,A738
sup,A1453,A1142
sup,A1453,A386
sup,A1453,A906
sup,A1453,A1734
sup,A1453,A530
sup,A1453,A349
sup,A1453,A622
sup,A1453,A1173
sup,A1453,A20
sup,A1453,A1602
sup,A1453,A180
sup,A1453,A1179
sup,A1453,A1727
sup,A1453,A1647
sup,A1453,A763
sup,A1453,A333
sup,A1453,A1154
sup,A1453,A1344
sup,A1453,A540
sup,A1453,A388
sup,A1453,A162
sup,A1453,A1090
sup,A1453,A458
sup,A1453,A492
sup,A1454,A1252
sup,A1454,A1621
sup,A1454,A1887
sup,A1454,A1190
sup,A1454,A316
sup,A1454,A897
sup,A1454,A141
sup,A1456,A622
sup,A1456,A493
sup,A1456,A1242
sup,A1456,A550
sup,A1456,A139
sup,A1456,A1390
sup,A1456,A1435
sup,A1456,A1884
sup,A1456,A1715
sup,A1456,A323
sup,A1456,A1207
sup,A1457,A377
sup,A1457,A120
sup,A1457,A1848
sup,A1457,A197
sup,A1457,A187
sup,A1459,A935
sup,A1459,A138
sup,A1459,A1466
sup,A1459,A1740
sup,A1459,A467
sup,A1459,A672
sup,A1459,A710
sup,A1459,A580
sup,A1459,A1768
sup,A1459,A309
sup,A1460,A589
sup,A1460,A990
sup,A1460,A1188
sup,A1460,A1322
sup,A1460,A37
sup,A1460,A1397
sup,A1460,A636
sup,A1460,A1286
sup,A1460,A1315
sup,A1460,A978
sup,A1460,A769
sup,A1460,A896
sup,A1460,A1452
sup,A1460,A983
sup,A1460,A928
sup,A1460,A4
sup,A1460,A1175
sup,A1460,A423
sup,A1460,A725
sup,A1460,A1773
sup,A1460,A1592
sup,A1460,A785
sup,A1464,A268
sup,A1464,A228
sup,A1464,A1820
sup,A1464,A1604
sup,A1464,A576
sup,A1464,A486
sup,A1464,A554
sup,A1464,A9
sup,A1464,A312
sup,A1464,A1845
sup,A1464,A999
sup,A1464,A963
sup,A1464,A769
sup,A1464,A1598
sup,A1464,A437
sup,A1464,A802
sup,A1465,A1185
sup,A1465,A1629
sup,A1465,A567
sup,A1465,A1579
sup,A1465,A217
sup,A1465,A1148
sup,A1465,A918
sup,A1465,A1873
sup,A1465,A1804
sup,A1465,A401
sup,A1465,A1242
sup,A1465,A304
sup,A1465,A422
sup,A1465,A1594
sup,A1466,A1711
sup,A1466,A1616
sup,A1466,A1420
sup,A1466,A75
sup,A1466,A632
sup,A1466,A395
sup,A1466,A1366
sup,A1470,A1062
sup,A1470,A881
sup,A1470,A414
sup,A1470,A476
sup,A1470,A1892
sup,A1470,A941
sup,A1470,A1658
sup,A1470,A1266
sup,A1470,A1647
sup,A1470,A1685
sup,A1470,A1032
sup,A1470,A424
sup,A1470,A1732
sup,A1470,A1329
sup,A1470,A53
sup,A1470,A932
sup,A1470,A825
sup,A1470,A1792
sup,A1470,A63
sup,A1471,A572
sup,A1471,A1107
sup,A1471,A278
sup,A1471,A364
sup,A1471,A346
sup,A1471,A1283
sup,A1471,A694
sup,A1471,A1056
sup,A1471,A846
sup,A1471,A1376
sup,A1471,A1744
sup,A1471,A913
sup,A1471,A944
sup,A1471,A970
sup,A1471,A863
sup,A1472,A613
sup,A1472,A1602
sup,A1472,A1564
sup,A1472,A748
sup,A1472,A1379
sup,A1472,A696
sup,A1472,A36
sup,A1472,A907
sup,A1472,A528
sup,A1472,A531
sup,A1472,A1552
sup,A1472,A928
sup,A1472,A1013
sup,A1472,A98
sup,A1472,A387
sup,A1472,A1834
sup,A1472,A1351
sup,A1473,A311
sup,A1473,A143
sup,A1473,A1516
sup,A1473,A120
sup,A1473,A193
sup,A1473,A1812
sup,A1473,A165
sup,A1473,A1893
sup,A1473,A1459
sup,A1473,A1742
sup,A1473,A250
sup,A1473,A174
sup,A1473,A925
sup,A1473,A1228
sup,A1473,A1494
sup,A1473,A639
sup,A1477,A58
sup,A1477,A230
sup,A1477,A868
sup,A1477,A1818
sup,A1477,A1303
sup,A1477,A796
sup,A1477,A126
sup,A1477,A133
sup,A1477,A1219
sup,A1477,A832
sup,A1477,A562
sup,A1477,A1084
sup,A1477,A327
sup,A1477,A1433
sup,A1477,A896
sup,A1477,A1296
sup,A1477,A1855
sup,A1477,A1282
sup,A1477,A872
sup,A1477,A1539
sup,A1478,A342
sup,A1478,A1633
sup,A1478,A1113
sup,A1478,A1405
sup,A1478,A562
sup,A1480,A387
sup,A1480,A1520
sup,A1480,A603
sup,A1480,A171
sup,A1480,A46
sup,A1481,A1679
sup,A1481,A1588
sup,A1481,A1570
sup,A1481,A444
sup,A1481,A242
sup,A1481,A1282
sup,A1484,A364
sup,A1484,A13
sup,A1484,A1679
sup,A1484,A1570
sup,A1484,A141
sup,A1484,A862
sup,A1485,A692
sup,A1485,A797
sup,A1485,A645
sup,A1485,A928
sup,A1485,A1463
sup,A1485,A30
sup,A1485,A1193
sup,A1485,A581
sup,A1485,A961
sup,A1485,A1784
sup,A1485,A1513
sup,A1485,A1885
sup,A1485,A304
sup,A1485,A1006
sup,A1485,A1059
sup,A1485,A129
sup,A1488,A1769
sup,A1488,A1417
sup,A1488,A134
sup,A1488,A401
sup,A1489,A0
sup,A1489,A541
sup,A1489,A1656
sup,A1489,A391
sup,A1489,A1646
sup,A1489,A1449
sup,A1489,A779
sup,A1489,A370
sup,A1493,A173
sup,A1493,A1832
sup,A1493,A1157
sup,A1493,A775
sup,A1493,A1189
sup,A1493,A1054
sup,A1493,A1192
sup,A1502,A1573
sup,A1502,A72
sup,A1502,A29
sup,A1502,A1771
sup,A1502,A1837
sup,A1502,A620
sup,A1504,A94
sup,A1504,A871
sup,A1504,A829
sup,A1504,A475
sup,A1504,A888
sup,A1504,A1586
sup,A1504,A1270
sup,A1504,A1899
sup,A1504,A116
sup,A1504,A889
sup,A1504,A971
sup,A1504,A935
sup,A1504,A1531
sup,A1504,A444
sup,A1506,A1738
sup,A1506,A750
sup,A1506,A305
sup,A1506,A1867
sup,A1506,A266
sup,A1506,A1859
sup,A1506,A1462
sup,A1506,A1843
sup,A1506,A812
sup,A1506,A254
sup,A1506,A500
sup,A1506,A1873
sup,A1506,A1506
sup,A1506,A1599
sup,A1506,A8
sup,A1506,A1837
sup,A1506,A233
sup,A1506,A391
sup,A1506,A1003
sup,A1507,A1862
sup,A1507,A461
sup,A1507,A105
sup,A1507,A1700
sup,A1507,A1497
sup,A1507,A857
sup,A1507,A703
sup,A1507,A1100
sup,A1507,A1672
sup,A1507,A1804
sup,A1507,A1348
sup,A1507,A612
sup,A1507,A1309
sup,A1507,A177
sup,A1507,A623
sup,A1507,A1776
sup,A1507,A324
sup,A1507,A1666
sup,A1507,A1421
sup,A1507,A1423
sup,A1508,A1492
sup,A1508,A500
sup,A1508,A1222
sup,A1508,A1182
sup,A1508,A668
sup,A1508,A281
sup,A1508,A1081
sup,A1508,A1520
sup,A1508,A549
sup,A1509,A1207
sup,A1509,A638
sup,A1509,A843
sup,A1510,A324
sup,A1510,A1856
sup,A1510,A542
sup,A1510,A492
sup,A1510,A1064
sup,A1510,A28
sup,A1510,A73
sup,A1510,A1230
sup,A1510,A622
sup,A1510,A538
sup,A1510,A212
sup,A1510,A256
sup,A1510,A1831
sup,A1510,A854
sup,A1510,A887
sup,A1510,A204
sup,A1511,A598
sup,A1511,A28
sup,A1511,A883
sup,A1513,A1080
sup,A1513,A732
sup,A1513,A769
sup,A1513,A1320
sup,A1513,A1087
sup,A1513,A610
sup,A1513,A135
sup,A1513,A1078
sup,A1513,A718
sup,A1513,A1275
sup,A1513,A635
sup,A1513,A799
sup,A1513,A1702
sup,A1513,A305
sup,A1513,A208
sup,A1513,A1008
sup,A1513,A1641
sup,A1513,A598
sup,A1513,A686
sup,A1520,A981
sup,A1520,A367
sup,A1520,A437
sup,A1520,A1063
sup,A1520,A1281
sup,A1520,A66
sup,A1520,A648
sup,A1523,A673
sup,A1523,A1455
sup,A1523,A996
sup,A1523,A778
sup,A1523,A440
sup,A1523,A1023
sup,A1523,A527
sup,A1523,A1343
sup,A1523,A956
sup,A1523,A126
sup,A1523,A1347
sup,A1523,A1658
sup,A1523,A1633
sup,A1523,A647
sup,A1523,A807
sup,A1523,A1310
sup,A1523,A1759
sup,A1523,A1394
sup,A1523,A801
sup,A1523,A461
sup,A1525,A1139
sup,A1525,A960
sup,A1525,A1267
sup,A1525,A1065
sup,A1525,A1393
sup,A1525,A223
sup,A1525,A169
sup,A1525,A20
sup,A1525,A184
sup,A1525,A776
sup,A1525,A75
sup,A1525,A1546
sup,A1525,A917
sup,A1525,A667
sup,A1525,A1399
sup,A1525,A1757
sup,A1531,A60
sup,A1531,A1089
sup,A1531,A1219
sup,A1531,A155
sup,A1531,A518
sup,A1531,A1604
sup,A1531,A177
sup,A1531,A888
sup,A1531,A1156
sup,A1531,A1530
sup,A1531,A18
sup,A1531,A1057
sup,A1531,A240
sup,A1531,A832
sup,A1531,A588
sup,A1531,A131
sup,A1531,A586
sup,A1531,A1797
sup,A1531,A692
sup,A1531,A352
sup,A1531,A675
sup,A1532,A935
sup,A1532,A442
sup,A1532,A694
sup,A1532,A1155
sup,A1532,A1738
sup,A1532,A1027
sup,A1532,A603
sup,A1532,A238
sup,A1532,A141
sup,A1532,A544
sup,A1532,A1011
sup,A1532,A1883
sup,A1532,A406
sup,A1532,A71
sup,A1532,A264
sup,A1532,A590
sup,A1532,A1130
sup,A1532,A1095
sup,A1536,A1214
sup,A1536,A1104
sup,A1536,A1406
sup,A1536,A1479
sup,A1536,A1820
sup,A1536,A512
sup,A1536,A1507
sup,A1536,A957
sup,A1536,A291
sup,A1536,A256
sup,A1536,A222
sup,A1536,A1447
sup,A1536,A1422
sup,A1536,A523
sup,A1536,A1209
sup,A1536,A771
sup,A1536,A1580
sup,A1537,A1428
sup,A1537,A1284
sup,A1537,A660
sup,A1537,A526
sup,A1537,A348
sup,A1540,A1811
sup,A1540,A1888
sup,A1540,A85
sup,A1540,A483
sup,A1541,A404
sup,A1541,A1342
sup,A1541,A1482
sup,A1542,A106
sup,A1542,A1756
sup,A1542,A535
sup,A1542,A1641
sup,A1542,A1401
sup,A1542,A350
sup,A1542,A1853
sup,A1542,A267
sup,A1542,A1795
sup,A1542,A706
sup,A1542,A498
sup,A1542,A1153
sup,A1542,A1601
sup,A1542,A1112
sup,A1542,A749
sup,A1542,A508
sup,A1542,A832
sup,A1542,A692
sup,A1542,A790
sup,A1542,A314
sup,A1542,A840
sup,A1542,A778
sup,A1543,A859
sup,A1543,A409
sup,A1543,A1566
sup,A1543,A1065
sup,A1543,A405
sup,A1543,A1339
sup,A1543,A1849
sup,A1543,A328
sup,A1543,A1884
sup,A1543,A975
sup,A1543,A1113
sup,A1543,A1682
sup,A1543,A1508
sup,A1543,A1756
sup,A1543,A1047
sup,A1543,A1294
sup,A1543,A1491
sup,A1543,A956
sup,A1543,A1696
sup,A1543,A1579
sup,A1547,A1485
sup,A1550,A930
sup,A1550,A1726
sup,A1550,A1304
sup,A1550,A749
sup,A1550,A693
sup,A1550,A972
sup,A1550,A1555
sup,A1550,A811
sup,A1550,A486
sup,A1550,A983
sup,A1550,A915
sup,A1550,A761
sup,A1550,A1793
sup,A1550,A1075
sup,A1550,A1564
sup,A1550,A119
sup,A1550,A1495
sup,A1551,A817
sup,A1551,A325
sup,A1551,A274
sup,A1551,A1333
sup,A1555,A1056
sup,A1555,A1730
sup,A1555,A1513
sup,A1555,A904
sup,A1555,A25
sup,A1555,A1585
sup,A1555,A1145
sup,A1555,A317
sup,A1555,A335
sup,A1555,A662
sup,A1555,A454
sup,A1555,A101
sup,A1555,A1780
sup,A1556,A1020
sup,A1556,A1380
sup,A1556,A916
sup,A1556,A1532
sup,A1556,A1739
sup,A1556,A1478
sup,A1556,A1631
sup,A1556,A1238
sup,A1556,A810
sup,A1556,A260
sup,A1556,A666
sup,A1556,A1714
sup,A1559,A589
sup,A1559,A517
sup,A1559,A1264
sup,A1559,A1524
sup,A1559,A209
sup,A1561,A175
sup,A1562,A526
sup,A1562,A234
sup,A1562,A405
sup,A1562,A840
sup,A1562,A1605
sup,A1562,A666
sup,A1562,A1799
sup,A1565,A247
sup,A1565,A16
sup,A1565,A1504
sup,A1565,A1415
sup,A1565,A205
sup,A1565,A1695
sup,A1565,A31
sup,A1565,A1152
sup,A1565,A59
sup,A1565,A746
sup,A1565,A870
sup,A1565,A125
sup,A1565,A1435
sup,A1565,A1470
sup,A1565,A391
sup,A1565,A726
sup,A1566,A1777
sup,A1566,A1676
sup,A1566,A1849
sup,A1566,A1810
sup,A1566,A1771
sup,A1566,A292
sup,A1566,A1677
sup,A1566,A820
sup,A1566,A350
sup,A1566,A1228
sup,A1566,A1355
sup,A1566,A860
sup,A1566,A1787
sup,A1566,A394
sup,A1566,A71
sup,A1567,A758
sup,A1567,A1485
sup,A1567,A1319
sup,A1567,A389
sup,A1567,A805
sup,A1569,A136
sup,A1570,A1705
sup,A1570,A1262
sup,A1570,A223
sup,A1570,A933
sup,A1570,A458
sup,A1570,A1373
sup,A1574,A1708
sup,A1574,A1158
sup,A1574,A418
sup,A1574,A637
sup,A1576,A1251
sup,A1582,A870
sup,A1582,A1660
sup,A1582,A1787
sup,A1582,A1221
sup,A1582,A430
sup,A1582,A447
sup,A1582,A1271
sup,A1582,A130
sup,A1582,A872
sup,A1582,A909
sup,A1582,A1191
sup,A1582,A1648
sup,A1582,A1278
sup,A1582,A1182
sup,A1582,A285
sup,A1582,A703
sup,A1582,A442
sup,A1582,A1684
sup,A1582,A1526
sup,A1583,A1616
sup,A1583,A1008
sup,A1583,A1383
sup,A1583,A771
sup,A1583,A366
sup,A1583,A1709
sup,A1583,A69
sup,A1583,A213
sup,A1583,A1607
sup,A1583,A153
sup,A1584,A565
sup,A1584,A498
sup,A1584,A718
sup,A1584,A152
sup,A1584,A408
sup,A1584,A683
sup,A1584,A1149
sup,A1584,A33
sup,A1584,A1808
sup,A1584,A1224
sup,A1584,A404
sup,A1585,A1807
sup,A1585,A1486
sup,A1585,A1677
sup,A1585,A1614
sup,A1585,A1603
sup,A1585,A677
sup,A1585,A31
sup,A1585,A938
sup,A1585,A1620
sup,A1586,A1531
sup,A1586,A1120
sup,A1586,A1795
sup,A1586,A416
sup,A1586,A1246
sup,A1586,A1845
sup,A1586,A1261
sup,A1586,A1096
sup,A1586,A1551
sup,A1586,A445
sup,A1586,A430
sup,A1586,A790
sup,A1586,A674
sup,A1586,A1607
sup,A1586,A772
sup,A1586,A1170
sup,A1586,A472
sup,A1586,A1690
sup,A1588,A1645
sup,A1588,A1590
sup,A1588,A676
sup,A1588,A262
sup,A1588,A1353
sup,A1588,A281
sup,A1588,A511
sup,A1588,A1627
sup,A1588,A1851
sup,A1588,A1218
sup,A1588,A616
sup,A1588,A718
sup,A1588,A862
sup,A1588,A1499
sup,A1588,A882
sup,A1588,A652
sup,A1589,A1196
sup,A1589,A32
sup,A1589,A1219
sup,A1589,A535
sup,A1589,A239
sup,A1589,A583
sup,A1589,A1535
sup,A1589,A779
sup,A1589,A1626
sup,A1589,A818
sup,A1589,A46
sup,A1589,A775
sup,A1589,A1623
sup,A1590,A1463
sup,A1590,A993
sup,A1590,A1230
sup,A1590,A1565
sup,A1590,A1198
sup,A1590,A671
sup,A1590,A1339
sup,A1590,A4
sup,A1590,A501
sup,A1590,A411
sup,A1590,A555
sup,A1590,A304
sup,A1590,A1221
sup,A1590,A358
sup,A1590,A1672
sup,A1590,A984
sup,A1591,A596
sup,A1591,A1104
sup,A1591,A1151
sup,A1594,A1546
sup,A1594,A283
sup,A1598,A826
sup,A1598,A460
sup,A1598,A327
sup,A1598,A1781
sup,A1598,A1226
sup,A1598,A1229
sup,A1598,A1607
sup,A1598,A1886
sup,A1598,A1141
sup,A1598,A483
sup,A1598,A1889
sup,A1598,A1303
sup,A1598,A1563
sup,A1598,A1647
sup,A1598,A431
sup,A1600,A1161
sup,A1603,A1623
sup,A1604,A770
sup,A1604,A1513
sup,A1604,A424
sup,A1604,A1126
sup,A1604,A1071
sup,A1604,A933
sup,A1604,A281
sup,A1604,A4
sup,A1604,A566
sup,A1604,A482
sup,A1604,A1172
sup,A1604,A473
sup,A1604,A1252
sup,A1604,A1343
sup,A1604,A1324
sup,A1605,A743
sup,A1605,A341
sup,A1605,A1156
sup,A1605,A1026
sup,A1605,A906
sup,A1605,A981
sup,A1605,A813
sup,A1605,A1689
sup,A1605,A691
sup,A1605,A271
sup,A1605,A585
sup,A1605,A534
sup,A1606,A211
sup,A1606,A604
sup,A1606,A316
sup,A1606,A445
sup,A1606,A1311
sup,A1606,A49
sup,A1606,A1284
sup,A1606,A1119
sup,A1606,A603
sup,A1606,A1319
sup,A1606,A564
sup,A1606,A489
sup,A1608,A354
sup,A1608,A1263
sup,A1608,A139
sup,A1608,A33
sup,A1608,A167
sup,A1608,A644
sup,A1612,A1529
sup,A1612,A1779
sup,A1612,A324
sup,A1612,A1038
sup,A1612,A1059
sup,A1612,A1056
sup,A1612,A409
sup,A1612,A834
sup,A1612,A440
sup,A1612,A1113
sup,A1612,A1469
sup,A1612,A616
sup,A1612,A923
sup,A1612,A956
sup,A1612,A1176
sup,A1612,A222
sup,A1613,A1140
sup,A1613,A1202
sup,A1613,A1675
sup,A1613,A1606
sup,A1613,A1031
sup,A1614,A516
sup,A1614,A1723
sup,A1614,A243
sup,A1614,A792
sup,A1614,A896
sup,A1614,A60
sup,A1614,A1267
sup,A1614,A11
sup,A1614,A1296
sup,A1614,A13
sup,A1616,A1045
sup,A1616,A327
sup,A1616,A663
sup,A1616,A1032
sup,A1616,A494
sup,A1616,A1846
sup,A1616,A364
sup,A1616,A1076
sup,A1616,A1485
sup,A1616,A275
sup,A1616,A1857
sup,A1619,A883
sup,A1619,A228
sup,A1619,A1619
sup,A1619,A739
sup,A1623,A563
sup,A1623,A487
sup,A1623,A897
sup,A1623,A451
sup,A1623,A829
sup,A1623,A502
sup,A1623,A1029
sup,A1623,A745
sup,A1623,A1325
sup,A1623,A750
sup,A1623,A1241
sup,A1623,A233
sup,A1623,A273
sup,A1625,A239
sup,A1625,A1874
sup,A1625,A826
sup,A1625,A606
sup,A1625,A623
sup,A1625,A769
sup,A1625,A601
sup,A1625,A476
sup,A1626,A1379
sup,A1626,A253
sup,A1626,A785
sup,A1626,A1391
sup,A1626,A1260
sup,A1626,A925
sup,A1626,A110
sup,A1626,A29
sup,A1626,A411
sup,A1626,A1046
sup,A1626,A850
sup,A1626,A534
sup,A1629,A1061
sup,A1629,A1829
sup,A1629,A965
sup,A1629,A1466
sup,A1629,A1164
sup,A1629,A282
sup,A1629,A657
sup,A1629,A874
sup,A1629,A436
sup,A1629,A1351
sup,A1629,A997
sup,A1629,A41
sup,A1629,A1312
sup,A1633,A538
sup,A1634,A1428
sup,A1634,A193
sup,A1634,A167
sup,A1634,A156
sup,A1634,A218
sup,A1634,A1668
sup,A1634,A241
sup,A1634,A728
sup,A1634,A123
sup,A1634,A1683
sup,A1634,A662
sup,A1634,A1093
sup,A1634,A724
sup,A1634,A1552
sup,A1634,A1715
sup,A1634,A43
sup,A1634,A45
sup,A1634,A383
sup,A1635,A1847
sup,A1635,A1596
sup,A1635,A155
sup,A1635,A1373
sup,A1635,A1400
sup,A1635,A992
sup,A1635,A1670
sup,A1635,A753
sup,A1635,A974
sup,A1635,A761
sup,A1635,A1000
sup,A1635,A282
sup,A1636,A1133
sup,A1636,A429
sup,A1636,A1791
sup,A1636,A649
sup,A1636,A1177
sup,A1636,A230
sup,A1636,A1497
sup,A1636,A1180
sup,A1636,A1453
sup,A1636,A1413
sup,A1636,A310
sup,A1636,A898
sup,A1636,A503
sup,A1636,A1035
sup,A1636,A515
sup,A1636,A530
sup,A1636,A73
sup,A1639,A777
sup,A1639,A115
sup,A1639,A1554
sup,A1639,A1401
sup,A1639,A1316
sup,A1639,A1610
sup,A1639,A1567
sup,A1639,A1494
sup,A1641,A1136
sup,A1641,A111
sup,A1641,A1551
sup,A1641,A1121
sup,A1641,A1802
sup,A1641,A1356
sup,A1641,A100
sup,A1641,A792
sup,A1641,A14
sup,A1641,A1524
sup,A1641,A1868
sup,A1641,A62
sup,A1641,A109
sup,A1641,A1896
sup,A1641,A252
sup,A1641,A992
sup,A1641,A183
sup,A1641,A1529
sup,A1641,A1125
sup,A1646,A435
sup,A1646,A945
sup,A1646,A997
sup,A1646,A1669
sup,A1646,A236
sup,A1646,A882
sup,A1646,A751
sup,A1646,A1804
sup,A1646,A772
sup,A1646,A1048
sup,A1646,A895
sup,A1646,A1857
sup,A1646,A1153
sup,A1646,A249
sup,A1646,A1135
sup,A1646,A136
sup,A1646,A1021
sup,A1646,A1019
sup,A1647,A589
sup,A1647,A1047
sup,A1647,A1843
sup,A1647,A1572
sup,A1647,A1028
sup,A1647,A770
sup,A1647,A906
sup,A1647,A1892
sup,A1647,A356
sup,A1647,A1516
sup,A1647,A1238
sup,A1647,A156
sup,A1648,A1853
sup,A1648,A1169
sup,A1648,A1804
sup,A1648,A1722
sup,A1648,A925
sup,A1648,A296
sup,A1648,A475
sup,A1648,A988
sup,A1649,A1379
sup,A1649,A1695
sup,A1649,A1001
sup,A1649,A1182
sup,A1649,A63
sup,A1649,A688
sup,A1649,A629
sup,A1649,A1573
sup,A1649,A875
sup,A1649,A20
sup,A1649,A905
sup,A1649,A1055
sup,A1649,A919
sup,A1649,A779
sup,A1649,A1569
sup,A1649,A430
sup,A1651,A1012
sup,A1651,A1578
sup,A1651,A1853
sup,A1651,A957
sup,A1651,A986
sup,A1653,A13
sup,A1653,A249
sup,A1653,A17
sup,A1653,A1549
sup,A1653,A593
sup,A1653,A1889
sup,A1653,A554
sup,A1655,A1327
sup,A1655,A1763
sup,A1655,A77
sup,A1655,A1092
sup,A1655,A1680
sup,A1655,A1455
sup,A1655,A406
sup,A1655,A404
sup,A1655,A330
sup,A1655,A705
sup,A1655,A734
sup,A1655,A112
sup,A1657,A1829
sup,A1657,A1041
sup,A1657,A1352
sup,A1657,A1116
sup,A1657,A513
sup,A1657,A86
sup,A1657,A393
sup,A1657,A298
sup,A1657,A695
sup,A1657,A1749
sup,A1657,A1662
sup,A1657,A251
sup,A1657,A203
sup,A1657,A399
sup,A1657,A802
sup,A1657,A1064
sup,A1657,A866
sup,A1657,A1636
sup,A1657,A1687
sup,A1657,A468
sup,A1657,A197
sup,A1657,A1185
sup,A1661,A642
sup,A1662,A1071
sup,A1662,A695
sup,A1662,A874
sup,A1662,A1040
sup,A1662,A411
sup,A1667,A870
sup,A1667,A1152
sup,A1667,A11
sup,A1667,A1301
sup,A1667,A1773
sup,A1667,A573
sup,A1667,A1400
sup,A1667,A114
sup,A1667,A1579
sup,A1668,A889
sup,A1668,A750
sup,A1668,A529
sup,A1668,A1611
sup,A1668,A940
sup,A1668,A1179
sup,A1668,A352
sup,A1668,A1851
sup,A1668,A499
sup,A1668,A333
sup,A1668,A324
sup,A1668,A1603
sup,A1668,A1751
sup,A1668,A189
sup,A1668,A1324
sup,A1669,A573
sup,A1669,A1081
sup,A1669,A796
sup,A1669,A551
sup,A1669,A63
sup,A1670,A770
sup,A1670,A1857
sup,A1670,A977
sup,A1670,A672
sup,A1670,A1616
sup,A1670,A1260
sup,A1670,A601
sup,A1670,A19
sup,A1670,A487
sup,A1670,A325
sup,A1670,A270
sup,A1670,A201
sup,A1670,A1065
sup,A1670,A1070
sup,A1672,A1850
sup,A1672,A615
sup,A1672,A377
sup,A1672,A102
sup,A1672,A1171
sup,A1672,A1429
sup,A1672,A1422
sup,A1672,A1325
sup,A1672,A1297
sup,A1672,A1623
sup,A1672,A911
sup,A1672,A462
sup,A1672,A517
sup,A1672,A41
sup,A1672,A828
sup,A1672,A1454
sup,A1672,A1798
sup,A1672,A1573
sup,A1672,A938
sup,A1673,A565
sup,A1673,A1355
sup,A1673,A80
sup,A1673,A1158
sup,A1673,A460
sup,A1673,A1419
sup,A1673,A234
sup,A1673,A1751
sup,A1673,A1775
sup,A1673,A350
sup,A1673,A411
sup,A1673,A335
sup,A1673,A1426
sup,A1676,A360
sup,A1676,A1648
sup,A1676,A1346
sup,A1676,A151
sup,A1676,A1313
sup,A1676,A1617
sup,A1676,A509
sup,A1676,A533
sup,A1676,A382
sup,A1676,A1460
sup,A1676,A251
sup,A1676,A1344
sup,A1676,A751
sup,A1676,A747
sup,A1676,A601
sup,A1676,A586
sup,A1676,A1439
sup,A1676,A322
sup,A1676,A447
sup,A1676,A1812
sup,A1676,A974
sup,A1676,A1002
sup,A1676,A1533
sup,A1677,A163
sup,A1677,A1185
sup,A1685,A1195
sup,A1685,A1363
sup,A1685,A914
sup,A1685,A1005
sup,A1685,A796
sup,A1685,A940
sup,A1685,A717
sup,A1685,A1698
sup,A1685,A614
sup,A1687,A1691
sup,A1687,A1441
sup,A1687,A269
sup,A1687,A1214
sup,A1687,A325
sup,A1687,A1434
sup,A1687,A307
sup,A1687,A1450
sup,A1687,A1798
sup,A1690,A1406
sup,A1690,A1367
sup,A1690,A334
sup,A1690,A1411
sup,A1690,A1526
sup,A1690,A349
sup,A1690,A626
sup,A1690,A1197
sup,A1690,A276
sup,A1690,A1445
sup,A1690,A840
sup,A1690,A1879
sup,A1690,A1707
sup,A1690,A871
sup,A1690,A1355
sup,A1690,A971
sup,A1690,A1025
sup,A1690,A1247
sup,A1690,A1748
sup,A1690,A1227
sup,A1690,A1155
sup,A1690,A1239
sup,A1692,A1741
sup,A1692,A787
sup,A1692,A1310
sup,A1692,A1588
sup,A1692,A1757
sup,A1692,A272
sup,A1692,A676
sup,A1692,A408
sup,A1692,A1295
sup,A1692,A1124
sup,A1692,A1896
sup,A1692,A754
sup,A1692,A870
sup,A1692,A880
sup,A1692,A913
sup,A1692,A1781
sup,A1692,A1383
sup,A1692,A1140
sup,A1692,A310
sup,A1692,A1092
sup,A1692,A209
sup,A1692,A528
sup,A1692,A518
sup,A1692,A277
sup,A1693,A287
sup,A1693,A167
sup,A1693,A1498
sup,A1693,A645
sup,A1693,A408
sup,A1693,A206
sup,A1693,A244
sup,A1693,A159
sup,A1693,A610
sup,A1693,A1278
sup,A1693,A384
sup,A1693,A1236
sup,A1693,A1861
sup,A1693,A330
sup,A1693,A1787
sup,A1693,A959
sup,A1693,A31
sup,A1693,A1186
sup,A1693,A774
sup,A1693,A1222
sup,A1693,A214
sup,A1696,A878
sup,A1696,A399
sup,A1696,A1842
sup,A1696,A1245
sup,A1696,A845
sup,A1696,A1188
sup,A1696,A1454
sup,A1696,A733
sup,A1696,A890
sup,A1696,A271
sup,A1696,A691
sup,A1696,A329
sup,A1696,A324
sup,A1696,A745
sup,A1696,A63
sup,A1696,A1401
sup,A1696,A317
sup,A1696,A1022
sup,A1696,A566
sup,A1696,A1197
sup,A1699,A417
sup,A1699,A1149
sup,A1699,A1811
sup,A1699,A25
sup,A1699,A805
sup,A1699,A1626
sup,A1699,A744
sup,A1699,A1587
sup,A1699,A1730
sup,A1699,A366
sup,A1699,A691
sup,A1699,A1474
sup,A1699,A872
sup,A1699,A351
sup,A1699,A662
sup,A1699,A1118
sup,A1699,A1897
sup,A1699,A655
sup,A1699,A1039
sup,A1699,A1825
sup,A1699,A653
sup,A1699,A1037
sup,A1699,A1242
sup,A1700,A6
sup,A1700,A7
sup,A1700,A251
sup,A1700,A1434
sup,A1700,A862
sup,A1700,A1880
sup,A1700,A645
sup,A1701,A359
sup,A1701,A519
sup,A1701,A1321
sup,A1701,A967
sup,A1701,A597
sup,A1701,A1417
sup,A1701,A283
sup,A1701,A1300
sup,A1702,A1543
sup,A1702,A355
sup,A1702,A378
sup,A1702,A382
sup,A1702,A1803
sup,A1702,A583
sup,A1702,A1709
sup,A1702,A1816
sup,A1702,A1027
sup,A1702,A1616
sup,A1703,A556
sup,A1703,A320
sup,A1704,A1029
sup,A1704,A1312
sup,A1704,A987
sup,A1704,A808
sup,A1704,A1540
sup,A1704,A1892
sup,A1704,A961
sup,A1704,A902
sup,A1704,A597
sup,A1704,A625
sup,A1704,A1291
sup,A1706,A1395
sup,A1706,A1883
sup,A1706,A1875
sup,A1706,A649
sup,A1706,A1219
sup,A1706,A1070
sup,A1706,A1081
sup,A1706,A1252
sup,A1706,A1271
sup,A1706,A61
sup,A1706,A1736
sup,A1706,A1751
sup,A1706,A143
sup,A1706,A1616
sup,A1706,A412
sup,A1706,A328
sup,A1706,A35
sup,A1706,A616
sup,A1706,A1529
sup,A1706,A1717
sup,A1706,A318
sup,A1706,A617
sup,A1706,A1163
sup,A1707,A1308
sup,A1707,A1333
sup,A1707,A1528
sup,A1707,A592
sup,A1707,A805
sup,A1707,A280
sup,A1709,A1504
sup,A1709,A979
sup,A1709,A1330
sup,A1709,A1259
sup,A1709,A1087
sup,A1709,A1132
sup,A1709,A717
sup,A1709,A1136
sup,A1709,A202
sup,A1709,A1570
sup,A1712,A18
sup,A1713,A403
sup,A1713,A1332
sup,A1713,A565
sup,A1713,A549
sup,A1713,A430
sup,A1713,A1160
sup,A1713,A398
sup,A1713,A1885
sup,A1713,A567
sup,A1713,A1102
sup,A1713,A1070
sup,A1713,A368
sup,A1713,A15
sup,A1713,A1208
sup,A1713,A247
sup,A1713,A270
sup,A1713,A1736
sup,A1714,A361
sup,A1714,A1342
sup,A1714,A687
sup,A1714,A219
sup,A1714,A1506
sup,A1714,A1026
sup,A1714,A1483
sup,A1714,A739
sup,A1714,A736
sup,A1714,A1672
sup,A1714,A568
sup,A1714,A1344
sup,A1714,A720
sup,A1714,A1569
sup,A1714,A441
sup,A1714,A656
sup,A1714,A1619
sup,A1715,A1403
sup,A1715,A568
sup,A1715,A1890
sup,A1715,A1635
sup,A1716,A246
sup,A1716,A546
sup,A1716,A102
sup,A1716,A62
sup,A1716,A575
sup,A1716,A458
sup,A1716,A481
sup,A1716,A693
sup,A1718,A451
sup,A1718,A168
sup,A1718,A676
sup,A1718,A619
sup,A1718,A1808
sup,A1718,A1198
sup,A1718,A629
sup,A1718,A1248
sup,A1720,A1294
sup,A1720,A572
sup,A1720,A849
sup,A1720,A1699
sup,A1720,A1119
sup,A1720,A1862
sup,A1720,A332
sup,A1720,A1295
sup,A1720,A1018
sup,A1720,A296
sup,A1720,A496
sup,A1720,A1391
sup,A1720,A1525
sup,A1720,A1343
sup,A1720,A1211
sup,A1720,A1487
sup,A1720,A526
sup,A1720,A261
sup,A1720,A1069
sup,A1720,A1698
sup,A1720,A510
sup,A1722,A299
sup,A1722,A337
sup,A1722,A241
sup,A1722,A8
sup,A1722,A154
sup,A1722,A1801
sup,A1722,A1006
sup,A1722,A1106
sup,A1722,A959
sup,A1722,A595
sup,A1722,A922
sup,A1722,A895
sup,A1722,A947
sup,A1722,A1769
sup,A1722,A93
sup,A1722,A1666
sup,A1722,A1297
sup,A1722,A1067
sup,A1722,A1443
sup,A1723,A1785
sup,A1723,A283
sup,A1723,A356
sup,A1723,A1414
sup,A1723,A121
sup,A1723,A1030
sup,A1723,A1304
sup,A1723,A1378
sup,A1723,A1183
sup,A1723,A894
sup,A1723,A1384
sup,A1723,A629
sup,A1723,A785
sup,A1723,A126
sup,A1723,A1814
sup,A1723,A707
sup,A1723,A948
sup,A1723,A88
sup,A1728,A1201
sup,A1728,A52
sup,A1728,A1700
sup,A1728,A548
sup,A1728,A356
sup,A1728,A1476
sup,A1728,A308
sup,A1728,A1307
sup,A1729,A203
sup,A1729,A1749
sup,A1729,A407
sup,A1729,A1743
sup,A1733,A1554
sup,A1733,A1639
sup,A1733,A184
sup,A1733,A345
sup,A1733,A1600
sup,A1733,A580
sup,A1733,A1058
sup,A1733,A712
sup,A1733,A1152
sup,A1733,A433
sup,A1733,A383
sup,A1733,A413
sup,A1733,A937
sup,A1733,A1547
sup,A1733,A1361
sup,A1733,A1157
sup,A1733,A849
sup,A1733,A637
sup,A1733,A740
sup,A1733,A1405
sup,A1733,A1082
sup,A1733,A1668
sup,A1734,A98
sup,A1734,A906
sup,A1734,A1687
sup,A1734,A1457
sup,A1734,A320
sup,A1734,A770
sup,A1734,A192
sup,A1734,A1174
sup,A1737,A532
sup,A1737,A637
sup,A1737,A260
sup,A1737,A757
sup,A1737,A1378
sup,A1737,A1595
sup,A1741,A1305
sup,A1741,A1684
sup,A1741,A1655
sup,A1741,A301
sup,A1741,A724
sup,A1742,A794
sup,A1742,A1898
sup,A1742,A889
sup,A1742,A588
sup,A1742,A1772
sup,A1742,A1201
sup,A1742,A1493
sup,A1742,A242
sup,A1742,A1568
sup,A1742,A879
sup,A1742,A521
sup,A1742,A559
sup,A1742,A427
sup,A1742,A268
sup,A1743,A86
sup,A1744,A402
sup,A1744,A772
sup,A1744,A1216
sup,A1744,A567
sup,A1744,A1187
sup,A1744,A382
sup,A1744,A413
sup,A1744,A1142
sup,A1744,A1409
sup,A1744,A229
sup,A1744,A273
sup,A1744,A1290
sup,A1744,A1484
sup,A1744,A121
sup,A1744,A1525
sup,A1744,A88
sup,A1744,A596
sup,A1744,A173
sup,A1744,A278
sup,A1744,A236
sup,A1744,A955
sup,A1750,A1560
sup,A1750,A1359
sup,A1750,A883
sup,A1750,A207
sup,A1750,A1686
sup,A1750,A1896
sup,A1750,A1068
sup,A1750,A1711
sup,A1750,A724
sup,A1750,A1342
sup,A1750,A485
sup,A1751,A668
sup,A1751,A83
sup,A1751,A1604
sup,A1751,A273
sup,A1751,A54
sup,A1751,A1538
sup,A1752,A527
sup,A1752,A737
sup,A1752,A839
sup,A1752,A1661
sup,A1752,A551
sup,A1752,A1048
sup,A1752,A1532
sup,A1752,A239
sup,A1752,A1649
sup,A1752,A1069
sup,A1752,A146
sup,A1753,A1467
sup,A1753,A1526
sup,A1753,A1553
sup,A1753,A1705
sup,A1753,A348
sup,A1753,A1255
sup,A1753,A233
sup,A1753,A1049
sup,A1753,A417
sup,A1753,A130
sup,A1753,A1283
sup,A1753,A716
sup,A1753,A477
sup,A1753,A1839
sup,A1755,A1241
sup,A1755,A1884
sup,A1755,A637
sup,A1755,A554
sup,A1755,A1266
sup,A1755,A1232
sup,A1755,A922
sup,A1755,A1741
sup,A1755,A1342
sup,A1755,A1568
sup,A1755,A1233
sup,A1755,A242
sup,A1755,A1638
sup,A1755,A209
sup,A1755,A1578
sup,A1755,A794
sup,A1755,A1665
sup,A1755,A1643
sup,A1755,A842
sup,A1755,A627
sup,A1755,A134
sup,A1756,A1618
sup,A1756,A1474
sup,A1758,A869
sup,A1758,A559
sup,A1758,A931
sup,A1758,A727
sup,A1758,A1032
sup,A1758,A793
sup,A1758,A1192
sup,A1758,A437
sup,A1758,A104
sup,A1758,A71
sup,A1758,A1461
sup,A1758,A1672
sup,A1760,A1620
sup,A1760,A1811
sup,A1760,A826
sup,A1760,A202
sup,A1760,A1862
sup,A1760,A1511
sup,A1760,A421
sup,A1760,A648
sup,A1760,A143
sup,A1760,A567
sup,A1760,A271
sup,A1760,A1394
sup,A1760,A1748
sup,A1760,A34
sup,A1763,A1330
sup,A1763,A903
sup,A1763,A502
sup,A1763,A1812
sup,A1763,A1435
sup,A1763,A608
sup,A1763,A803
sup,A1763,A744
sup,A1763,A864
sup,A1763,A200
sup,A1763,A1419
sup,A1763,A355
sup,A1763,A1327
sup,A1763,A1418
sup,A1763,A190
sup,A1763,A943
sup,A1766,A255
sup,A1766,A1536
sup,A1766,A474
sup,A1766,A304
sup,A1766,A20
sup,A1766,A1223
sup,A1766,A1099
sup,A1766,A674
sup,A1767,A1871
sup,A1767,A943
sup,A1767,A833
sup,A1767,A937
sup,A1767,A1713
sup,A1768,A476
sup,A1768,A56
sup,A1768,A1777
sup,A1768,A541
sup,A1768,A1287
sup,A1768,A1864
sup,A1768,A759
sup,A1768,A1126
sup,A1768,A114
sup,A1768,A1223
sup,A1768,A881
sup,A1768,A1359
sup,A1768,A616
sup,A1768,A1034
sup,A1768,A1071
sup,A1768,A155
sup,A1768,A1184
sup,A1768,A529
sup,A1768,A490
sup,A1768,A366
sup,A1768,A272
sup,A1768,A1758
sup,A1770,A1377
sup,A1770,A795
sup,A1770,A352
sup,A1770,A1835
sup,A1770,A410
sup,A1770,A325
sup,A1770,A1806
sup,A1770,A666
sup,A1770,A1791
sup,A1770,A370
sup,A1770,A145
sup,A1770,A348
sup,A1770,A1433
sup,A1770,A617
sup,A1770,A449
sup,A1770,A1468
sup,A1770,A1041
sup,A1770,A1517
sup,A1770,A472
sup,A1770,A1717
sup,A1770,A1210
sup,A1770,A1810
sup,A1771,A507
sup,A1771,A971
sup,A1771,A647
sup,A1771,A1372
sup,A1771,A894
sup,A1771,A959
sup,A1771,A1405
sup,A1771,A1760
sup,A1771,A1222
sup,A1771,A1305
sup,A1771,A1849
sup,A1771,A1667
sup,A1774,A1260
sup,A1774,A1650
sup,A1774,A695
sup,A1774,A1695
sup,A1774,A907
sup,A1774,A368
sup,A1774,A1388
sup,A1774,A898
sup,A1774,A1465
sup,A1774,A1457
sup,A1774,A125
sup,A1774,A214
sup,A1774,A1688
sup,A1774,A610
sup,A1774,A1637
sup,A1774,A1334
sup,A1774,A873
sup,A1774,A174
sup,A1774,A1343
sup,A1774,A1753
sup,A1774,A1802
sup,A1774,A532
sup,A1774,A833
sup,A1774,A664
sup,A1775,A1304
sup,A1776,A733
sup,A1776,A1382
sup,A1776,A1557
sup,A1776,A993
sup,A1776,A160
sup,A1776,A652
sup,A1776,A705
sup,A1776,A911
sup,A1776,A836
sup,A1776,A639
sup,A1776,A1272
sup,A1776,A74
sup,A1776,A1379
sup,A1776,A1197
sup,A1776,A1657
sup,A1776,A642
sup,A1776,A937
sup,A1776,A668
sup,A1776,A587
sup,A1776,A433
sup,A1776,A328
sup,A1779,A227
sup,A1779,A38
sup,A1779,A990
sup,A1779,A125
sup,A1779,A536
sup,A1779,A1563
sup,A1779,A1515
sup,A1779,A490
sup,A1779,A325
sup,A1779,A496
sup,A1781,A1692
sup,A1781,A1017
sup,A1781,A614
sup,A1781,A1644
sup,A1782,A180
sup,A1782,A433
sup,A1782,A185
sup,A1782,A121
sup,A1782,A1354
sup,A1782,A974
sup,A1782,A598
sup,A1782,A1293
sup,A1782,A554
sup,A1782,A1541
sup,A1782,A1229
sup,A1782,A1038
sup,A1782,A815
sup,A1782,A1559
sup,A1782,A1618
sup,A1782,A1020
sup,A1782,A1601
sup,A1783,A1569
sup,A1783,A1034
sup,A1783,A227
sup,A1783,A1367
sup,A1783,A1628
sup,A1783,A1221
sup,A1783,A403
sup,A1783,A1257
sup,A1783,A1523
sup,A1785,A516
sup,A1787,A1811
sup,A1788,A724
sup,A1788,A947
sup,A1788,A1873
sup,A1788,A1741
sup,A1788,A130
sup,A1788,A461
sup,A1788,A1618
sup,A1788,A332
sup,A1788,A454
sup,A1788,A1560
sup,A1788,A861
sup,A1788,A210
sup,A1788,A850
sup,A1788,A686
sup,A1788,A347
sup,A1788,A1358
sup,A1788,A1549
sup,A1788,A720
sup,A1788,A1776
sup,A1788,A951
sup,A1788,A1635
sup,A1792,A161
sup,A1792,A8
sup,A1792,A116
sup,A1792,A1086
sup,A1792,A1849
sup,A1793,A19
sup,A1793,A1704
sup,A1793,A374
sup,A1793,A232
sup,A1793,A396
sup,A1793,A647
sup,A1793,A1742
sup,A1793,A582
sup,A1793,A1407
sup,A1794,A886
sup,A1794,A474
sup,A1794,A1208
sup,A1794,A1738
sup,A1795,A227
sup,A1795,A1102
sup,A1795,A554
sup,A1795,A996
sup,A1795,A1254
sup,A1795,A239
sup,A1795,A11
sup,A1795,A940
sup,A1800,A1351
sup,A1800,A801
sup,A1800,A226
sup,A1800,A503
sup,A1800,A688
sup,A1800,A46
sup,A1800,A515
sup,A1800,A600
sup,A1800,A1712
sup,A1800,A1178
sup,A1801,A1287
sup,A1801,A402
sup,A1801,A938
sup,A1801,A1408
sup,A1801,A1338
sup,A1801,A258
sup,A1802,A1123
sup,A1802,A1754
sup,A1802,A1622
sup,A1802,A1757
sup,A1802,A587
sup,A1802,A1143
sup,A1802,A1107
sup,A1802,A578
sup,A1802,A820
sup,A1802,A1534
sup,A1802,A868
sup,A1802,A1193
sup,A1802,A1781
sup,A1802,A1448
sup,A1802,A758
sup,A1802,A579
sup,A1802,A242
sup,A1802,A1199
sup,A1802,A284
sup,A1802,A842
sup,A1802,A205
sup,A1802,A418
sup,A1803,A1278
sup,A1804,A410
sup,A1804,A241
sup,A1804,A25
sup,A1804,A341
sup,A1804,A366
sup,A1804,A101
sup,A1804,A1236
sup,A1804,A27
sup,A1804,A362
sup,A1804,A765
sup,A1804,A519
sup,A1804,A816
sup,A1805,A522
sup,A1805,A77
sup,A1805,A892
sup,A1805,A508
sup,A1805,A1040
sup,A1805,A812
sup,A1806,A1258
sup,A1806,A52
sup,A1806,A853
sup,A1806,A1133
sup,A1806,A448
sup,A1806,A693
sup,A1808,A1293
sup,A1808,A1668
sup,A1808,A425
sup,A1808,A1049
sup,A1808,A1364
sup,A1808,A832
sup,A1808,A696
sup,A1808,A708
sup,A1808,A1655
sup,A1808,A957
sup,A1813,A373
sup,A1813,A1121
sup,A1813,A992
sup,A1813,A691
sup,A1813,A733
sup,A1813,A1643
sup,A1813,A54
sup,A1815,A1364
sup,A1815,A1232
sup,A1815,A1583
sup,A1815,A599
sup,A1815,A919
sup,A1815,A772
sup,A1815,A55
sup,A1815,A728
sup,A1815,A20
sup,A1815,A1700
sup,A1815,A1740
sup,A1815,A610
sup,A1815,A478
sup,A1815,A1034
sup,A1815,A1251
sup,A1815,A1418
sup,A1815,A650
sup,A1815,A1297
sup,A1815,A893
sup,A1815,A1067
sup,A1823,A732
sup,A1823,A505
sup,A1825,A987
sup,A1825,A783
sup,A1825,A1456
sup,A1825,A214
sup,A1825,A848
sup,A1825,A439
sup,A1825,A314
sup,A1825,A645
sup,A1825,A507
sup,A1825,A1811
sup,A1825,A1676
sup,A1825,A301
sup,A1825,A1334
sup,A1825,A896
sup,A1825,A1264
sup,A1825,A883
sup,A1827,A1099
sup,A1827,A1857
sup,A1827,A1735
sup,A1827,A1892
sup,A1827,A890
sup,A1827,A914
sup,A1827,A1041
sup,A1827,A1092
sup,A1827,A356
sup,A1827,A314
sup,A1827,A903
sup,A1827,A399
sup,A1827,A503
sup,A1827,A1671
sup,A1827,A320
sup,A1827,A693
sup,A1827,A1024
sup,A1827,A1203
sup,A1828,A759
sup,A1828,A1340
sup,A1828,A685
sup,A1828,A275
sup,A1828,A788
sup,A1831,A1218
sup,A1831,A1093
sup,A1831,A1884
sup,A1831,A362
sup,A1831,A962
sup,A1831,A786
sup,A1831,A1246
sup,A1831,A801
sup,A1831,A1815
sup,A1831,A461
sup,A1831,A1781
sup,A1831,A505
sup,A1831,A240
sup,A1831,A158
sup,A1831,A124
sup,A1831,A460
sup,A1831,A1604
sup,A1831,A1392
sup,A1831,A644
sup,A1831,A986
sup,A1831,A929
sup,A1832,A1533
sup,A1832,A488
sup,A1832,A1114
sup,A1832,A1881
sup,A1832,A906
sup,A1832,A1832
sup,A1832,A381
sup,A1833,A1694
sup,A1833,A5
sup,A1833,A280
sup,A1833,A657
sup,A1833,A1367
sup,A1833,A199
sup,A1833,A941
sup,A1833,A1138
sup,A1833,A1057
sup,A1833,A1839
sup,A1833,A1759
sup,A1833,A1324
sup,A1833,A41
sup,A1833,A1150
sup,A1835,A1535
sup,A1835,A1644
sup,A1835,A779
sup,A1835,A1692
sup,A1835,A1593
sup,A1835,A1540
sup,A1835,A971
sup,A1836,A121
sup,A1836,A1020
sup,A1836,A1248
sup,A1836,A1199
sup,A1836,A1290
sup,A1836,A478
sup,A1836,A562
sup,A1836,A581
sup,A1836,A800
sup,A1836,A1276
sup,A1836,A1099
sup,A1836,A660
sup,A1836,A120
sup,A1836,A1782
sup,A1836,A1294
sup,A1836,A1866
sup,A1836,A1244
sup,A1837,A399
sup,A1837,A575
sup,A1837,A256
sup,A1837,A816
sup,A1837,A1015
sup,A1837,A956
sup,A1837,A954
sup,A1837,A168
sup,A1837,A1075
sup,A1837,A267
sup,A1837,A1817
sup,A1837,A1691
sup,A1837,A260
sup,A1837,A1504
sup,A1837,A1256
sup,A1843,A1830
sup,A1843,A237
sup,A1843,A244
sup,A1843,A1358
sup,A1844,A1476
sup,A1844,A1006
sup,A1844,A832
sup,A1844,A763
sup,A1844,A918
sup,A1844,A228
sup,A1844,A1148
sup,A1844,A1744
sup,A1844,A478
sup,A1844,A909
sup,A1844,A810
sup,A1844,A1124
sup,A1844,A837
sup,A1844,A355
sup,A1846,A405
sup,A1846,A952
sup,A1846,A621
sup,A1846,A591
sup,A1846,A24
sup,A1846,A878
sup,A1846,A89
sup,A1846,A688
sup,A1846,A1768
sup,A1846,A250
sup,A1848,A1387
sup,A1848,A595
sup,A1849,A16
sup,A1849,A1249
sup,A1849,A1240
sup,A1849,A1452
sup,A1849,A505
sup,A1849,A1220
sup,A1849,A1703
sup,A1849,A1229
sup,A1849,A1086
sup,A1849,A665
sup,A1849,A1480
sup,A1849,A259
sup,A1849,A1783
sup,A1849,A38
sup,A1849,A1312
sup,A1849,A1802
sup,A1849,A1573
sup,A1849,A1474
sup,A1849,A524
sup,A1851,A175
sup,A1851,A1318
sup,A1851,A1803
sup,A1851,A1618
sup,A1851,A561
sup,A1851,A251
sup,A1853,A49
sup,A1853,A542
sup,A1853,A1076
sup,A1853,A1642
sup,A1853,A127
sup,A1853,A238
sup,A1853,A502
sup,A1853,A608
sup,A1853,A1585
sup,A1857,A1234
sup,A1857,A150
sup,A1857,A59
sup,A1857,A1621
sup,A1857,A348
sup,A1857,A1581
sup,A1857,A1754
sup,A1857,A1354
sup,A1857,A236
sup,A1858,A928
sup,A1858,A795
sup,A1858,A377
sup,A1858,A1782
sup,A1858,A953
sup,A1858,A1659
sup,A1858,A974
sup,A1858,A17
sup,A1858,A1245
sup,A1858,A1554
sup,A1858,A1721
sup,A1858,A1453
sup,A1858,A1645
sup,A1858,A990
sup,A1858,A822
sup,A1858,A807
sup,A1858,A1585
sup,A1858,A1391
sup,A1859,A227
sup,A1859,A1605
sup,A1859,A477
sup,A1859,A973
sup,A1862,A1762
sup,A1862,A1832
sup,A1862,A1167
sup,A1862,A1054
sup,A1862,A1508
sup,A1862,A1716
sup,A1862,A921
sup,A1862,A308
sup,A1862,A1341
sup,A1864,A316
sup,A1864,A1234
sup,A1864,A30
sup,A1864,A845
sup,A1864,A712
sup,A1864,A364
sup,A1864,A1659
sup,A1864,A1324
sup,A1866,A416
sup,A1866,A1249
sup,A1866,A759
sup,A1866,A1635
sup,A1866,A1674
sup,A1866,A1111
sup,A1866,A1315
sup,A1866,A253
sup,A1866,A464
sup,A1866,A1866
sup,A1866,A637
sup,A1866,A1897
sup,A1866,A198
sup,A1866,A645
sup,A1866,A1138
sup,A1866,A1031
sup,A1866,A329
sup,A1866,A1629
sup,A1866,A1722
sup,A1868,A521
sup,A1868,A657
sup,A1868,A588
sup,A1868,A1846
sup,A1868,A753
sup,A1868,A991
sup,A1868,A286
sup,A1868,A204
sup,A1869,A1268
sup,A1869,A86
sup,A1869,A1243
sup,A1869,A1408
sup,A1869,A1344
sup,A1869,A378
sup,A1869,A1071
sup,A1869,A399
sup,A1869,A1447
sup,A1869,A406
sup,A1869,A989
sup,A1869,A719
sup,A1869,A179
sup,A1869,A1444
sup,A1869,A970
sup,A1869,A1000
sup,A1869,A1065
sup,A1869,A486
sup,A1869,A828
sup,A1869,A658
sup,A1869,A851
sup,A1869,A744
sup,A1869,A387
sup,A1869,A822
sup,A1870,A1667
sup,A1870,A1796
sup,A1870,A650
sup,A1870,A973
sup,A1870,A195
sup,A1870,A523
sup,A1870,A1142
sup,A1870,A917
sup,A1870,A668
sup,A1870,A1224
sup,A1870,A1192
sup,A1870,A1033
sup,A1870,A139
sup,A1870,A895
sup,A1870,A1006
sup,A1872,A1422
sup,A1872,A1147
sup,A1872,A621
sup,A1872,A188
sup,A1872,A1741
sup,A1872,A906
sup,A1872,A588
sup,A1872,A372
sup,A1872,A860
sup,A1872,A165
sup,A1872,A1732
sup,A1872,A833
sup,A1872,A1447
sup,A1872,A1784
sup,A1872,A1566
sup,A1873,A335
sup,A1873,A1822
sup,A1873,A1788
sup,A1873,A763
sup,A1873,A1592
sup,A1873,A425
sup,A1873,A717
sup,A1873,A1353
sup,A1873,A817
sup,A1873,A853
sup,A1873,A669
sup,A1873,A723
sup,A1875,A1856
sup,A1875,A692
sup,A1875,A113
sup,A1875,A1404
sup,A1875,A247
sup,A1875,A873
sup,A1875,A1887
sup,A1876,A1049
sup,A1876,A75
sup,A1876,A1570
sup,A1876,A327
sup,A1876,A365
sup,A1876,A1335
sup,A1876,A4
sup,A1876,A468
sup,A1876,A1707
sup,A1876,A1379
sup,A1876,A1816
sup,A1876,A162
sup,A1876,A1071
sup,A1876,A1202
sup,A1876,A965
sup,A1876,A1753
sup,A1876,A339
sup,A1876,A245
sup,A1876,A651
sup,A1877,A1193
sup,A1877,A730
sup,A1877,A1584
sup,A1877,A298
sup,A1877,A1014
sup,A1877,A1424
sup,A1877,A1025
sup,A1877,A1202
sup,A1882,A551
sup,A1883,A596
sup,A1883,A1008
sup,A1883,A1503
sup,A1883,A1164
sup,A1883,A1020
sup,A1883,A444
sup,A1883,A1159
sup,A1883,A1636
sup,A1883,A297
sup,A1883,A12
sup,A1883,A1817
sup,A1883,A583
sup,A1883,A1700
sup,A1883,A1404
sup,A1883,A581
sup,A1883,A742
sup,A1883,A1313
sup,A1883,A1746
sup,A1883,A589
sup,A1885,A1815
sup,A1885,A622
sup,A1885,A1245
sup,A1885,A362
sup,A1885,A471
sup,A1885,A1006
sup,A1885,A999
sup,A1885,A1126
sup,A1885,A1372
sup,A1885,A316
sup,A1885,A546
sup,A1885,A1849
sup,A1885,A1825
sup,A1889,A1427
sup,A1889,A699
sup,A1889,A1390
sup,A1889,A704
sup,A1889,A106
sup,A1889,A867
sup,A1889,A1291
sup,A1889,A746
sup,A1889,A100
sup,A1889,A946
sup,A1889,A1278
sup,A1889,A1506
sup,A1889,A950
sup,A1889,A1333
sup,A1889,A1264
sup,A1889,A450
sup,A1889,A601
sup,A1889,A43
sup,A1889,A1485
sup,A1890,A1368
sup,A1890,A926
sup,A1890,A1679
sup,A1890,A1805
sup,A1890,A1811
sup,A1890,A1748
sup,A1890,A276
sup,A1890,A507
sup,A1890,A1676
sup,A1890,A796
sup,A1890,A1417
sup,A1890,A816
sup,A1890,A102
sup,A1890,A1826
sup,A1890,A1406
sup,A1890,A421
sup,A1890,A922
sup,A1890,A631
sup,A1890,A1844
sup,A1890,A1300
sup,A1890,A101
att,A0,A1
att,A1,A2
att,A2,A3
att,A3,A4
att,A4,A5
att,A5,A6
att,A6,A7
att,A7,A8
att,A8,A9
att,A9,A10
att,A10,A11
att,A11,A12
att,A12,A13
att,A13,A14
att,A14,A15
att,A15,A16
att,A16,A17
att,A17,A18
att,A18,A19
att,A19,A20
att,A20,A21
att,A21,A22
att,A22,A23
att,A23,A24
att,A24,A25
att,A25,A26
att,A26,A27
att,A27,A28
att,A28,A29
att,A29,A30
att,A30,A31
att,A31,A32
att,A32,A0
att,A33,A34
att,A34,A35
att,A35,A36
att,A36,A37
att,A37,A38
att,A38,A39
att,A39,A40
att,A40,A41
att,A41,A42
att,A42,A43
att,A43,A44
att,A44,A45
att,A45,A46
att,A46,A47
att,A47,A48
att,A48,A49
att,A49,A50
att,A50,A51
att,A51,A52
att,A52,A53
att,A53,A54
att,A54,A55
att,A55,A56
att,A56,A57
att,A57,A58
att,A58,A59
att,A59,A60
att,A60,A61
att,A61,A62
att,A62,A63
att,A63,A64
att,A64,A65
att,A65,A66
att,A66,A67
att,A67,A68
att,A68,A33
att,A69,A70
att,A71,A72
att,A72,A73
att,A74,A75
att,A75,A76
att,A76,A77
att,A78,A79
att,A79,A80
att,A81,A82
att,A82,A83
att,A83,A84
att,A84,A85
att,A85,A86
att,A89,A90
att,A90,A91
att,A91,A92
att,A95,A87
att,A96,A97
att,A97,A98
att,A98,A99
att,A99,A100
att,A100,A101
att,A101,A102
att,A102,A103
att,A103,A104
att,A104,A105
att,A105,A106
att,A106,A107
att,A107,A108
att,A108,A109
att,A109,A110
att,A110,A111
att,A111,A112
att,A112,A96
att,A113,A114
att,A114,A115
att,A115,A116
att,A116,A117
att,A117,A118
att,A118,A119
att,A119,A120
att,A120,A121
att,A121,A122
att,A122,A123
att,A123,A124
att,A124,A125
att,A125,A126
att,A126,A127
att,A127,A128
att,A128,A129
att,A129,A130
att,A130,A131
att,A131,A132
att,A132,A133
att,A133,A134
att,A134,A135
att,A135,A136
att,A136,A137
att,A137,A138
att,A138,A139
att,A139,A140
att,A140,A113
att,A170,A171
att,A171,A172
att,A172,A173
att,A173,A174
att,A174,A175
att,A175,A176
att,A176,A177
att,A177,A178
att,A178,A179
att,A179,A180
att,A180,A181
att,A181,A182
att,A182,A183
att,A183,A184
att,A184,A185
att,A185,A186
att,A186,A187
att,A187,A188
att,A188,A189
att,A189,A190
att,A190,A191
att,A191,A192
att,A192,A193
att,A193,A194
att,A194,A195
att,A195,A196
att,A196,A197
att,A197,A198
att,A198,A199
att,A199,A200
att,A200,A201
att,A201,A202
att,A202,A203
att,A203,A170
att,A241,A238
att,A242,A243
att,A248,A249
att,A249,A250
att,A251,A252
att,A252,A253
att,A254,A255
att,A255,A256
att,A271,A272
att,A272,A273
att,A273,A274
att,A274,A275
att,A275,A276
att,A276,A277
att,A277,A278
att,A278,A279
att,A279,A280
att,A280,A281
att,A281,A282
att,A282,A283
att,A283,A284
att,A284,A285
att,A285,A286
att,A286,A287
att,A287,A288
att,A288,A289
att,A289,A290
att,A290,A291
att,A291,A292
att,A292,A293
att,A293,A294
att,A294,A295
att,A295,A296
att,A296,A297
att,A297,A298
att,A298,A271
att,A299,A300
att,A300,A301
att,A301,A302
att,A302,A303
att,A303,A304
att,A304,A305
att,A305,A306
att,A306,A307
att,A307,A308
att,A308,A309
att,A309,A310
att,A310,A311
att,A311,A312
att,A312,A313
att,A313,A314
att,A314,A315
att,A315,A316
att,A316,A317
att,A317,A299
att,A326,A327
att,A327,A328
att,A328,A329
att,A329,A330
att,A330,A331
att,A331,A332
att,A332,A333
att,A333,A334
att,A334,A335
att,A335,A336
att,A336,A337
att,A337,A338
att,A338,A339
att,A339,A340
att,A340,A341
att,A341,A342
att,A342,A343
att,A343,A344
att,A344,A345
att,A345,A346
att,A346,A347
att,A347,A348
att,A348,A349
att,A349,A350
att,A350,A351
att,A351,A352
att,A352,A353
att,A353,A326
att,A519,A520
att,A520,A521
att,A521,A522
att,A522,A523
att,A523,A524
att,A524,A525
att,A525,A526
att,A526,A527
att,A527,A528
att,A528,A529
att,A529,A530
att,A530,A531
att,A531,A532
att,A532,A533
att,A533,A534
att,A534,A535
att,A535,A536
att,A536,A537
att,A537,A538
att,A538,A539
att,A539,A540
att,A540,A541
att,A541,A542
att,A542,A543
att,A543,A519
att,A563,A564
att,A566,A567
att,A570,A571
att,A571,A572
att,A575,A576
att,A578,A579
att,A588,A589
att,A589,A590
att,A590,A591
att,A591,A592
att,A592,A593
att,A593,A594
att,A594,A595
att,A595,A596
att,A596,A597
att,A597,A598
att,A598,A599
att,A599,A600
att,A600,A601
att,A601,A602
att,A602,A603
att,A603,A588
att,A625,A626
att,A626,A627
att,A627,A628
att,A628,A629
att,A629,A630
att,A630,A631
att,A631,A632
att,A632,A633
att,A633,A634
att,A634,A635
att,A635,A636
att,A636,A637
att,A637,A638
att,A638,A639
att,A639,A640
att,A640,A641
att,A641,A642
att,A642,A643
att,A643,A644
att,A644,A645
att,A645,A646
att,A646,A647
att,A647,A648
att,A648,A649
att,A649,A650
att,A650,A625
att,A651,A652
att,A652,A653
att,A659,A660
att,A660,A661
att,A665,A666
att,A672,A673
att,A673,A674
att,A674,A675
att,A675,A676
att,A678,A679
att,A679,A680
att,A687,A688
att,A688,A689
att,A694,A695
att,A696,A697
att,A697,A698
att,A698,A699
att,A699,A700
att,A700,A701
att,A701,A702
att,A707,A708
att,A708,A709
att,A710,A711
att,A711,A712
att,A712,A713
att,A713,A714
att,A715,A716
att,A716,A717
att,A717,A718
att,A719,A720
att,A720,A721
att,A721,A722
att,A722,A723
att,A723,A724
att,A724,A696
att,A725,A726
att,A728,A729
att,A729,A730
att,A733,A734
att,A735,A736
att,A739,A740
att,A740,A741
att,A741,A742
att,A743,A744
att,A745,A746
att,A746,A747
att,A751,A752
att,A758,A759
att,A761,A762
att,A763,A764
att,A764,A765
att,A765,A766
att,A766,A767
att,A776,A777
att,A777,A778
att,A778,A779
att,A779,A780
att,A780,A781
att,A781,A782
att,A782,A783
att,A783,A784
att,A784,A785
att,A785,A786
att,A786,A776
att,A800,A801
att,A801,A802
att,A802,A803
att,A803,A804
att,A804,A805
att,A805,A806
att,A806,A807
att,A807,A808
att,A808,A809
att,A809,A810
att,A810,A811
att,A811,A812
att,A812,A813
att,A813,A814
att,A814,A815
att,A815,A816
att,A816,A817
att,A817,A818
att,A818,A819
att,A819,A820
att,A820,A821
att,A821,A822
att,A822,A823
att,A823,A824
att,A824,A825
att,A825,A826
att,A826,A827
att,A827,A828
att,A828,A829
att,A829,A830
att,A830,A831
att,A831,A832
att,A832,A833
att,A833,A834
att,A834,A835
att,A835,A836
att,A836,A837
att,A837,A838
att,A838,A839
att,A839,A840
att,A840,A841
att,A841,A800
att,A842,A843
att,A843,A844
att,A844,A845
att,A847,A848
att,A848,A849
att,A849,A850
att,A850,A851
att,A851,A852
att,A854,A855
att,A858,A859
att,A859,A860
att,A860,A861
att,A861,A862
att,A862,A863
att,A863,A864
att,A864,A865
att,A865,A866
att,A867,A842
att,A868,A869
att,A869,A870
att,A870,A871
att,A871,A872
att,A872,A873
att,A873,A874
att,A874,A875
att,A878,A879
att,A880,A881
att,A881,A882
att,A882,A883
att,A883,A884
att,A884,A885
att,A885,A886
att,A889,A868
att,A895,A896
att,A897,A898
att,A902,A903
att,A907,A908
att,A913,A914
att,A915,A916
att,A918,A919
att,A919,A920
att,A920,A921
att,A922,A923
att,A924,A900
att,A925,A926
att,A926,A927
att,A927,A925
att,A928,A929
att,A930,A931
att,A931,A932
att,A932,A933
att,A935,A936
att,A937,A938
att,A939,A940
att,A941,A942
att,A944,A945
att,A946,A947
att,A948,A949
att,A949,A950
att,A955,A956
att,A957,A958
att,A958,A959
att,A963,A964
att,A964,A965
att,A965,A966
att,A967,A968
att,A968,A969
att,A970,A971
att,A971,A972
att,A972,A973
att,A973,A974
att,A974,A939
att,A996,A997
att,A997,A998
att,A998,A999
att,A999,A1000
att,A1000,A1001
att,A1001,A1002
att,A1002,A1003
att,A1003,A1004
att,A1004,A1005
att,A1005,A1006
att,A1006,A1007
att,A1007,A1008
att,A1008,A1009
att,A1009,A1010
att,A1010,A1011
att,A1011,A1012
att,A1012,A1013
att,A1013,A1014
att,A1014,A1015
att,A1015,A1016
att,A1016,A1017
att,A1017,A996
att,A1023,A1024
att,A1025,A1026
att,A1030,A1031
att,A1031,A1018
att,A1032,A1033
att,A1033,A1034
att,A1034,A1035
att,A1035,A1036
att,A1036,A1037
att,A1037,A1038
att,A1038,A1039
att,A1039,A1040
att,A1040,A1041
att,A1041,A1042
att,A1042,A1043
att,A1043,A1044
att,A1044,A1045
att,A1045,A1046
att,A1046,A1047
att,A1047,A1048
att,A1048,A1049
att,A1049,A1050
att,A1050,A1051
att,A1051,A1052
att,A1052,A1053
att,A1053,A1054
att,A1054,A1055
att,A1055,A1056
att,A1056,A1032
att,A1057,A1058
att,A1058,A1059
att,A1061,A1062
att,A1064,A1065
att,A1065,A1066
att,A1066,A1067
att,A1069,A1070
att,A1070,A1071
att,A1073,A1074
att,A1074,A1075
att,A1075,A1076
att,A1078,A1079
att,A1079,A1080
att,A1081,A1082
att,A1085,A1086
att,A1090,A1091
att,A1094,A1095
att,A1096,A1097
att,A1098,A1099
att,A1099,A1100
att,A1102,A1103
att,A1103,A1104
att,A1106,A1107
att,A1107,A1108
att,A1108,A1109
att,A1109,A1090
att,A1143,A1144
att,A1144,A1145
att,A1145,A1146
att,A1146,A1147
att,A1147,A1148
att,A1148,A1149
att,A1149,A1150
att,A1150,A1151
att,A1151,A1152
att,A1152,A1153
att,A1153,A1154
att,A1154,A1155
att,A1155,A1156
att,A1156,A1157
att,A1157,A1158
att,A1158,A1159
att,A1159,A1160
att,A1160,A1161
att,A1161,A1162
att,A1162,A1163
att,A1163,A1164
att,A1164,A1165
att,A1165,A1166
att,A1166,A1167
att,A1167,A1168
att,A1168,A1169
att,A1169,A1170
att,A1170,A1171
att,A1171,A1172
att,A1172,A1173
att,A1173,A1174
att,A1174,A1175
att,A1175,A1176
att,A1176,A1177
att,A1177,A1178
att,A1178,A1179
att,A1179,A1180
att,A1180,A1181
att,A1181,A1143
att,A1182,A1183
att,A1184,A1185
att,A1186,A1187
att,A1188,A1189
att,A1190,A1191
att,A1191,A1192
att,A1193,A1194
att,A1194,A1195
att,A1196,A1197
att,A1200,A1201
att,A1203,A1204
att,A1204,A1205
att,A1205,A1206
att,A1206,A1207
att,A1207,A1208
att,A1208,A1209
att,A1209,A1210
att,A1210,A1211
att,A1211,A1212
att,A1212,A1203
att,A1213,A1214
att,A1214,A1215
att,A1215,A1216
att,A1216,A1217
att,A1217,A1218
att,A1218,A1219
att,A1219,A1220
att,A1220,A1221
att,A1221,A1213
att,A1222,A1223
att,A1224,A1225
att,A1225,A1226
att,A1226,A1227
att,A1228,A1229
att,A1231,A1232
att,A1232,A1233
att,A1267,A1268
att,A1272,A1273
att,A1273,A1274
att,A1275,A1276
att,A1277,A1278
att,A1280,A1281
att,A1281,A1282
att,A1283,A1284
att,A1284,A1285
att,A1286,A1287
att,A1299,A1300
att,A1300,A1301
att,A1302,A1303
att,A1304,A1305
att,A1309,A1310
att,A1310,A1311
att,A1311,A1312
att,A1313,A1314
att,A1314,A1315
att,A1315,A1316
att,A1317,A1318
att,A1320,A1299
att,A1321,A1322
att,A1322,A1323
att,A1323,A1324
att,A1324,A1325
att,A1325,A1326
att,A1326,A1327
att,A1327,A1328
att,A1328,A1329
att,A1329,A1330
att,A1330,A1331
att,A1331,A1332
att,A1332,A1333
att,A1333,A1334
att,A1334,A1335
att,A1335,A1336
att,A1336,A1337
att,A1337,A1338
att,A1338,A1339
att,A1339,A1340
att,A1340,A1341
att,A1341,A1342
att,A1342,A1343
att,A1343,A1344
att,A1344,A1345
att,A1345,A1346
att,A1346,A1347
att,A1347,A1348
att,A1348,A1349
att,A1349,A1350
att,A1350,A1351
att,A1351,A1352
att,A1352,A1353
att,A1353,A1354
att,A1354,A1355
att,A1355,A1356
att,A1356,A1357
att,A1357,A1358
att,A1358,A1359
att,A1359,A1360
att,A1360,A1321
att,A1361,A1362
att,A1362,A1363
att,A1363,A1364
att,A1364,A1365
att,A1365,A1366
att,A1366,A1367
att,A1367,A1368
att,A1368,A1369
att,A1369,A1370
att,A1370,A1371
att,A1371,A1372
att,A1372,A1373
att,A1373,A1374
att,A1374,A1375
att,A1375,A1376
att,A1376,A1377
att,A1377,A1378
att,A1378,A1379
att,A1379,A1380
att,A1380,A1381
att,A1381,A1382
att,A1382,A1383
att,A1383,A1384
att,A1384,A1385
att,A1385,A1386
att,A1386,A1387
att,A1387,A1388
att,A1388,A1389
att,A1389,A1390
att,A1390,A1391
att,A1391,A1361
att,A1392,A1393
att,A1393,A1394
att,A1394,A1395
att,A1395,A1396
att,A1396,A1397
att,A1397,A1398
att,A1398,A1399
att,A1399,A1400
att,A1400,A1401
att,A1401,A1402
att,A1402,A1403
att,A1403,A1404
att,A1404,A1405
att,A1405,A1406
att,A1406,A1407
att,A1407,A1408
att,A1408,A1409
att,A1409,A1410
att,A1410,A1411
att,A1411,A1412
att,A1412,A1413
att,A1413,A1414
att,A1414,A1415
att,A1415,A1416
att,A1416,A1417
att,A1417,A1418
att,A1418,A1419
att,A1419,A1420
att,A1420,A1421
att,A1421,A1422
att,A1422,A1423
att,A1423,A1424
att,A1424,A1392
att,A1466,A1467
att,A1469,A1470
att,A1472,A1473
att,A1473,A1474
att,A1476,A1477
att,A1477,A1478
att,A1482,A1483
att,A1483,A1484
att,A1484,A1485
att,A1486,A1487
att,A1487,A1488
att,A1495,A1496
att,A1496,A1466
att,A1523,A1524
att,A1524,A1525
att,A1525,A1526
att,A1526,A1527
att,A1527,A1528
att,A1528,A1529
att,A1529,A1530
att,A1530,A1531
att,A1531,A1523
att,A1575,A1576
att,A1577,A1578
att,A1578,A1579
att,A1579,A1580
att,A1580,A1581
att,A1581,A1582
att,A1582,A1583
att,A1584,A1585
att,A1585,A1586
att,A1588,A1589
att,A1589,A1590
att,A1590,A1591
att,A1600,A1601
att,A1601,A1602
att,A1602,A1603
att,A1603,A1604
att,A1604,A1605
att,A1605,A1606
att,A1606,A1607
att,A1607,A1608
att,A1608,A1609
att,A1609,A1610
att,A1610,A1611
att,A1611,A1612
att,A1612,A1613
att,A1613,A1614
att,A1614,A1615
att,A1615,A1616
att,A1616,A1617
att,A1617,A1618
att,A1618,A1619
att,A1619,A1620
att,A1620,A1621
att,A1621,A1622
att,A1622,A1623
att,A1623,A1624
att,A1624,A1625
att,A1625,A1626
att,A1626,A1627
att,A1627,A1600
att,A1631,A1632
att,A1633,A1634
att,A1634,A1635
att,A1636,A1637
att,A1638,A1639
att,A1639,A1640
att,A1640,A1641
att,A1642,A1643
att,A1645,A1646
att,A1648,A1649
att,A1649,A1650
att,A1651,A1652
att,A1652,A1653
att,A1653,A1654
att,A1654,A1655
att,A1655,A1651
att,A1697,A1698
att,A1698,A1699
att,A1699,A1700
att,A1700,A1701
att,A1701,A1702
att,A1702,A1703
att,A1703,A1704
att,A1704,A1705
att,A1705,A1706
att,A1706,A1707
att,A1707,A1708
att,A1708,A1697
att,A1709,A1710
att,A1710,A1711
att,A1711,A1712
att,A1712,A1713
att,A1713,A1714
att,A1714,A1715
att,A1715,A1716
att,A1716,A1717
att,A1717,A1718
att,A1718,A1719
att,A1719,A1720
att,A1720,A1721
att,A1721,A1722
att,A1722,A1723
att,A1723,A1724
att,A1724,A1725
att,A1725,A1726
att,A1726,A1727
att,A1727,A1728
att,A1728,A1729
att,A1729,A1730
att,A1730,A1731
att,A1731,A1732
att,A1732,A1733
att,A1733,A1734
att,A1734,A1735
att,A1735,A1736
att,A1736,A1737
att,A1737,A1738
att,A1738,A1739
att,A1739,A1740
att,A1740,A1741
att,A1741,A1742
att,A1742,A1743
att,A1743,A1744
att,A1744,A1745
att,A1745,A1746
att,A1746,A1747
att,A1747,A1748
att,A1748,A1749
att,A1749,A1750
att,A1750,A1709
att,A1751,A1752
att,A1752,A1753
att,A1753,A1754
att,A1754,A1755
att,A1755,A1756
att,A1756,A1757
att,A1757,A1758
att,A1758,A1759
att,A1759,A1760
att,A1760,A1761
att,A1761,A1762
att,A1762,A1763
att,A1763,A1764
att,A1764,A1765
att,A1765,A1766
att,A1766,A1767
att,A1767,A1768
att,A1768,A1769
att,A1769,A1770
att,A1770,A1751
att,A1771,A1772
att,A1773,A1774
att,A1776,A1777
att,A1778,A1779
att,A1779,A1780
att,A1780,A1781
att,A1781,A1782
att,A1782,A1783
att,A1784,A1785
att,A1786,A1787
att,A1787,A1788
att,A1788,A1789
att,A1789,A1790
att,A1790,A1791
att,A1791,A1792
att,A1792,A1793
att,A1793,A1794
att,A1794,A1795
att,A1795,A1796
att,A1796,A1797
att,A1797,A1798
att,A1798,A1799
att,A1799,A1800
att,A1800,A1801
att,A1801,A1802
att,A1802,A1803
att,A1803,A1804
att,A1804,A1805
att,A1805,A1806
att,A1806,A1807
att,A1807,A1808
att,A1808,A1809
att,A1809,A1810
att,A1810,A1811
att,A1811,A1812
att,A1812,A1813
att,A1813,A1814
att,A1814,A1815
att,A1815,A1816
att,A1816,A1786
att,A1818,A1819
att,A1819,A1820
att,A1820,A1821
att,A1823,A1824
att,A1824,A1825
att,A1825,A1826
att,A1830,A1831
att,A1834,A1835
att,A1835,A1836
att,A1836,A1837
att,A1838,A1817
att,A1839,A1840
att,A1840,A1841
att,A1841,A1842
att,A1842,A1843
att,A1843,A1839
att,A1848,A1849
att,A1852,A1853
att,A1853,A1854
att,A1857,A1858
att,A1862,A1863
att,A1863,A1864
att,A1866,A1867
att,A1867,A1868
att,A1868,A1869
att,A1869,A1870
att,A1870,A1871
att,A1873,A1874
att,A1874,A1875
att,A1875,A1876
att,A1879,A1880
att,A1880,A1881
att,A1881,A1882
att,A1883,A1884
att,A1884,A1885
att,A1885,A1886
att,A1886,A1887
att,A1887,A1888
att,A1888,A1889
att,A1889,A1890
att,A1890,A1891
att,A1891,A1892
att,A1892,A1893
att,A1893,A1894
att,A1894,A1895
att,A1895,A1896
att,A1896,A1897
att,A1897,A1898
att,A1898,A1899
att,A1899,A1883
att,A32,A33
att,A68,A69
att,A86,A87
att,A95,A96
att,A140,A141
att,A203,A204
att,A237,A238
att,A241,A242
att,A270,A271
att,A391,A392
att,A470,A471
att,A497,A498
att,A518,A519
att,A543,A544
att,A565,A566
att,A582,A583
att,A603,A604
att,A650,A651
att,A760,A761
att,A769,A770
att,A775,A776
att,A786,A787
att,A841,A842
att,A894,A895
att,A899,A900
att,A927,A928
att,A938,A939
att,A949,A0
att,A974,A975
att,A995,A996
att,A1017,A1018
att,A1031,A1032
att,A1056,A1057
att,A1089,A1090
att,A1109,A1110
att,A1181,A1182
att,A1202,A1203
att,A1212,A1213
att,A1221,A1222
att,A1266,A1267
att,A1320,A1321
att,A1360,A1361
att,A1391,A1392
att,A1465,A1466
att,A1496,A1497
att,A1503,A1504
att,A1522,A1523
att,A1599,A1600
att,A1685,A1686
att,A1770,A1771
att,A1816,A1817
att,A1838,A1839
att,A1843,A1844
att,A1846,A1847
att,A1882,A1883
att,A3,A1444
att,A3,A410
att,A3,A1899
att,A3,A1001
att,A3,A432
att,A3,A436
att,A3,A227
att,A3,A1132
att,A3,A1878
att,A3,A157
att,A3,A1164
att,A3,A730
att,A3,A324
att,A4,A672
att,A4,A1432
att,A4,A427
att,A4,A1560
att,A4,A78
att,A4,A418
att,A4,A1331
att,A4,A872
att,A4,A1524
att,A4,A464
att,A4,A1824
att,A4,A1127
att,A4,A1516
att,A4,A1685
att,A4,A1547
att,A4,A1725
att,A4,A839
att,A4,A808
att,A4,A1495
att,A4,A2
att,A4,A1166
att,A5,A608
att,A5,A982
att,A5,A257
att,A5,A996
att,A5,A329
att,A5,A840
att,A5,A1348
att,A5,A1699
att,A5,A1455
att,A5,A430
att,A5,A71
att,A5,A616
att,A5,A173
att,A5,A407
att,A5,A1288
att,A6,A1369
att,A6,A1721
att,A6,A729
att,A6,A1692
att,A6,A519
att,A7,A15
att,A7,A1
att,A7,A1322
att,A7,A862
att,A7,A911
att,A7,A1095
att,A7,A937
att,A7,A770
att,A7,A293
att,A7,A341
att,A8,A11
att,A8,A1010
att,A8,A1213
att,A8,A170
att,A8,A370
att,A8,A869
att,A8,A586
att,A8,A1059
att,A8,A962
att,A8,A972
att,A8,A969
att,A8,A699
att,A8,A1011
att,A8,A341
att,A8,A1473
att,A8,A441
att,A8,A1724
att,A8,A1238
att,A8,A1279
att,A8,A1532
att,A8,A51
att,A8,A1139
att,A10,A1301
att,A10,A79
att,A10,A1322
att,A10,A864
att,A10,A764
att,A10,A122
att,A10,A397
att,A10,A1589
att,A10,A1027
att,A10,A135
att,A10,A1822
att,A10,A1381
att,A10,A474
att,A10,A332
att,A10,A393
att,A10,A1244
att,A10,A1356
att,A10,A924
att,A12,A289
att,A12,A996
att,A12,A1453
att,A12,A215
att,A12,A1819
att,A12,A1584
att,A12,A1749
att,A12,A1437
att,A12,A1222
att,A12,A525
att,A12,A132
att,A12,A925
att,A12,A1674
att,A12,A924
att,A12,A1658
att,A12,A941
att,A12,A176
att,A12,A35
att,A12,A856
att,A12,A256
att,A12,A1375
att,A12,A1505
att,A12,A1711
att,A13,A1511
att,A13,A1351
att,A13,A1295
att,A13,A1731
att,A13,A719
att,A13,A837
att,A13,A924
att,A13,A718
att,A13,A1242
att,A13,A195
att,A13,A1739
att,A13,A515
att,A13,A483
att,A13,A1386
att,A13,A1329
att,A13,A1112
att,A13,A1528
att,A13,A679
att,A13,A840
att,A13,A1753
att,A13,A396
att,A15,A103
att,A15,A774
att,A15,A199
att,A15,A1732
att,A15,A929
att,A16,A551
att,A16,A169
att,A16,A240
att,A16,A994
att,A16,A1694
att,A16,A1267
att,A16,A1479
att,A16,A1573
att,A16,A661
att,A16,A1350
att,A16,A475
att,A16,A752
att,A16,A1743
att,A16,A847
att,A16,A804
att,A16,A1601
att,A16,A1758
att,A16,A10
att,A16,A1450
att,A16,A1360
att,A16,A1753
att,A17,A886
att,A17,A819
att,A17,A248
att,A17,A1056
att,A17,A1020
att,A17,A692
att,A17,A1663
att,A17,A1287
att,A18,A503
att,A18,A1635
att,A18,A1359
att,A18,A1107
att,A18,A1464
att,A18,A951
att,A18,A641
att,A18,A485
att,A18,A1694
att,A19,A1094
att,A19,A764
att,A19,A1655
att,A19,A490
att,A19,A1567
att,A19,A1160
att,A20,A1449
att,A20,A390
att,A20,A1175
att,A20,A800
att,A21,A1045
att,A21,A756
att,A21,A987
att,A21,A1395
att,A23,A1329
att,A23,A751
att,A23,A1269
att,A23,A688
att,A24,A1555
att,A26,A1811
att,A26,A739
att,A26,A881
att,A26,A1624
att,A26,A1882
att,A26,A1883
att,A26,A1876
att,A26,A875
att,A26,A1527
att,A26,A1082
att,A26,A157
att,A27,A1748
att,A27,A1105
att,A27,A1328
att,A27,A1181
att,A28,A1046
att,A28,A197
att,A28,A1113
att,A28,A516
att,A28,A968
att,A28,A969
att,A28,A1005
att,A28,A1154
att,A28,A1086
att,A31,A240
att,A31,A303
att,A31,A20
att,A31,A456
att,A31,A1491
att,A31,A660
att,A31,A433
att,A31,A1775
att,A31,A1121
att,A31,A563
att,A31,A1611
att,A31,A440
att,A31,A1168
att,A31,A1808
att,A31,A1577
att,A31,A311
att,A31,A1772
att,A31,A1061
att,A31,A1886
att,A31,A1
att,A31,A285
att,A31,A719
att,A31,A670
att,A31,A1718
att,A31,A274
att,A32,A181
att,A32,A1667
att,A32,A1496
att,A32,A766
att,A32,A159
att,A32,A1499
att,A32,A983
att,A32,A1546
att,A32,A1452
att,A33,A794
att,A33,A1273
att,A33,A639
att,A33,A686
att,A33,A1612
att,A33,A538
att,A33,A868
att,A33,A403
att,A33,A1558
att,A33,A1180
att,A35,A1696
att,A35,A953
att,A35,A447
att,A35,A1583
att,A35,A968
att,A35,A531
att,A35,A393
att,A35,A1510
att,A35,A402
att,A35,A262
att,A35,A188
att,A35,A214
att,A35,A1881
att,A35,A8
att,A35,A1597
att,A35,A882
att,A35,A146
att,A35,A465
att,A35,A1596
att,A35,A1274
att,A40,A1464
att,A40,A1297
att,A40,A397
att,A40,A978
att,A40,A956
att,A40,A318
att,A40,A828
att,A40,A954
att,A40,A1872
att,A40,A959
att,A40,A995
att,A40,A253
att,A40,A495
att,A40,A1575
att,A44,A262
att,A44,A14
att,A44,A973
att,A44,A1459
att,A44,A595
att,A44,A228
att,A44,A825
att,A44,A1398
att,A44,A259
att,A44,A770
att,A44,A400
att,A44,A542
att,A44,A63
att,A44,A691
att,A44,A700
att,A44,A945
att,A44,A1544
att,A44,A697
att,A44,A840
att,A44,A1372
att,A44,A883
att,A44,A187
att,A44,A1198
att,A44,A1422
att,A47,A1169
att,A47,A1220
att,A47,A949
att,A47,A699
att,A47,A414
att,A47,A1658
att,A49,A719
att,A49,A68
att,A49,A267
att,A49,A346
att,A49,A1294
att,A49,A1331
att,A49,A1226
att,A49,A1631
att,A49,A635
att,A49,A368
att,A52,A328
att,A52,A701
att,A52,A917
att,A53,A420
att,A53,A1269
att,A54,A1382
att,A54,A660
att,A56,A1792
att,A56,A1002
att,A56,A435
att,A56,A911
att,A56,A1464
att,A56,A1523
att,A56,A475
att,A56,A560
att,A58,A735
att,A58,A1526
att,A58,A689
att,A58,A1061
att,A58,A161
att,A58,A891
att,A58,A913
att,A58,A215
att,A58,A333
att,A61,A1127
att,A61,A1726
att,A61,A834
att,A61,A1424
att,A61,A1034
att,A61,A1854
att,A61,A223
att,A61,A1088
att,A61,A1670
att,A61,A545
att,A61,A1037
att,A61,A289
att,A61,A634
att,A61,A1520
att,A61,A1124
att,A64,A467
att,A64,A209
att,A68,A1744
att,A68,A1355
att,A68,A453
att,A68,A1747
att,A68,A483
att,A68,A966
att,A68,A440
att,A68,A383
att,A68,A1691
att,A68,A96
att,A68,A66
att,A69,A899
att,A69,A336
att,A69,A79
att,A69,A135
att,A69,A584
att,A69,A544
att,A71,A1857
att,A71,A828
att,A71,A164
att,A71,A872
att,A71,A40
att,A71,A1598
att,A71,A431
att,A71,A1425
att,A71,A1110
att,A71,A1592
att,A71,A45
att,A71,A591
att,A71,A1294
att,A71,A613
att,A71,A846
att,A71,A605
att,A71,A335
att,A71,A1843
att,A71,A627
att,A71,A948
att,A73,A516
att,A73,A1671
att,A73,A331
att,A73,A1876
att,A73,A707
att,A73,A1891
att,A73,A1053
att,A73,A1366
att,A74,A1733
att,A74,A397
att,A74,A1668
att,A74,A182
att,A74,A1024
att,A74,A1347
att,A74,A765
att,A76,A766
att,A76,A920
att,A76,A804
att,A76,A724
att,A76,A1450
att,A76,A54
att,A76,A1600
att,A76,A1548
att,A76,A1890
att,A77,A1772
att,A77,A281
att,A77,A13
att,A77,A633
att,A77,A932
att,A77,A1275
att,A77,A21
att,A77,A1076
att,A77,A173
att,A77,A873
att,A77,A787
att,A77,A893
att,A77,A1443
att,A77,A1882
att,A77,A504
att,A79,A1771
att,A79,A1295
att,A79,A227
att,A84,A1356
att,A84,A941
att,A91,A637
att,A91,A1472
att,A91,A468
att,A91,A1275
att,A91,A695
att,A91,A1594
att,A91,A96
att,A91,A368
att,A91,A200
att,A91,A476
att,A91,A85
att,A91,A63
att,A91,A198
att,A91,A1602
att,A91,A188
att,A91,A331
att,A91,A646
att,A92,A1512
att,A92,A147
att,A92,A608
att,A92,A1043
att,A92,A1420
att,A92,A1232
att,A92,A427
att,A92,A914
att,A92,A1544
att,A92,A907
att,A92,A1006
att,A92,A1843
att,A93,A1356
att,A93,A804
att,A93,A523
att,A93,A1303
att,A93,A790
att,A93,A861
att,A93,A1840
att,A93,A892
att,A93,A62
att,A93,A1076
att,A93,A1806
att,A93,A116
att,A93,A1448
att,A93,A1413
att,A93,A112
att,A94,A1420
att,A94,A1888
att,A94,A1106
att,A94,A1479
att,A94,A1378
att,A94,A1584
att,A95,A1009
att,A95,A953
att,A95,A1056
att,A96,A793
att,A96,A57
att,A96,A1304
att,A96,A776
att,A96,A1163
att,A100,A1278
att,A100,A1072
att,A100,A833
att,A100,A1738
att,A100,A1889
att,A105,A1291
att,A105,A870
att,A105,A1638
att,A105,A259
att,A105,A620
att,A106,A545
att,A106,A975
att,A106,A1836
att,A106,A1857
att,A106,A1037
att,A106,A211
att,A106,A1199
att,A106,A1889
att,A106,A1357
att,A106,A980
att,A106,A936
att,A106,A797
att,A106,A951
att,A106,A23
att,A106,A1385
att,A106,A1525
att,A106,A449
att,A107,A782
att,A107,A1790
att,A107,A436
att,A107,A1061
att,A107,A1697
att,A107,A769
att,A109,A971
att,A109,A11
att,A109,A1248
att,A109,A1285
att,A109,A122
att,A109,A828
att,A109,A1494
att,A109,A305
att,A109,A447
att,A109,A1830
att,A109,A1238
att,A109,A352
att,A109,A918
att,A109,A872
att,A109,A511
att,A109,A817
att,A109,A283
att,A109,A764
att,A109,A837
att,A109,A397
att,A109,A911
att,A110,A83
att,A110,A701
att,A110,A1384
att,A110,A1783
att,A110,A1030
att,A110,A1747
att,A110,A1228
att,A110,A1756
att,A110,A50
att,A110,A825
att,A110,A1105
att,A110,A1028
att,A111,A597
att,A111,A1319
att,A119,A106
att,A119,A904
att,A119,A856
att,A119,A1099
att,A119,A903
att,A119,A579
att,A119,A731
att,A119,A909
att,A119,A1695
att,A120,A1731
att,A120,A305
att,A120,A1621
att,A120,A1803
att,A120,A1052
att,A120,A1469
att,A120,A1135
att,A120,A504
att,A120,A1881
att,A120,A1322
att,A120,A714
att,A120,A1060
att,A120,A1408
att,A120,A916
att,A124,A467
att,A124,A465
att,A124,A1215
att,A124,A782
att,A124,A1435
att,A124,A981
att,A124,A394
att,A124,A1742
att,A124,A474
att,A124,A1778
att,A124,A149
att,A124,A1705
att,A124,A1466
att,A125,A1657
att,A125,A1522
att,A125,A1814
att,A125,A1208
att,A125,A970
att,A125,A1026
att,A125,A1253
att,A125,A1842
att,A125,A216
att,A125,A239
att,A125,A1179
att,A125,A814
att,A125,A63
att,A125,A1886
att,A125,A1751
att,A126,A1225
att,A126,A1055
att,A126,A1274
att,A126,A784
att,A126,A1119
att,A126,A69
att,A126,A635
att,A126,A272
att,A126,A1215
att,A126,A447
att,A126,A1599
att,A126,A519
att,A127,A552
att,A127,A1585
att,A127,A1488
att,A127,A15
att,A127,A1869
att,A127,A1613
att,A127,A502
att,A128,A1432
att,A128,A1511
att,A128,A656
att,A128,A1333
att,A128,A1271
att,A128,A158
att,A128,A878
att,A128,A1581
att,A128,A1788
att,A128,A448
att,A128,A1371
att,A128,A1563
att,A128,A6
att,A128,A392
att,A128,A456
att,A128,A250
att,A128,A1378
att,A129,A1023
att,A129,A731
att,A129,A1553
att,A129,A703
att,A129,A1612
att,A129,A219
att,A129,A16
att,A129,A1880
att,A129,A1547
att,A129,A1614
att,A129,A1838
att,A130,A368
att,A130,A1611
att,A130,A202
att,A130,A1784
att,A130,A243
att,A130,A248
att,A130,A31
att,A130,A1651
att,A130,A440
att,A130,A1445
att,A130,A993
att,A130,A1227
att,A130,A1878
att,A130,A1658
att,A130,A461
att,A139,A1173
att,A139,A1444
att,A139,A736
att,A139,A1228
att,A139,A1734
att,A139,A145
att,A139,A1624
att,A139,A1232
att,A139,A478
att,A139,A1806
att,A139,A618
att,A139,A1184
att,A139,A436
att,A139,A1507
att,A139,A827
att,A141,A678
att,A141,A1266
att,A141,A1740
att,A141,A1150
att,A141,A1698
att,A141,A560
att,A141,A1092
att,A141,A256
att,A141,A212
att,A141,A647
att,A141,A324
att,A141,A1537
att,A141,A701
att,A141,A51
att,A141,A16
att,A141,A1441
att,A141,A1302
att,A141,A577
att,A143,A1089
att,A143,A476
att,A143,A1855
att,A143,A633
att,A143,A1058
att,A143,A290
att,A143,A1220
att,A143,A800
att,A143,A1773
att,A143,A232
att,A143,A1785
att,A143,A1682
att,A143,A1456
att,A143,A328
att,A143,A27
att,A143,A112
att,A143,A543
att,A143,A380
att,A143,A1803
att,A143,A1347
att,A143,A1019
att,A144,A1339
att,A144,A1301
att,A144,A493
att,A144,A661
att,A144,A1176
att,A144,A553
att,A144,A977
att,A144,A232
att,A144,A4
att,A144,A490
att,A144,A1330
att,A144,A111
att,A144,A766
att,A144,A1462
att,A144,A1669
att,A144,A1362
att,A144,A739
att,A144,A746
att,A145,A942
att,A145,A433
att,A145,A543
att,A145,A1256
att,A145,A101
att,A145,A1021
att,A146,A865
att,A146,A459
att,A147,A1671
att,A147,A1248
att,A147,A1247
att,A147,A746
att,A147,A837
att,A147,A468
att,A147,A1263
att,A147,A159
att,A147,A1392
att,A147,A918
att,A147,A318
att,A147,A1850
att,A147,A177
att,A147,A1171
att,A147,A700
att,A147,A118
att,A147,A1798
att,A147,A1821
att,A147,A1307
att,A147,A129
att,A147,A503
att,A147,A1588
att,A149,A274
att,A149,A312
att,A149,A176
att,A149,A1345
att,A151,A208
att,A151,A1054
att,A151,A1503
att,A151,A927
att,A153,A1093
att,A153,A758
att,A153,A1446
att,A153,A1776
att,A153,A417
att,A153,A1759
att,A153,A1681
att,A153,A1411
att,A153,A771
att,A153,A160
att,A153,A738
att,A153,A1164
att,A154,A477
att,A154,A1523
att,A154,A1762
att,A154,A1624
att,A154,A749
att,A154,A990
att,A154,A583
att,A156,A1198
att,A156,A1156
att,A156,A1780
att,A156,A1651
att,A156,A443
att,A156,A1097
att,A156,A1556
att,A156,A541
att,A156,A1320
att,A156,A736
att,A156,A1898
att,A156,A1258
att,A156,A1722
att,A156,A1305
att,A159,A592
att,A159,A1681
att,A159,A103
att,A159,A988
att,A159,A1742
att,A159,A191
att,A159,A1267
att,A159,A141
att,A159,A527
att,A159,A1221
att,A159,A247
att,A159,A152
att,A159,A853
att,A159,A1856
att,A159,A1410
att,A159,A59
att,A159,A1509
att,A165,A445
att,A165,A612
att,A165,A1814
att,A165,A916
att,A165,A175
att,A165,A1259
att,A166,A1438
att,A166,A1008
att,A166,A1800
att,A166,A738
att,A167,A744
att,A167,A276
att,A167,A102
att,A167,A1214
att,A167,A3
att,A167,A955
att,A167,A1386
att,A167,A523
att,A167,A1353
att,A167,A790
att,A167,A1237
att,A167,A590
att,A167,A963
att,A167,A546
att,A167,A765
att,A167,A1276
att,A167,A1229
att,A167,A1540
att,A167,A826
att,A169,A1156
att,A169,A1366
att,A169,A1848
att,A171,A478
att,A171,A749
att,A171,A368
att,A171,A1536
att,A171,A254
att,A171,A1223
att,A171,A711
att,A171,A97
att,A171,A1515
att,A171,A667
att,A171,A614
att,A171,A1496
att,A172,A723
att,A172,A919
att,A174,A1139
att,A174,A1795
att,A174,A925
att,A174,A1496
att,A174,A1743
att,A174,A481
att,A174,A1184
att,A174,A1730
att,A174,A558
att,A176,A505
att,A176,A1341
att,A176,A357
att,A176,A1892
att,A176,A172
att,A176,A662
att,A177,A272
att,A177,A661
att,A177,A567
att,A177,A1242
att,A177,A935
att,A177,A1732
att,A177,A129
att,A177,A1073
att,A177,A190
att,A177,A1549
att,A177,A400
att,A177,A1611
att,A177,A1287
att,A177,A538
att,A177,A785
att,A177,A11
att,A177,A1235
att,A177,A494
att,A178,A1870
att,A178,A1163
att,A178,A187
att,A178,A745
att,A179,A1838
att,A179,A1282
att,A179,A1756
att,A179,A1881
att,A179,A859
att,A179,A1465
att,A179,A1364
att,A179,A1083
att,A179,A1586
att,A179,A912
att,A179,A225
att,A179,A1701
att,A179,A1592
att,A179,A882
att,A179,A1082
att,A179,A1242
att,A179,A214
att,A179,A264
att,A179,A145
att,A179,A750
att,A179,A1302
att,A179,A1379
att,A179,A1135
att,A185,A1814
att,A185,A341
att,A185,A1004
att,A185,A1405
att,A185,A568
att,A185,A1276
att,A185,A1683
att,A185,A1767
att,A185,A406
att,A185,A873
att,A185,A1721
att,A185,A1344
att,A185,A562
att,A185,A209
att,A185,A714
att,A185,A1689
att,A185,A1499
att,A185,A76
att,A185,A1330
att,A185,A1252
att,A185,A1467
att,A185,A1398
att,A185,A1546
att,A185,A101
att,A185,A1247
att,A186,A1276
att,A186,A1211
att,A186,A5
att,A186,A34
att,A186,A1270
att,A186,A202
att,A186,A823
att,A186,A625
att,A186,A1011
att,A186,A1305
att,A187,A1595
att,A187,A892
att,A187,A913
att,A187,A883
att,A189,A203
att,A189,A1498
att,A189,A1405
att,A189,A325
att,A189,A1077
att,A189,A724
att,A189,A800
att,A189,A47
att,A189,A971
att,A189,A173
att,A189,A1279
att,A189,A299
att,A191,A625
att,A191,A1783
att,A191,A634
att,A191,A832
att,A191,A683
att,A191,A21
att,A191,A496
att,A191,A415
att,A191,A1510
att,A191,A1376
att,A194,A868
att,A194,A109
att,A194,A31
att,A194,A24
att,A194,A1616
att,A194,A978
att,A194,A968
att,A194,A608
att,A194,A1155
att,A194,A624
att,A194,A1145
att,A194,A1694
att,A194,A1219
att,A194,A1774
att,A195,A1175
att,A195,A1768
att,A195,A493
att,A195,A1388
att,A195,A1049
att,A195,A440
att,A195,A537
att,A195,A1444
att,A195,A189
att,A195,A452
att,A195,A1421
att,A195,A1133
att,A195,A167
att,A195,A1065
att,A195,A1549
att,A195,A500
att,A195,A926
att,A195,A1785
att,A195,A1327
att,A195,A335
att,A195,A394
att,A195,A953
att,A195,A989
att,A196,A1283
att,A196,A1609
att,A196,A1229
att,A197,A38
att,A197,A1317
att,A197,A377
att,A197,A1398
att,A197,A1821
att,A197,A1401
att,A197,A493
att,A197,A1752
att,A197,A926
att,A199,A90
att,A199,A1849
att,A199,A1286
att,A199,A1162
att,A199,A1101
att,A199,A527
att,A199,A1100
att,A199,A318
att,A199,A291
att,A199,A492
att,A199,A1550
att,A199,A1374
att,A199,A438
att,A199,A1216
att,A199,A629
att,A199,A234
att,A199,A174
att,A199,A1703
att,A199,A1524
att,A199,A1250
att,A199,A613
att,A199,A456
att,A199,A1675
att,A199,A1752
att,A199,A652
att,A199,A1460
att,A199,A1058
att,A199,A1354
att,A201,A48
att,A201,A1736
att,A201,A1739
att,A201,A393
att,A201,A1397
att,A201,A887
att,A201,A360
att,A201,A897
att,A201,A1227
att,A204,A778
att,A204,A55
att,A204,A1200
att,A204,A1585
att,A204,A1038
att,A204,A1438
att,A204,A529
att,A204,A775
att,A204,A1869
att,A204,A292
att,A204,A1151
att,A204,A456
att,A204,A1558
att,A204,A1298
att,A204,A902
att,A204,A967
att,A206,A1455
att,A206,A1763
att,A206,A287
att,A206,A303
att,A206,A140
att,A206,A660
att,A206,A1711
att,A206,A1340
att,A206,A722
att,A207,A1230
att,A207,A1756
att,A207,A82
att,A207,A1053
att,A207,A536
att,A207,A1633
att,A207,A1482
att,A207,A787
att,A207,A1574
att,A207,A263
att,A207,A1563
att,A207,A1885
att,A207,A649
att,A207,A1165
att,A207,A1641
att,A207,A805
att,A207,A1220
att,A207,A489
att,A207,A1350
att,A207,A697
att,A207,A1330
att,A208,A588
att,A208,A1663
att,A208,A767
att,A208,A294
att,A208,A1580
att,A208,A1310
att,A208,A1622
att,A208,A754
att,A208,A621
att,A209,A286
att,A209,A171
att,A209,A348
att,A209,A1305
att,A209,A961
att,A209,A1812
att,A209,A1744
att,A209,A524
att,A209,A1099
att,A209,A1888
att,A209,A1571
att,A212,A1863
att,A212,A495
att,A212,A646
att,A212,A870
att,A212,A1381
att,A212,A488
att,A212,A921
att,A212,A233
att,A212,A176
att,A212,A702
att,A212,A728
att,A213,A370
att,A213,A1660
att,A213,A1612
att,A213,A457
att,A213,A1461
att,A213,A9
att,A213,A1404
att,A213,A1157
att,A213,A1142
att,A213,A81
att,A213,A1092
att,A213,A1396
att,A213,A491
att,A213,A655
att,A213,A1360
att,A213,A1333
att,A216,A1071
att,A216,A675
att,A216,A632
att,A216,A1297
att,A216,A705
att,A216,A883
att,A216,A1816
att,A216,A676
att,A216,A1136
att,A216,A621
att,A216,A451
att,A216,A1798
att,A216,A358
att,A216,A454
att,A217,A1244
att,A219,A505
att,A219,A38
att,A219,A403
att,A219,A640
att,A219,A1288
att,A219,A566
att,A219,A1337
att,A219,A510
att,A219,A1194
att,A219,A426
att,A219,A1684
att,A219,A548
att,A219,A1778
att,A219,A754
att,A219,A496
att,A219,A1842
att,A219,A688
att,A221,A444
att,A221,A1528
att,A221,A1490
att,A221,A1123
att,A221,A686
att,A223,A1751
att,A223,A1668
att,A223,A610
att,A223,A1002
att,A223,A1787
att,A223,A483
att,A223,A1763
att,A223,A310
att,A223,A704
att,A223,A1453
att,A223,A145
att,A223,A349
att,A223,A471
att,A223,A1365
att,A223,A1055
att,A223,A1842
att,A223,A1309
att,A223,A107
att,A223,A1256
att,A223,A311
att,A223,A206
att,A225,A984
att,A225,A1511
att,A225,A706
att,A225,A1548
att,A225,A890
att,A225,A587
att,A225,A343
att,A225,A1701
att,A227,A1420
att,A227,A371
att,A227,A762
att,A227,A1805
att,A227,A1690
att,A227,A1668
att,A227,A881
att,A227,A1316
att,A227,A912
att,A227,A984
att,A227,A1828
att,A227,A1087
att,A227,A1577
att,A227,A1625
att,A227,A1472
att,A227,A669
att,A227,A1516
att,A227,A1425
att,A227,A752
att,A228,A1129
att,A228,A797
att,A228,A1824
att,A228,A1641
att,A228,A1681
att,A228,A1191
att,A229,A1788
att,A229,A618
att,A229,A166
att,A229,A345
att,A229,A949
att,A229,A579
att,A229,A1824
att,A229,A1651
att,A229,A1548
att,A229,A53
att,A229,A43
att,A229,A1212
att,A229,A1046
att,A229,A935
att,A229,A702
att,A229,A385
att,A229,A1816
att,A229,A235
att,A229,A135
att,A231,A81
att,A231,A496
att,A231,A176
att,A231,A648
att,A231,A748
att,A231,A371
att,A231,A1109
att,A231,A1874
att,A231,A1268
att,A235,A1893
att,A235,A1114
att,A235,A801
att,A235,A1255
att,A235,A134
att,A235,A673
att,A238,A1207
att,A238,A163
att,A238,A1206
att,A238,A578
att,A238,A1502
att,A238,A1361
att,A238,A42
att,A238,A943
att,A238,A112
att,A238,A1494
att,A238,A50
att,A238,A1318
att,A238,A298
att,A240,A229
att,A240,A1414
att,A240,A379
att,A240,A1100
att,A240,A653
att,A240,A1187
att,A240,A1311
att,A240,A1277
att,A240,A289
att,A240,A836
att,A240,A1079
att,A240,A134
att,A240,A1813
att,A242,A294
att,A242,A1219
att,A242,A185
att,A242,A1329
att,A242,A84
att,A244,A1556
att,A244,A1710
att,A244,A1323
att,A244,A179
att,A246,A1396
att,A246,A1888
att,A246,A1833
att,A246,A782
att,A252,A288
att,A252,A44
att,A252,A1633
att,A252,A432
att,A252,A823
att,A252,A251
att,A252,A292
att,A252,A430
att,A252,A822
att,A252,A233
att,A252,A1880
att,A252,A1170
att,A252,A372
att,A252,A797
att,A252,A1557
att,A252,A1777
att,A252,A1004
att,A252,A1733
att,A252,A1257
att,A252,A335
att,A254,A1389
att,A254,A1664
att,A254,A1022
att,A254,A1219
att,A254,A1237
att,A254,A105
att,A254,A1633
att,A254,A1559
att,A254,A590
att,A254,A977
att,A254,A91
att,A260,A955
att,A260,A1099
att,A261,A1561
att,A261,A426
att,A261,A1477
att,A261,A1278
att,A261,A1257
att,A261,A279
att,A261,A976
att,A261,A1347
att,A261,A185
att,A261,A54
att,A261,A1699
att,A261,A958
att,A261,A1822
att,A262,A355
att,A262,A1892
att,A262,A1130
att,A262,A1586
att,A263,A1647
att,A263,A1037
att,A263,A831
att,A263,A1217
att,A263,A1064
att,A263,A1162
att,A263,A1875
att,A263,A614
att,A263,A167
att,A263,A997
att,A263,A456
att,A263,A1831
att,A263,A808
att,A263,A77
att,A263,A1121
att,A263,A1090
att,A263,A821
att,A269,A1082
att,A271,A812
att,A271,A882
att,A271,A1277
att,A271,A1784
att,A274,A665
att,A274,A941
att,A274,A746
att,A274,A91
att,A276,A301
att,A276,A744
att,A276,A1625
att,A276,A241
att,A276,A1082
att,A276,A1797
att,A276,A706
att,A276,A426
att,A276,A985
att,A276,A851
att,A276,A1534
att,A276,A1809
att,A276,A423
att,A276,A1073
att,A276,A1813
att,A276,A1141
att,A277,A954
att,A277,A179
att,A277,A1170
att,A277,A401
att,A277,A1873
att,A277,A1598
att,A277,A1182
att,A278,A191
att,A279,A228
att,A279,A1479
att,A279,A1050
att,A279,A940
att,A279,A1663
att,A279,A655
att,A279,A1103
att,A279,A59
att,A279,A670
att,A279,A1379
att,A279,A1687
att,A279,A33
att,A279,A230
att,A279,A283
att,A279,A1307
att,A279,A343
att,A279,A965
att,A279,A602
att,A279,A903
att,A280,A1119
att,A281,A593
att,A281,A516
att,A281,A1314
att,A281,A1085
att,A281,A415
att,A281,A1355
att,A281,A1472
att,A281,A760
att,A281,A1504
att,A281,A1670
att,A281,A1027
att,A281,A126
att,A281,A1572
att,A281,A966
att,A281,A381
att,A281,A594
att,A281,A163
att,A281,A1188
att,A281,A42
att,A283,A1596
att,A283,A778
att,A283,A749
att,A283,A77
att,A283,A353
att,A283,A43
att,A283,A1773
att,A283,A98
att,A283,A887
att,A283,A460
att,A283,A1699
att,A283,A1606
att,A283,A850
att,A283,A40
att,A286,A1208
att,A286,A2
att,A286,A583
att,A286,A1719
att,A286,A1782
att,A286,A4
att,A286,A1572
att,A286,A1352
att,A286,A1762
att,A286,A678
att,A286,A131
att,A286,A1665
att,A286,A936
att,A286,A1522
att,A286,A849
att,A286,A167
att,A286,A806
att,A286,A451
att,A286,A1110
att,A286,A306
att,A286,A1030
att,A286,A1814
att,A286,A1039
att,A286,A398
att,A286,A929
att,A286,A1630
att,A286,A1713
att,A290,A1760
att,A290,A1183
att,A290,A1349
att,A290,A1154
att,A290,A486
att,A290,A1146
att,A290,A1557
att,A290,A1471
att,A290,A901
att,A290,A1587
att,A290,A1890
att,A290,A1366
att,A292,A487
att,A292,A1312
att,A292,A470
att,A294,A1010
att,A294,A1171
att,A294,A1646
att,A294,A10
att,A294,A911
att,A294,A665
att,A294,A315
att,A294,A677
att,A296,A1559
att,A296,A1348
att,A296,A1246
att,A296,A1715
att,A296,A306
att,A296,A133
att,A296,A1257
att,A296,A1390
att,A296,A1166
att,A296,A1014
att,A296,A591
att,A298,A1591
att,A298,A1285
att,A298,A491
att,A298,A909
att,A298,A70
att,A298,A523
att,A298,A936
att,A298,A668
att,A298,A1489
att,A298,A10
att,A298,A790
att,A298,A748
att,A298,A587
att,A298,A1515
att,A298,A622
att,A298,A1447
att,A298,A795
att,A298,A566
att,A298,A1184
att,A298,A721
att,A298,A1697
att,A298,A1063
att,A298,A1123
att,A299,A1376
att,A299,A840
att,A299,A1665
att,A299,A166
att,A299,A1017
att,A299,A1082
att,A299,A1109
att,A299,A1898
att,A299,A88
att,A299,A473
att,A299,A294
att,A299,A878
att,A299,A1059
att,A299,A1280
att,A300,A1497
att,A300,A1328
att,A300,A454
att,A300,A1698
att,A300,A381
att,A300,A563
att,A300,A1458
att,A300,A1521
att,A300,A988
att,A300,A1734
att,A300,A1278
att,A300,A163
att,A300,A1604
att,A300,A203
att,A300,A543
att,A300,A744
att,A300,A1641
att,A300,A442
att,A300,A1682
att,A300,A642
att,A300,A305
att,A300,A4
att,A300,A397
att,A300,A1156
att,A301,A275
att,A301,A1576
att,A301,A1125
att,A301,A1190
att,A301,A1165
att,A301,A1878
att,A301,A714
att,A304,A1839
att,A304,A1471
att,A304,A1741
att,A304,A483
att,A304,A1179
att,A304,A169
att,A304,A1068
att,A304,A1043
att,A304,A124
att,A304,A1870
att,A304,A1291
att,A304,A814
att,A304,A230
att,A304,A306
att,A304,A1640
att,A304,A1528
att,A304,A748
att,A304,A777
att,A304,A367
att,A309,A755
att,A309,A128
att,A309,A1820
att,A309,A724
att,A309,A1575
att,A309,A237
att,A309,A1277
att,A309,A224
att,A309,A682
att,A309,A1549
att,A309,A1748
att,A309,A889
att,A309,A625
att,A309,A1701
att,A309,A581
att,A309,A350
att,A309,A1014
att,A310,A1879
att,A310,A890
att,A310,A1131
att,A310,A1452
att,A310,A495
att,A310,A1080
att,A310,A634
att,A310,A1110
att,A310,A454
att,A310,A10
att,A310,A1415
att,A310,A1637
att,A310,A55
att,A310,A1698
att,A310,A1375
att,A310,A750
att,A311,A966
att,A311,A530
att,A311,A1467
att,A311,A1048
att,A311,A166
att,A311,A365
att,A311,A1812
att,A311,A1800
att,A311,A1669
att,A311,A372
att,A311,A750
att,A311,A185
att,A311,A1226
att,A312,A1822
att,A312,A1535
att,A312,A905
att,A312,A368
att,A312,A256
att,A312,A1514
att,A312,A1575
att,A312,A332
att,A312,A344
att,A312,A849
att,A312,A1010
att,A312,A910
att,A312,A1179
att,A312,A1481
att,A312,A1620
att,A312,A1600
att,A312,A8
att,A312,A214
att,A312,A639
att,A312,A1769
att,A314,A1502
att,A314,A1335
att,A314,A25
att,A315,A242
att,A315,A947
att,A315,A1667
att,A315,A1074
att,A315,A249
att,A315,A888
att,A315,A473
att,A315,A880
att,A315,A217
att,A315,A727
att,A315,A553
att,A315,A830
att,A315,A204
att,A315,A1895
att,A315,A52
att,A315,A1739
att,A315,A918
att,A315,A1645
att,A315,A338
att,A315,A1713
att,A316,A1384
att,A316,A838
att,A316,A495
att,A320,A5
att,A320,A605
att,A320,A1457
att,A320,A1518
att,A320,A1598
att,A320,A1076
att,A320,A1024
att,A320,A764
att,A320,A1149
att,A320,A1859
att,A321,A194
att,A321,A840
att,A321,A923
att,A321,A1620
att,A321,A848
att,A321,A727
att,A321,A696
att,A321,A468
att,A321,A505
att,A321,A1397
att,A321,A485
att,A321,A20
att,A321,A115
att,A321,A1660
att,A321,A166
att,A321,A667
att,A321,A586
att,A321,A1753
att,A321,A1537
att,A322,A290
att,A322,A421
att,A322,A1834
att,A322,A1523
att,A322,A1199
att,A322,A445
att,A322,A578
att,A322,A1638
att,A322,A45
att,A322,A381
att,A322,A446
att,A322,A1280
att,A322,A897
att,A322,A1106
att,A322,A1724
att,A322,A778
att,A322,A1178
att,A323,A108
att,A323,A384
att,A326,A47
att,A326,A961
att,A326,A680
att,A326,A1312
att,A326,A851
att,A326,A932
att,A326,A1249
att,A326,A1616
att,A326,A1610
att,A326,A670
att,A326,A1766
att,A326,A595
att,A326,A349
att,A326,A643
att,A326,A423
att,A326,A1124
att,A326,A797
att,A326,A1518
att,A326,A649
att,A326,A1343
att,A326,A1820
att,A326,A1254
att,A326,A944
att,A328,A1012
att,A328,A327
att,A328,A264
att,A330,A1160
att,A330,A1300
att,A330,A296
att,A330,A1396
att,A330,A689
att,A332,A151
att,A332,A1730
att,A332,A1781
att,A332,A1116
att,A332,A120
att,A332,A423
att,A332,A1182
att,A332,A1756
att,A332,A2
att,A332,A93
att,A332,A922
att,A332,A1260
att,A332,A251
att,A332,A1777
att,A332,A320
att,A332,A928
att,A332,A154
att,A332,A199
att,A332,A1860
att,A332,A1530
att,A332,A1500
att,A333,A249
att,A333,A433
att,A333,A279
att,A333,A1809
att,A337,A653
att,A337,A103
att,A337,A483
att,A337,A675
att,A337,A1087
att,A337,A156
att,A337,A618
att,A337,A1635
att,A337,A85
att,A337,A112
att,A337,A14
att,A337,A1052
att,A337,A674
att,A337,A1795
att,A337,A409
att,A337,A914
att,A337,A1146
att,A337,A287
att,A337,A845
att,A337,A1656
att,A337,A1102
att,A337,A1215
att,A337,A1846
att,A337,A983
att,A338,A891
att,A338,A284
att,A338,A649
att,A338,A1726
att,A338,A1021
att,A338,A1296
att,A338,A641
att,A338,A1342
att,A338,A427
att,A338,A444
att,A338,A1766
att,A338,A1260
att,A338,A1362
att,A338,A1399
att,A343,A17
att,A343,A1557
att,A343,A1042
att,A343,A960
att,A343,A116
att,A343,A1862
att,A343,A1832
att,A348,A1787
att,A348,A1024
att,A348,A1220
att,A348,A729
att,A348,A138
att,A348,A386
att,A348,A1329
att,A348,A382
att,A348,A1753
att,A349,A1060
att,A350,A159
att,A350,A1858
att,A350,A1079
att,A350,A103
att,A350,A552
att,A350,A1842
att,A350,A1325
att,A350,A468
att,A350,A986
att,A350,A650
att,A350,A1138
att,A350,A962
att,A350,A1126
att,A350,A708
att,A350,A867
att,A350,A1347
att,A350,A209
att,A350,A211
att,A360,A1526
att,A366,A1685
att,A366,A834
att,A366,A951
att,A366,A1804
att,A366,A724
att,A366,A514
att,A366,A517
att,A366,A1702
att,A366,A1250
att,A366,A895
att,A366,A159
att,A366,A771
att,A366,A116
att,A366,A1273
att,A366,A1405
att,A366,A205
att,A366,A123
att,A366,A1040
att,A366,A1749
att,A366,A678
att,A366,A1192
att,A366,A1049
att,A372,A1585
att,A372,A1131
att,A372,A1089
att,A372,A1169
att,A372,A1689
att,A372,A1061
att,A372,A1889
att,A372,A1194
att,A372,A138
att,A372,A434
att,A372,A1616
att,A372,A1086
att,A372,A231
att,A372,A275
att,A372,A238
att,A372,A125
att,A372,A1246
att,A372,A1017
att,A372,A349
att,A372,A798
att,A378,A51
att,A378,A829
att,A378,A616
att,A378,A970
att,A379,A394
att,A379,A620
att,A379,A437
att,A379,A791
att,A379,A1867
att,A379,A237
att,A379,A755
att,A379,A1449
att,A379,A216
att,A379,A1857
att,A379,A15
att,A379,A267
att,A379,A1117
att,A380,A1113
att,A383,A1368
att,A383,A1447
att,A383,A121
att,A383,A1244
att,A383,A1165
att,A383,A181
att,A383,A1888
att,A383,A1519
att,A383,A239
att,A383,A784
att,A384,A1305
att,A384,A1330
att,A384,A1859
att,A386,A832
att,A386,A969
att,A386,A1561
att,A386,A1742
att,A386,A871
att,A386,A1387
att,A386,A447
att,A386,A414
att,A386,A547
att,A386,A565
att,A390,A1713
att,A390,A969
att,A390,A128
att,A390,A13
att,A390,A443
att,A390,A196
att,A390,A717
att,A390,A668
att,A390,A1550
att,A390,A882
att,A390,A230
att,A390,A1214
att,A390,A1711
att,A390,A691
att,A390,A516
att,A390,A1358
att,A390,A252
att,A390,A205
att,A390,A756
att,A390,A1635
att,A390,A70
att,A390,A20
att,A390,A1576
att,A391,A1078
att,A391,A1012
att,A391,A1856
att,A391,A1786
att,A391,A1604
att,A391,A944
att,A391,A188
att,A391,A67
att,A391,A1477
att,A391,A1103
att,A391,A1027
att,A391,A1364
att,A391,A1201
att,A391,A565
att,A394,A964
att,A394,A1114
att,A394,A1505
att,A394,A1640
att,A394,A1098
att,A394,A158
att,A394,A69
att,A394,A1047
att,A394,A1899
att,A394,A641
att,A394,A1015
att,A394,A434
att,A394,A67
att,A394,A1159
att,A394,A400
att,A394,A1602
att,A394,A357
att,A394,A711
att,A398,A393
att,A398,A462
att,A401,A441
att,A401,A1661
att,A401,A1439
att,A401,A1886
att,A401,A1658
att,A401,A886
att,A401,A125
att,A401,A920
att,A401,A1037
att,A401,A824
att,A401,A221
att,A401,A1887
att,A401,A690
att,A401,A1598
att,A402,A1458
att,A402,A334
att,A402,A221
att,A403,A441
att,A403,A791
att,A403,A902
att,A403,A923
att,A403,A1835
att,A403,A645
att,A403,A1072
att,A403,A532
att,A403,A1548
att,A403,A1006
att,A403,A1164
att,A404,A184
att,A404,A1427
att,A404,A1724
att,A404,A803
att,A406,A1539
att,A406,A1793
att,A406,A887
att,A406,A327
att,A406,A221
att,A406,A845
att,A406,A148
att,A406,A1794
att,A406,A625
att,A407,A1509
att,A407,A188
att,A407,A30
att,A407,A1188
att,A407,A1552
att,A407,A325
att,A408,A1032
att,A408,A1016
att,A408,A122
att,A408,A1219
att,A408,A1504
att,A408,A934
att,A408,A1573
att,A410,A677
att,A410,A1100
att,A410,A1067
att,A410,A1479
att,A410,A309
att,A410,A1007
att,A410,A79
att,A410,A1509
att,A410,A1316
att,A412,A231
att,A412,A1453
att,A412,A1855
att,A412,A1145
att,A412,A1824
att,A412,A1785
att,A413,A126
att,A413,A1075
att,A413,A1404
att,A413,A11
att,A413,A1256
att,A413,A1326
att,A413,A458
att,A413,A628
att,A413,A1355
att,A413,A591
att,A413,A696
att,A413,A872
att,A413,A800
att,A413,A293
att,A413,A577
att,A413,A1425
att,A413,A302
att,A413,A400
att,A413,A436
att,A413,A1882
att,A414,A1652
att,A414,A368
att,A414,A553
att,A414,A1025
att,A414,A1118
att,A414,A1877
att,A414,A662
att,A414,A44
att,A414,A278
att,A414,A1131
att,A414,A1499
att,A414,A1690
att,A417,A1412
att,A417,A661
att,A417,A999
att,A417,A189
att,A417,A1208
att,A417,A1053
att,A417,A1718
att,A417,A1725
att,A417,A213
att,A417,A1116
att,A417,A1777
att,A417,A1487
att,A421,A797
att,A421,A727
att,A421,A1312
att,A421,A1681
att,A421,A1136
att,A421,A1787
att,A421,A287
att,A421,A1024
att,A421,A601
att,A421,A1158
att,A424,A1365
att,A424,A839
att,A424,A232
att,A424,A706
att,A424,A182
att,A424,A1816
att,A424,A17
att,A424,A361
att,A424,A1755
att,A424,A1541
att,A426,A1480
att,A426,A1556
att,A426,A916
att,A426,A636
att,A426,A1134
att,A426,A669
att,A426,A228
att,A426,A983
att,A426,A91
att,A426,A1796
att,A426,A1309
att,A426,A212
att,A426,A1612
att,A426,A1485
att,A426,A1414
att,A426,A824
att,A426,A1563
att,A426,A286
att,A426,A1517
att,A426,A215
att,A426,A976
att,A426,A1335
att,A426,A1876
att,A426,A1536
att,A432,A529
att,A432,A986
att,A432,A142
att,A432,A369
att,A432,A612
att,A432,A1305
att,A432,A1052
att,A432,A1675
att,A432,A760
att,A432,A1599
att,A432,A1290
att,A432,A759
att,A432,A431
att,A432,A1486
att,A432,A1402
att,A432,A1460
att,A432,A187
att,A432,A1852
att,A436,A1410
att,A436,A1500
att,A436,A1802
att,A436,A718
att,A436,A1359
att,A436,A1017
att,A436,A1737
att,A436,A859
att,A436,A1564
att,A436,A401
att,A436,A1722
att,A436,A1167
att,A436,A237
att,A436,A1009
att,A436,A1149
att,A436,A553
att,A436,A438
att,A436,A1864
att,A438,A1717
att,A438,A240
att,A438,A1452
att,A438,A846
att,A438,A474
att,A438,A401
att,A438,A1508
att,A438,A1495
att,A438,A1039
att,A438,A45
att,A438,A1005
att,A438,A1314
att,A440,A1700
att,A440,A1265
att,A440,A53
att,A440,A833
att,A440,A1658
att,A440,A1292
att,A440,A1690
att,A440,A226
att,A440,A587
att,A440,A141
att,A440,A261
att,A440,A878
att,A440,A1619
att,A440,A1477
att,A440,A1414
att,A440,A783
att,A440,A479
att,A440,A1064
att,A440,A705
att,A442,A182
att,A442,A888
att,A442,A1472
att,A442,A1211
att,A442,A1617
att,A442,A1811
att,A442,A1874
att,A442,A60
att,A442,A1756
att,A442,A840
att,A442,A472
att,A442,A194
att,A442,A1455
att,A442,A208
att,A443,A284
att,A443,A1082
att,A443,A1349
att,A447,A1147
att,A450,A1240
att,A450,A1575
att,A450,A1885
att,A450,A824
att,A450,A1491
att,A450,A1178
att,A450,A896
att,A452,A627
att,A452,A817
att,A452,A193
att,A452,A316
att,A452,A736
att,A454,A1855
att,A454,A1674
att,A454,A1862
att,A454,A1794
att,A454,A88
att,A454,A1301
att,A454,A1573
att,A454,A532
att,A454,A1863
att,A454,A288
att,A454,A941
att,A454,A1333
att,A454,A1830
att,A454,A741
att,A454,A1762
att,A454,A211
att,A454,A656
att,A454,A1237
att,A455,A1239
att,A455,A721
att,A455,A88
att,A455,A1332
att,A455,A635
att,A455,A1266
att,A455,A1728
att,A455,A1813
att,A455,A623
att,A458,A970
att,A458,A1829
att,A458,A208
att,A458,A1135
att,A458,A1576
att,A458,A1572
att,A458,A1092
att,A458,A613
att,A458,A660
att,A458,A880
att,A458,A1748
att,A458,A586
att,A458,A785
att,A458,A808
att,A458,A1593
att,A458,A820
att,A458,A82
att,A458,A272
att,A458,A1847
att,A458,A827
att,A458,A329
att,A458,A1185
att,A459,A1150
att,A459,A1369
att,A459,A1477
att,A459,A227
att,A459,A1239
att,A459,A954
att,A459,A1828
att,A459,A394
att,A459,A13
att,A459,A1136
att,A459,A294
att,A459,A1722
att,A459,A1598
att,A459,A936
att,A459,A905
att,A459,A176
att,A459,A319
att,A459,A264
att,A460,A1884
att,A460,A1050
att,A460,A1275
att,A460,A907
att,A460,A28
att,A460,A502
att,A460,A1442
att,A460,A280
att,A460,A1424
att,A461,A1801
att,A461,A1651
att,A461,A1102
att,A461,A1709
att,A461,A1675
att,A461,A394
att,A461,A1533
att,A462,A1294
att,A462,A98
att,A462,A124
att,A462,A1777
att,A462,A278
att,A462,A1394
att,A463,A1228
att,A463,A478
att,A463,A1575
att,A463,A26
att,A463,A642
att,A463,A1407
att,A463,A1832
att,A463,A611
att,A463,A55
att,A463,A1027
att,A463,A288
att,A463,A1750
att,A463,A333
att,A463,A1441
att,A463,A312
att,A463,A1840
att,A463,A1769
att,A463,A976
att,A463,A1311
att,A463,A533
att,A463,A1826
att,A464,A1531
att,A464,A1575
att,A464,A1774
att,A464,A1184
att,A464,A102
att,A464,A212
att,A464,A970
att,A464,A1261
att,A465,A561
att,A467,A409
att,A467,A1069
att,A467,A809
att,A467,A226
att,A467,A739
att,A467,A1421
att,A467,A1863
att,A467,A921
att,A467,A1594
att,A467,A1420
att,A467,A402
att,A467,A1229
att,A467,A1312
att,A467,A106
att,A467,A1463
att,A467,A1671
att,A467,A677
att,A467,A124
att,A467,A588
att,A467,A767
att,A467,A782
att,A467,A1016
att,A468,A1298
att,A468,A789
att,A468,A372
att,A468,A1291
att,A468,A1677
att,A468,A1619
att,A468,A1053
att,A468,A1283
att,A468,A317
att,A468,A1840
att,A468,A1615
att,A468,A1572
att,A468,A1449
att,A468,A1059
att,A468,A995
att,A468,A1634
att,A468,A631
att,A468,A941
att,A468,A379
att,A468,A392
att,A469,A906
att,A469,A373
att,A469,A1149
att,A469,A274
att,A469,A1801
att,A469,A15
att,A469,A647
att,A469,A1264
att,A469,A1322
att,A469,A879
att,A469,A629
att,A469,A472
att,A469,A1599
att,A469,A992
att,A469,A1350
att,A469,A1646
att,A469,A1118
att,A469,A896
att,A469,A460
att,A469,A1096
att,A469,A458
att,A469,A598
att,A469,A102
att,A469,A552
att,A471,A429
att,A473,A1397
att,A473,A1526
att,A473,A1048
att,A473,A1860
att,A473,A1117
att,A473,A1492
att,A473,A665
att,A473,A718
att,A473,A1217
att,A473,A749
att,A473,A816
att,A473,A1415
att,A473,A1572
att,A473,A15
att,A473,A1330
att,A473,A1205
att,A473,A1301
att,A473,A1824
att,A473,A1738
att,A473,A1520
att,A473,A1507
att,A476,A1860
att,A476,A517
att,A476,A1582
att,A476,A1758
att,A476,A1526
att,A476,A1834
att,A476,A1144
att,A476,A1132
att,A476,A882
att,A476,A436
att,A476,A624
att,A476,A1427
att,A476,A304
att,A476,A1479
att,A476,A756
att,A477,A635
att,A477,A1658
att,A478,A853
att,A478,A1686
att,A478,A1130
att,A478,A1092
att,A478,A1898
att,A478,A64
att,A478,A605
att,A478,A274
att,A478,A1056
att,A478,A1021
att,A478,A1308
att,A478,A376
att,A478,A1221
att,A478,A281
att,A478,A663
att,A478,A1300
att,A478,A660
att,A478,A1293
att,A478,A577
att,A478,A1025
att,A478,A478
att,A478,A1559
att,A478,A1477
att,A478,A1420
att,A478,A396
att,A478,A1001
att,A479,A106
att,A479,A179
att,A479,A1191
att,A479,A1648
att,A479,A536
att,A479,A1387
att,A479,A1218
att,A479,A491
att,A479,A1884
att,A479,A641
att,A479,A195
att,A479,A1734
att,A479,A1088
att,A479,A1406
att,A479,A990
att,A479,A1846
att,A479,A332
att,A479,A738
att,A479,A696
att,A479,A1831
att,A479,A916
att,A479,A976
att,A480,A342
att,A480,A259
att,A480,A517
att,A480,A1524
att,A480,A211
att,A480,A1893
att,A480,A31
att,A481,A960
att,A481,A689
att,A481,A1590
att,A482,A1222
att,A482,A1343
att,A482,A443
att,A482,A1314
att,A482,A192
att,A482,A71
att,A484,A953
att,A484,A1790
att,A484,A1455
att,A484,A866
att,A484,A1735
att,A484,A1518
att,A484,A1740
att,A484,A1390
att,A484,A279
att,A484,A1334
att,A484,A424
att,A484,A1642
att,A484,A197
att,A484,A711
att,A484,A643
att,A484,A1385
att,A484,A97
att,A484,A1274
att,A484,A625
att,A485,A642
att,A485,A404
att,A485,A620
att,A485,A823
att,A485,A1843
att,A485,A269
att,A485,A391
att,A485,A1141
att,A485,A1800
att,A485,A392
att,A485,A196
att,A497,A1779
att,A497,A1126
att,A497,A339
att,A497,A1488
att,A497,A1298
att,A497,A1538
att,A497,A1325
att,A497,A376
att,A497,A1149
att,A497,A409
att,A497,A634
att,A497,A1784
att,A502,A705
att,A502,A329
att,A502,A204
att,A502,A1190
att,A502,A199
att,A502,A1673
att,A502,A245
att,A502,A448
att,A502,A987
att,A502,A543
att,A502,A447
att,A502,A37
att,A502,A722
att,A502,A953
att,A502,A1545
att,A502,A540
att,A502,A1533
att,A502,A1
att,A502,A43
att,A502,A843
att,A503,A1121
att,A503,A972
att,A503,A1892
att,A503,A1837
att,A503,A1102
att,A503,A556
att,A508,A1294
att,A508,A481
att,A508,A282
att,A508,A792
att,A508,A619
att,A508,A1080
att,A508,A27
att,A508,A452
att,A508,A1020
att,A508,A1503
att,A508,A1220
att,A508,A194
att,A508,A1757
att,A508,A1290
att,A508,A829
att,A508,A1424
att,A508,A1209
att,A508,A677
att,A509,A1108
att,A509,A875
att,A509,A827
att,A509,A852
att,A509,A279
att,A509,A1651
att,A509,A76
att,A509,A329
att,A509,A831
att,A509,A1840
att,A509,A909
att,A509,A915
att,A509,A1386
att,A509,A476
att,A509,A106
att,A509,A1085
att,A509,A1591
att,A509,A732
att,A509,A934
att,A509,A244
att,A509,A1178
att,A511,A919
att,A511,A1767
att,A511,A1753
att,A511,A1305
att,A511,A1668
att,A511,A540
att,A514,A143
att,A514,A1729
att,A514,A1874
att,A514,A1860
att,A514,A792
att,A514,A1046
att,A514,A1202
att,A514,A1345
att,A514,A1537
att,A514,A367
att,A514,A1322
att,A514,A1570
att,A514,A55
att,A514,A689
att,A514,A1768
att,A514,A784
att,A514,A874
att,A514,A136
att,A514,A1115
att,A514,A1706
att,A515,A318
att,A515,A1218
att,A515,A1589
att,A515,A1871
att,A515,A1324
att,A515,A1661
att,A515,A835
att,A515,A1122
att,A515,A444
att,A515,A1631
att,A515,A1268
att,A515,A467
att,A517,A1127
att,A517,A1886
att,A517,A575
att,A517,A967
att,A517,A1652
att,A517,A364
att,A517,A280
att,A517,A953
att,A517,A172
att,A519,A468
att,A520,A93
att,A520,A1666
att,A520,A723
att,A520,A1524
att,A520,A899
att,A520,A972
att,A520,A1655
att,A520,A1538
att,A520,A1087
att,A520,A315
att,A521,A1277
att,A521,A1048
att,A521,A833
att,A522,A987
att,A522,A1691
att,A522,A1362
att,A522,A315
att,A522,A264
att,A522,A1126
att,A522,A469
att,A522,A1315
att,A522,A831
att,A522,A1106
att,A522,A983
att,A522,A1290
att,A522,A986
att,A522,A912
att,A522,A32
att,A522,A368
att,A522,A744
att,A522,A461
att,A523,A890
att,A523,A490
att,A523,A1161
att,A523,A1608
att,A523,A455
att,A523,A1388
att,A523,A1149
att,A523,A840
att,A523,A445
att,A523,A154
att,A523,A1793
att,A523,A443
att,A523,A163
att,A523,A406
att,A523,A369
att,A523,A1602
att,A523,A1556
att,A523,A901
att,A523,A1779
att,A523,A1588
att,A523,A1462
att,A523,A1279
att,A526,A559
att,A526,A619
att,A526,A1877
att,A526,A1586
att,A526,A1603
att,A526,A397
att,A526,A1667
att,A530,A752
att,A530,A1310
att,A530,A1101
att,A530,A508
att,A530,A230
att,A530,A263
att,A530,A1593
att,A530,A1451
att,A533,A1040
att,A533,A1153
att,A533,A188
att,A533,A1820
att,A533,A169
att,A533,A1460
att,A533,A1860
att,A534,A1258
att,A534,A608
att,A534,A1703
att,A534,A167
att,A534,A1175
att,A534,A954
att,A534,A1770
att,A536,A1197
att,A536,A823
att,A536,A454
att,A537,A468
att,A537,A135
att,A537,A308
att,A537,A1279
att,A537,A1520
att,A537,A1083
att,A537,A842
att,A537,A1573
att,A537,A164
att,A537,A1369
att,A537,A1833
att,A537,A946
att,A537,A500
att,A537,A327
att,A537,A1365
att,A537,A1480
att,A537,A1597
att,A537,A958
att,A537,A1779
att,A537,A175
att,A537,A1348
att,A539,A643
att,A539,A426
att,A539,A1606
att,A539,A578
att,A539,A977
att,A539,A1669
att,A539,A979
att,A540,A1826
att,A540,A1105
att,A540,A830
att,A540,A1768
att,A540,A631
att,A540,A383
att,A540,A412
att,A540,A1815
att,A540,A626
att,A540,A287
att,A540,A988
att,A541,A1548
att,A541,A1811
att,A541,A335
att,A541,A369
att,A541,A978
att,A542,A578
att,A542,A282
att,A542,A696
att,A542,A1642
att,A542,A1497
att,A542,A618
att,A542,A1097
att,A542,A144
att,A542,A1774
att,A542,A1107
att,A542,A35
att,A542,A382
att,A542,A949
att,A542,A283
att,A544,A1063
att,A544,A93
att,A544,A145
att,A544,A212
att,A544,A1333
att,A544,A1118
att,A544,A1243
att,A544,A1283
att,A544,A1473
att,A544,A1183
att,A544,A58
att,A544,A680
att,A544,A185
att,A544,A598
att,A544,A1394
att,A544,A1815
att,A544,A1134
att,A544,A1349
att,A544,A243
att,A544,A1275
att,A544,A1626
att,A544,A1515
att,A545,A349
att,A545,A797
att,A545,A1035
att,A545,A1179
att,A545,A1530
att,A545,A320
att,A545,A1773
att,A545,A965
att,A548,A1123
att,A548,A1355
att,A548,A1110
att,A548,A414
att,A548,A760
att,A548,A647
att,A548,A1867
att,A548,A1638
att,A548,A1501
att,A548,A598
att,A548,A1013
att,A549,A1320
att,A549,A848
att,A549,A1630
att,A550,A1691
att,A550,A273
att,A550,A188
att,A550,A20
att,A550,A1264
att,A550,A1320
att,A550,A1479
att,A552,A1818
att,A552,A792
att,A552,A830
att,A553,A1566
att,A553,A718
att,A553,A1484
att,A553,A359
att,A553,A761
att,A553,A802
att,A553,A998
att,A553,A1670
att,A553,A1645
att,A553,A1477
att,A553,A702
att,A553,A225
att,A553,A452
att,A554,A1827
att,A554,A340
att,A554,A985
att,A554,A1549
att,A555,A1103
att,A555,A1420
att,A555,A1764
att,A555,A816
att,A555,A295
att,A555,A1192
att,A555,A1642
att,A555,A1690
att,A555,A207
att,A555,A478
att,A555,A1231
att,A555,A620
att,A555,A1287
att,A555,A919
att,A555,A885
att,A555,A1073
att,A555,A963
att,A555,A62
att,A555,A732
att,A555,A749
att,A555,A1140
att,A556,A376
att,A556,A1287
att,A559,A237
att,A559,A1544
att,A559,A1059
att,A559,A1628
att,A560,A453
att,A562,A727
att,A562,A912
att,A562,A390
att,A562,A744
att,A562,A1831
att,A562,A1627
att,A562,A1421
att,A562,A376
att,A562,A1829
att,A562,A1182
att,A562,A773
att,A562,A56
att,A562,A312
att,A562,A127
att,A562,A1518
att,A562,A1719
att,A562,A1631
att,A562,A736
att,A562,A966
att,A562,A1729
att,A562,A1161
att,A563,A1613
att,A563,A1419
att,A563,A1829
att,A563,A1865
att,A563,A385
att,A563,A1176
att,A563,A1196
att,A565,A576
att,A565,A1186
att,A565,A1020
att,A565,A999
att,A565,A1766
att,A566,A27
att,A566,A434
att,A566,A1585
att,A566,A792
att,A566,A1466
att,A566,A1308
att,A566,A630
att,A566,A196
att,A566,A1627
att,A566,A167
att,A568,A1668
att,A568,A1851
att,A568,A174
att,A568,A1535
att,A568,A1674
att,A568,A978
att,A568,A218
att,A568,A1665
att,A568,A1347
att,A575,A657
att,A575,A1896
att,A575,A1572
att,A575,A1516
att,A575,A1083
att,A575,A120
att,A577,A170
att,A577,A242
att,A577,A1321
att,A577,A754
att,A577,A545
att,A577,A92
att,A579,A1390
att,A579,A814
att,A579,A1251
att,A579,A1885
att,A579,A1041
att,A579,A60
att,A579,A1203
att,A579,A837
att,A579,A55
att,A579,A314
att,A579,A1752
att,A579,A1807
att,A579,A1767
att,A579,A1683
att,A580,A1440
att,A580,A182
att,A580,A1110
att,A580,A1557
att,A580,A1385
att,A580,A1505
att,A581,A1121
att,A581,A428
att,A581,A724
att,A581,A425
att,A581,A1394
att,A581,A1713
att,A581,A1531
att,A581,A1184
att,A581,A950
att,A582,A1853
att,A582,A502
att,A582,A806
att,A582,A478
att,A586,A941
att,A586,A952
att,A586,A1855
att,A586,A1571
att,A586,A1431
att,A586,A293
att,A586,A1101
att,A586,A448
att,A586,A1254
att,A586,A1122
att,A586,A1847
att,A586,A190
att,A586,A1127
att,A586,A1096
att,A586,A953
att,A586,A769
att,A586,A319
att,A588,A615
att,A588,A629
att,A588,A611
att,A588,A1022
att,A588,A1769
att,A588,A1238
att,A588,A1002
att,A588,A583
att,A588,A1280
att,A588,A1735
att,A588,A1285
att,A588,A1818
att,A588,A934
att,A588,A634
att,A588,A1347
att,A588,A558
att,A588,A482
att,A588,A1435
att,A589,A611
att,A589,A1238
att,A589,A1746
att,A589,A534
att,A589,A820
att,A589,A1235
att,A589,A1563
att,A589,A1255
att,A589,A1167
att,A589,A666
att,A589,A1566
att,A589,A15
att,A589,A855
att,A589,A1144
att,A589,A1510
att,A589,A1751
att,A589,A1346
att,A589,A1702
att,A589,A290
att,A589,A650
att,A589,A1360
att,A589,A1758
att,A591,A1844
att,A591,A1000
att,A591,A1243
att,A593,A1431
att,A593,A1028
att,A593,A1176
att,A593,A1102
att,A593,A198
att,A593,A662
att,A593,A257
att,A593,A378
att,A593,A1682
att,A593,A202
att,A593,A846
att,A593,A741
att,A595,A1403
att,A596,A943
att,A596,A812
att,A596,A1365
att,A596,A121
att,A596,A807
att,A596,A1100
att,A596,A1035
att,A596,A53
att,A596,A351
att,A596,A698
att,A596,A720
att,A596,A761
att,A596,A524
att,A596,A1553
att,A596,A1137
att,A596,A479
att,A596,A473
att,A596,A153
att,A598,A391
att,A598,A971
att,A598,A1038
att,A598,A624
att,A598,A298
att,A598,A852
att,A598,A997
att,A598,A610
att,A598,A513
att,A598,A1285
att,A598,A1396
att,A598,A1621
att,A598,A1376
att,A598,A204
att,A598,A1480
att,A598,A372
att,A599,A733
att,A599,A1227
att,A599,A1869
att,A599,A519
att,A599,A1509
att,A599,A1775
att,A599,A1448
att,A599,A1557
att,A599,A34
att,A599,A111
att,A599,A262
att,A599,A215
att,A600,A923
att,A600,A136
att,A600,A1505
att,A600,A1823
att,A600,A1682
att,A600,A1161
att,A600,A1211
att,A600,A1494
att,A600,A917
att,A600,A845
att,A600,A1297
att,A600,A1844
att,A600,A546
att,A600,A91
att,A600,A728
att,A600,A234
att,A600,A1071
att,A600,A1060
att,A601,A62
att,A601,A680
att,A601,A859
att,A601,A1838
att,A601,A1853
att,A601,A1302
att,A601,A1549
att,A601,A1735
att,A602,A614
att,A602,A1826
att,A602,A1651
att,A602,A1191
att,A602,A126
att,A602,A1779
att,A602,A55
att,A602,A302
att,A602,A1036
att,A602,A116
att,A602,A1237
att,A602,A1724
att,A602,A1500
att,A603,A861
att,A603,A204
att,A603,A1349
att,A603,A1099
att,A603,A1334
att,A603,A185
att,A603,A716
att,A603,A245
att,A603,A497
att,A603,A544
att,A603,A1452
att,A603,A216
att,A603,A1484
att,A603,A136
att,A604,A1582
att,A604,A1041
att,A604,A12
att,A604,A632
att,A604,A1230
att,A604,A736
att,A604,A618
att,A604,A611
att,A604,A1075
att,A604,A1001
att,A605,A767
att,A606,A965
att,A606,A1818
att,A606,A122
att,A606,A333
att,A607,A301
att,A607,A1024
att,A607,A62
att,A611,A1359
att,A611,A787
att,A611,A202
att,A611,A1725
att,A611,A390
att,A611,A966
att,A611,A480
att,A611,A605
att,A611,A279
att,A611,A278
att,A611,A307
att,A611,A1175
att,A613,A1172
att,A613,A1853
att,A613,A110
att,A613,A311
att,A613,A975
att,A613,A1160
att,A614,A997
att,A614,A455
att,A617,A416
att,A620,A1656
att,A620,A1650
att,A620,A91
att,A620,A783
att,A620,A505
att,A620,A536
att,A620,A1502
att,A620,A1221
att,A620,A1023
att,A620,A666
att,A620,A361
att,A620,A1504
att,A620,A713
att,A620,A1414
att,A620,A887
att,A620,A848
att,A620,A1883
att,A620,A589
att,A620,A1427
att,A620,A488
att,A621,A1505
att,A621,A1514
att,A621,A412
att,A621,A1438
att,A621,A645
att,A621,A652
att,A621,A859
att,A621,A1258
att,A621,A752
att,A621,A656
att,A621,A1054
att,A621,A1896
att,A621,A1013
att,A621,A989
att,A621,A1781
att,A621,A104
att,A621,A125
att,A621,A1874
att,A621,A1007
att,A621,A1119
att,A622,A204
att,A622,A1464
att,A622,A362
att,A622,A1603
att,A622,A1146
att,A622,A601
att,A622,A1716
att,A622,A547
att,A623,A1632
att,A623,A1203
att,A623,A708
att,A623,A72
att,A623,A722
att,A623,A137
att,A623,A1474
att,A623,A1513
att,A623,A230
att,A623,A729
att,A623,A1329
att,A623,A1786
att,A623,A968
att,A623,A38
att,A623,A1756
att,A623,A1303
att,A623,A978
att,A623,A504
att,A623,A253
att,A626,A1770
att,A626,A773
att,A626,A845
att,A626,A1108
att,A626,A713
att,A626,A266
att,A626,A1371
att,A626,A1071
att,A629,A522
att,A629,A1366
att,A632,A1149
att,A632,A1690
att,A632,A46
att,A632,A349
att,A632,A77
att,A632,A911
att,A632,A1721
att,A632,A4
att,A632,A539
att,A632,A196
att,A632,A85
att,A632,A891
att,A632,A316
att,A632,A118
att,A632,A1628
att,A632,A827
att,A632,A136
att,A634,A617
att,A634,A1269
att,A638,A157
att,A638,A250
att,A638,A1891
att,A638,A1003
att,A638,A1222
att,A640,A1849
att,A640,A675
att,A640,A594
att,A640,A924
att,A642,A1726
att,A642,A1253
att,A642,A1197
att,A642,A232
att,A642,A1513
att,A642,A424
att,A642,A1319
att,A642,A1264
att,A642,A93
att,A642,A864
att,A642,A1281
att,A642,A1652
att,A642,A1442
att,A642,A243
att,A643,A1405
att,A643,A691
att,A643,A1525
att,A643,A281
att,A643,A1179
att,A643,A1211
att,A643,A1696
att,A643,A1646
att,A643,A217
att,A643,A1730
att,A643,A616
att,A643,A1543
att,A643,A1348
att,A644,A502
att,A644,A534
att,A644,A705
att,A644,A829
att,A645,A1742
att,A645,A1829
att,A645,A896
att,A645,A956
att,A645,A622
att,A645,A965
att,A645,A1417
att,A645,A751
att,A645,A979
att,A645,A192
att,A645,A816
att,A645,A881
att,A645,A1859
att,A645,A1371
att,A645,A723
att,A645,A1616
att,A645,A525
att,A645,A1719
att,A645,A890
att,A645,A488
att,A645,A1040
att,A646,A238
att,A646,A405
att,A646,A362
att,A646,A514
att,A646,A600
att,A646,A1259
att,A646,A229
att,A646,A1699
att,A646,A417
att,A646,A1764
att,A646,A1780
att,A646,A573
att,A646,A330
att,A646,A554
att,A646,A464
att,A646,A1298
att,A646,A1759
att,A646,A539
att,A646,A784
att,A646,A141
att,A648,A1753
att,A648,A1467
att,A648,A518
att,A648,A1880
att,A648,A602
att,A648,A1580
att,A648,A833
att,A648,A625
att,A648,A743
att,A648,A1519
att,A648,A1698
att,A648,A348
att,A648,A983
att,A648,A365
att,A648,A739
att,A648,A588
att,A648,A1601
att,A648,A1738
att,A648,A0
att,A648,A990
att,A648,A32
att,A650,A1187
att,A650,A761
att,A650,A1416
att,A650,A437
att,A650,A1503
att,A650,A128
att,A650,A1459
att,A654,A94
att,A654,A232
att,A654,A1126
att,A654,A487
att,A654,A1668
att,A654,A1826
att,A654,A206
att,A654,A1003
att,A654,A112
att,A654,A542
att,A654,A1030
att,A654,A58
att,A654,A1279
att,A654,A699
att,A655,A1094
att,A655,A472
att,A655,A1718
att,A655,A1269
att,A655,A1513
att,A655,A1358
att,A655,A532
att,A655,A895
att,A655,A214
att,A655,A1635
att,A655,A1582
att,A655,A1364
att,A655,A1304
att,A655,A1757
att,A658,A599
att,A658,A690
att,A658,A1607
att,A658,A1809
att,A658,A407
att,A658,A18
att,A658,A191
att,A658,A606
att,A658,A1055
att,A658,A689
att,A658,A1210
att,A658,A1064
att,A658,A45
att,A658,A806
att,A660,A1889
att,A661,A137
att,A661,A1035
att,A661,A1261
att,A661,A886
att,A661,A354
att,A661,A1433
att,A661,A1385
att,A661,A1383
att,A661,A1370
att,A661,A1091
att,A661,A1276
att,A663,A458
att,A663,A1895
att,A663,A452
att,A663,A790
att,A663,A66
att,A663,A714
att,A663,A298
att,A663,A1570
att,A663,A1121
att,A663,A1362
att,A663,A354
att,A663,A1451
att,A663,A44
att,A663,A45
att,A663,A1574
att,A664,A1328
att,A664,A1836
att,A664,A1776
att,A664,A461
att,A664,A1539
att,A664,A1159
att,A664,A1503
att,A664,A663
att,A664,A626
att,A664,A1212
att,A664,A1442
att,A664,A240
att,A664,A1567
att,A664,A105
att,A664,A682
att,A664,A1031
att,A664,A1649
att,A665,A622
att,A665,A761
att,A665,A92
att,A665,A619
att,A665,A67
att,A665,A1394
att,A665,A1053
att,A665,A1613
att,A665,A219
att,A665,A354
att,A666,A132
att,A666,A458
att,A666,A1208
att,A666,A1755
att,A666,A1434
att,A666,A884
att,A666,A1131
att,A666,A159
att,A666,A1435
att,A666,A752
att,A666,A237
att,A666,A1048
att,A666,A1693
att,A666,A1770
att,A667,A1724
att,A667,A905
att,A667,A1295
att,A667,A121
att,A667,A538
att,A667,A949
att,A668,A286
att,A668,A1735
att,A668,A1357
att,A668,A284
att,A668,A668
att,A668,A139
att,A668,A1155
att,A668,A1546
att,A668,A474
att,A668,A50
att,A668,A287
att,A668,A588
att,A668,A917
att,A668,A28
att,A668,A1677
att,A668,A896
att,A668,A1515
att,A668,A1361
att,A668,A434
att,A668,A1202
att,A668,A128
att,A669,A110
att,A669,A815
att,A669,A1781
att,A669,A23
att,A669,A1863
att,A669,A666
att,A669,A989
att,A670,A1857
att,A670,A830
att,A670,A1230
att,A670,A1307
att,A670,A694
att,A670,A586
att,A672,A445
att,A672,A1533
att,A672,A739
att,A672,A33
att,A672,A62
att,A672,A1110
att,A672,A1887
att,A672,A911
att,A672,A1081
att,A672,A566
att,A672,A302
att,A672,A1884
att,A672,A1830
att,A672,A878
att,A672,A1478
att,A673,A635
att,A673,A1833
att,A673,A1630
att,A673,A1768
att,A673,A1231
att,A673,A1762
att,A676,A1862
att,A676,A1849
att,A677,A1224
att,A677,A1828
att,A677,A838
att,A677,A734
att,A677,A41
att,A677,A1467
att,A677,A604
att,A677,A879
att,A677,A716
att,A677,A1509
att,A677,A118
att,A677,A1377
att,A677,A1750
att,A677,A1746
att,A677,A569
att,A677,A1454
att,A677,A132
att,A677,A745
att,A677,A1207
att,A677,A907
att,A677,A1174
att,A679,A1302
att,A679,A178
att,A679,A328
att,A679,A367
att,A679,A8
att,A679,A1372
att,A680,A1564
att,A680,A412
att,A680,A76
att,A680,A453
att,A680,A557
att,A680,A1253
att,A680,A1212
att,A680,A1510
att,A680,A1415
att,A680,A1654
att,A680,A1245
att,A680,A215
att,A680,A696
att,A680,A389
att,A680,A1148
att,A680,A1476
att,A680,A78
att,A680,A553
att,A680,A405
att,A681,A1347
att,A681,A55
att,A681,A1515
att,A682,A1592
att,A683,A933
att,A683,A34
att,A683,A1656
att,A683,A1509
att,A683,A183
att,A683,A1577
att,A683,A879
att,A683,A139
att,A683,A1176
att,A683,A444
att,A683,A1010
att,A683,A270
att,A684,A1317
att,A684,A925
att,A684,A71
att,A684,A847
att,A684,A177
att,A684,A14
att,A684,A1018
att,A684,A1064
att,A684,A1550
att,A685,A34
att,A685,A991
att,A685,A128
att,A685,A1621
att,A685,A1632
att,A686,A702
att,A686,A80
att,A686,A1374
att,A686,A725
att,A686,A730
att,A692,A907
att,A692,A1077
att,A692,A1526
att,A694,A1778
att,A694,A1814
att,A694,A812
att,A694,A982
att,A694,A946
att,A695,A880
att,A695,A1278
att,A696,A48
att,A696,A1616
att,A696,A17
att,A697,A1404
att,A697,A357
att,A697,A1596
att,A697,A1079
att,A697,A1130
att,A697,A790
att,A697,A1385
att,A697,A491
att,A697,A1754
att,A697,A1287
att,A697,A1529
att,A697,A296
att,A697,A673
att,A697,A887
att,A697,A1121
att,A697,A203
att,A697,A1011
att,A697,A532
att,A697,A1505
att,A697,A131
att,A697,A632
att,A700,A332
att,A700,A1898
att,A700,A1888
att,A700,A391
att,A700,A522
att,A700,A1060
att,A700,A1733
att,A700,A917
att,A700,A918
att,A700,A636
att,A700,A887
att,A703,A825
att,A703,A622
att,A703,A1338
att,A703,A1314
att,A703,A1319
att,A703,A724
att,A703,A1093
att,A703,A1045
att,A703,A733
att,A703,A748
att,A703,A314
att,A703,A779
att,A703,A1363
att,A703,A98
att,A703,A1238
att,A703,A342
att,A703,A1635
att,A706,A1680
att,A706,A1169
att,A706,A1417
att,A706,A1163
att,A706,A219
att,A706,A94
att,A706,A757
att,A706,A1323
att,A707,A697
att,A707,A7
att,A707,A446
att,A707,A685
att,A707,A980
att,A707,A1766
att,A707,A1722
att,A707,A1166
att,A707,A898
att,A707,A293
att,A707,A1250
att,A707,A744
att,A707,A469
att,A707,A1697
att,A707,A390
att,A713,A477
att,A713,A1411
att,A713,A709
att,A713,A1134
att,A713,A1800
att,A713,A1339
att,A713,A403
att,A713,A128
att,A713,A904
att,A713,A1631
att,A713,A1436
att,A713,A576
att,A713,A1626
att,A713,A568
att,A713,A164
att,A713,A196
att,A717,A1738
att,A717,A786
att,A717,A692
att,A719,A515
att,A719,A718
att,A719,A1893
att,A719,A593
att,A719,A1283
att,A719,A578
att,A720,A1233
att,A720,A611
att,A720,A202
att,A720,A1291
att,A720,A1713
att,A720,A1457
att,A720,A1766
att,A720,A983
att,A720,A1769
att,A720,A545
att,A720,A193
att,A720,A1257
att,A720,A1559
att,A727,A913
att,A727,A1161
att,A727,A1225
att,A727,A860
att,A727,A988
att,A727,A198
att,A727,A360
att,A729,A557
att,A729,A1363
att,A729,A1797
att,A729,A1883
att,A729,A991
att,A729,A30
att,A729,A1071
att,A729,A1224
att,A729,A1185
att,A729,A1041
att,A729,A1421
att,A729,A335
att,A729,A1703
att,A729,A262
att,A729,A1553
att,A731,A1730
att,A731,A383
att,A731,A1757
att,A731,A609
att,A731,A1211
att,A731,A1586
att,A731,A331
att,A733,A702
att,A733,A212
att,A733,A1824
att,A733,A527
att,A733,A168
att,A733,A621
att,A733,A1064
att,A733,A323
att,A733,A376
att,A733,A386
att,A739,A421
att,A739,A1447
att,A740,A244
att,A740,A960
att,A740,A1012
att,A740,A1303
att,A740,A983
att,A740,A876
att,A743,A1575
att,A743,A811
att,A743,A1706
att,A743,A199
att,A743,A36
att,A747,A1009
att,A748,A1169
att,A748,A70
att,A748,A1541
att,A750,A586
att,A750,A367
att,A750,A299
att,A750,A446
att,A750,A563
att,A750,A1175
att,A750,A744
att,A750,A795
att,A750,A1379
att,A750,A279
att,A750,A7
att,A750,A1819
att,A750,A1377
att,A750,A150
att,A751,A1147
att,A751,A1876
att,A751,A787
att,A751,A1787
att,A751,A1137
att,A751,A62
att,A751,A1720
att,A751,A25
att,A751,A1686
att,A751,A1576
att,A751,A1714
att,A751,A234
att,A751,A1004
att,A751,A1568
att,A751,A661
att,A751,A969
att,A751,A1163
att,A751,A1478
att,A751,A1212
att,A751,A888
att,A751,A699
att,A755,A1714
att,A755,A178
att,A755,A963
att,A755,A1232
att,A755,A176
att,A757,A29
att,A757,A382
att,A757,A278
att,A757,A826
att,A757,A247
att,A757,A167
att,A757,A1093
att,A757,A874
att,A757,A416
att,A757,A947
att,A757,A1818
att,A757,A169
att,A757,A1563
att,A757,A1809
att,A757,A205
att,A757,A57
att,A757,A1833
att,A757,A617
att,A758,A1519
att,A758,A1801
att,A758,A251
att,A758,A743
att,A758,A1175
att,A758,A231
att,A758,A683
att,A758,A954
att,A758,A963
att,A758,A530
att,A758,A993
att,A758,A823
att,A758,A1620
att,A761,A1309
att,A761,A504
att,A761,A686
att,A761,A1436
att,A764,A88
att,A764,A1633
att,A764,A60
att,A764,A269
att,A764,A427
att,A764,A441
att,A764,A5
att,A764,A827
att,A766,A879
att,A766,A937
att,A766,A935
att,A766,A1471
att,A766,A1339
att,A766,A1511
att,A766,A634
att,A766,A1311
att,A766,A1301
att,A766,A904
att,A766,A1458
att,A766,A1281
att,A766,A1336
att,A766,A1615
att,A766,A865
att,A766,A1191
att,A766,A248
att,A770,A1621
att,A770,A1268
att,A770,A322
att,A770,A1338
att,A770,A584
att,A771,A1050
att,A771,A525
att,A771,A1518
att,A771,A1560
att,A771,A489
att,A771,A1171
att,A771,A850
att,A771,A605
att,A771,A757
att,A771,A162
att,A771,A1120
att,A771,A368
att,A771,A709
att,A771,A1802
att,A773,A1089
att,A773,A454
att,A773,A411
att,A773,A1204
att,A774,A16
att,A775,A763
att,A775,A602
att,A775,A252
att,A775,A1726
att,A775,A76
att,A775,A1660
att,A775,A92
att,A776,A1592
att,A776,A716
att,A778,A1384
att,A778,A1389
att,A778,A1342
att,A778,A878
att,A778,A1445
att,A778,A1634
att,A778,A101
att,A778,A1517
att,A778,A1669
att,A778,A1790
att,A778,A207
att,A778,A1510
att,A778,A683
att,A778,A690
att,A778,A1875
att,A778,A362
att,A780,A853
att,A780,A1200
att,A780,A285
att,A780,A1556
att,A780,A759
att,A780,A1886
att,A780,A769
att,A780,A207
att,A780,A1463
att,A780,A1673
att,A780,A39
att,A780,A1775
att,A782,A1138
att,A782,A867
att,A782,A408
att,A782,A1830
att,A782,A665
att,A782,A905
att,A782,A394
att,A782,A958
att,A783,A847
att,A783,A1758
att,A783,A634
att,A783,A408
att,A783,A1688
att,A784,A56
att,A784,A28
att,A784,A1853
att,A784,A1562
att,A784,A740
att,A784,A1217
att,A784,A1277
att,A784,A1037
att,A784,A1339
att,A784,A1298
att,A784,A1554
att,A784,A359
att,A784,A664
att,A784,A819
att,A784,A1754
att,A784,A228
att,A784,A511
att,A787,A1148
att,A787,A1861
att,A787,A1723
att,A787,A1133
att,A787,A1892
att,A787,A558
att,A787,A1203
att,A787,A1887
att,A787,A193
att,A787,A460
att,A787,A886
att,A787,A904
att,A787,A659
att,A787,A646
att,A787,A965
att,A787,A1152
att,A787,A631
att,A787,A946
att,A787,A1236
att,A787,A1661
att,A787,A191
att,A787,A1621
att,A787,A1474
att,A787,A1571
att,A788,A1557
att,A788,A969
att,A788,A1166
att,A788,A1565
att,A788,A1736
att,A790,A900
att,A790,A645
att,A790,A1726
att,A793,A1375
att,A793,A117
att,A793,A1087
att,A793,A581
att,A793,A1859
att,A793,A1212
att,A793,A1729
att,A793,A1327
att,A793,A1631
att,A794,A177
att,A794,A1709
att,A794,A1640
att,A794,A878
att,A794,A947
att,A795,A1698
att,A795,A816
att,A795,A698
att,A804,A1009
att,A804,A1774
att,A804,A23
att,A804,A1362
att,A804,A663
att,A804,A1256
att,A804,A279
att,A804,A556
att,A804,A1631
att,A804,A230
att,A804,A1580
att,A804,A767
att,A804,A375
att,A804,A1708
att,A804,A1429
att,A804,A753
att,A804,A1889
att,A804,A320
att,A804,A717
att,A805,A44
att,A805,A1014
att,A805,A815
att,A805,A966
att,A805,A561
att,A805,A1090
att,A805,A1348
att,A805,A81
att,A805,A1032
att,A805,A1150
att,A805,A925
att,A805,A302
att,A805,A1551
att,A805,A507
att,A805,A1412
att,A806,A1512
att,A806,A567
att,A806,A1683
att,A806,A200
att,A806,A945
att,A806,A672
att,A806,A1664
att,A806,A83
att,A806,A1222
att,A806,A907
att,A806,A326
att,A806,A123
att,A806,A1278
att,A806,A1771
att,A806,A189
att,A806,A993
att,A806,A197
att,A806,A415
att,A806,A74
att,A806,A1479
att,A806,A1030
att,A806,A1158
att,A806,A1370
att,A808,A569
att,A808,A517
att,A808,A481
att,A808,A210
att,A808,A71
att,A808,A1759
att,A808,A1168
att,A808,A1843
att,A811,A1632
att,A811,A578
att,A811,A593
att,A811,A1441
att,A811,A1252
att,A811,A811
att,A811,A867
att,A811,A1752
att,A811,A163
att,A811,A769
att,A811,A350
att,A811,A1479
att,A812,A1481
att,A812,A790
att,A812,A1897
att,A812,A1631
att,A813,A1584
att,A813,A580
att,A813,A1840
att,A813,A723
att,A813,A70
att,A813,A1594
att,A813,A1204
att,A819,A176
att,A819,A1892
att,A819,A1279
att,A819,A1704
att,A819,A506
att,A819,A333
att,A819,A1838
att,A819,A252
att,A819,A1832
att,A819,A218
att,A819,A189
att,A819,A1744
att,A819,A334
att,A819,A1151
att,A819,A139
att,A819,A1847
att,A819,A1230
att,A819,A1285
att,A819,A1807
att,A820,A1734
att,A820,A1642
att,A820,A1318
att,A820,A333
att,A820,A1220
att,A820,A658
att,A823,A1269
att,A823,A1539
att,A823,A531
att,A823,A343
att,A823,A1613
att,A823,A1557
att,A823,A118
att,A823,A1882
att,A823,A524
att,A825,A1112
att,A825,A52
att,A825,A1720
att,A825,A887
att,A825,A546
att,A825,A1292
att,A825,A1869
att,A825,A1702
att,A825,A620
att,A825,A132
att,A825,A635
att,A825,A1810
att,A825,A1684
att,A826,A700
att,A826,A84
att,A826,A375
att,A826,A1881
att,A826,A849
att,A826,A394
att,A826,A743
att,A826,A1619
att,A826,A1492
att,A826,A1037
att,A826,A1359
att,A826,A1570
att,A826,A324
att,A826,A1349
att,A826,A834
att,A826,A413
att,A826,A1751
att,A826,A80
att,A826,A798
att,A826,A565
att,A826,A1852
att,A829,A1089
att,A831,A1530
att,A831,A1314
att,A831,A703
att,A831,A1066
att,A831,A551
att,A831,A924
att,A831,A668
att,A831,A665
att,A831,A132
att,A831,A1067
att,A831,A598
att,A831,A1194
att,A832,A1313
att,A832,A1153
att,A832,A936
att,A832,A1555
att,A832,A1104
att,A832,A40
att,A832,A1073
att,A832,A665
att,A832,A38
att,A832,A397
att,A832,A1766
att,A832,A773
att,A832,A1852
att,A832,A305
att,A832,A1883
att,A832,A417
att,A832,A1307
att,A832,A1175
att,A832,A1504
att,A832,A1507
att,A835,A727
att,A835,A1793
att,A835,A1170
att,A835,A629
att,A835,A1473
att,A835,A80
att,A835,A1279
att,A835,A525
att,A835,A23
att,A835,A1094
att,A835,A1509
att,A835,A1312
att,A835,A564
att,A835,A1665
att,A837,A992
att,A837,A1261
att,A837,A1278
att,A838,A387
att,A838,A810
att,A838,A1761
att,A839,A1622
att,A839,A1531
att,A840,A224
att,A840,A810
att,A840,A105
att,A840,A1731
att,A843,A692
att,A843,A117
att,A843,A1274
att,A843,A1486
att,A843,A367
att,A843,A1522
att,A843,A1037
att,A843,A1646
att,A843,A453
att,A843,A822
att,A843,A631
att,A844,A1268
att,A844,A1549
att,A844,A474
att,A844,A607
att,A844,A1707
att,A844,A1565
att,A844,A1433
att,A844,A1476
att,A844,A1216
att,A844,A1509
att,A844,A1772
att,A844,A445
att,A844,A1867
att,A847,A284
att,A847,A1004
att,A847,A1143
att,A847,A1398
att,A847,A1706
att,A847,A336
att,A847,A270
att,A847,A1469
att,A847,A1379
att,A848,A673
att,A848,A1867
att,A848,A1753
att,A848,A248
att,A848,A1123
att,A848,A1081
att,A848,A892
att,A848,A1231
att,A848,A1114
att,A848,A1197
att,A848,A332
att,A848,A1102
att,A848,A1359
att,A848,A850
att,A848,A1759
att,A848,A1411
att,A848,A523
att,A848,A587
att,A848,A658
att,A848,A1501
att,A849,A726
att,A849,A221
att,A849,A311
att,A849,A1576
att,A849,A908
att,A849,A157
att,A849,A361
att,A849,A1794
att,A849,A1454
att,A849,A1319
att,A849,A1518
att,A857,A332
att,A857,A240
att,A857,A807
att,A859,A1254
att,A859,A1426
att,A859,A1202
att,A859,A1447
att,A859,A1560
att,A859,A1662
att,A859,A267
att,A859,A1425
att,A859,A1222
att,A859,A1082
att,A859,A1085
att,A859,A646
att,A861,A377
att,A861,A1068
att,A861,A1585
att,A861,A736
att,A861,A1675
att,A861,A1081
att,A861,A1297
att,A861,A1051
att,A861,A1311
att,A861,A1071
att,A861,A1598
att,A861,A570
att,A865,A486
att,A865,A1705
att,A865,A1097
att,A865,A53
att,A865,A780
att,A865,A651
att,A865,A382
att,A865,A448
att,A865,A1049
att,A865,A1559
att,A865,A1008
att,A865,A260
att,A865,A420
att,A865,A924
att,A865,A1101
att,A865,A674
att,A865,A347
att,A865,A427
att,A865,A597
att,A865,A1799
att,A865,A392
att,A865,A1855
att,A867,A1316
att,A867,A503
att,A867,A1494
att,A868,A1149
att,A868,A865
att,A868,A1235
att,A868,A491
att,A868,A1717
att,A868,A592
att,A868,A1877
att,A868,A1678
att,A868,A1896
att,A868,A243
att,A868,A717
att,A868,A1828
att,A869,A288
att,A869,A1374
att,A869,A98
att,A869,A1422
att,A869,A161
att,A869,A64
att,A873,A693
att,A873,A615
att,A873,A564
att,A873,A17
att,A873,A843
att,A873,A724
att,A873,A1124
att,A873,A718
att,A873,A58
att,A873,A1125
att,A873,A243
att,A873,A695
att,A873,A1114
att,A873,A208
att,A873,A1156
att,A873,A1336
att,A874,A617
att,A874,A1654
att,A874,A1428
att,A876,A450
att,A878,A415
att,A878,A308
att,A878,A413
att,A878,A300
att,A878,A1518
att,A878,A631
att,A878,A695
att,A878,A116
att,A878,A665
att,A878,A1581
att,A878,A1463
att,A878,A901
att,A878,A509
att,A878,A356
att,A878,A730
att,A878,A1136
att,A878,A1698
att,A878,A1897
att,A878,A1309
att,A878,A1011
att,A878,A418
att,A878,A1516
att,A882,A1354
att,A882,A973
att,A882,A468
att,A882,A659
att,A882,A1767
att,A882,A1775
att,A882,A1022
att,A882,A56
att,A882,A1238
att,A882,A34
att,A882,A1645
att,A882,A45
att,A882,A612
att,A882,A1780
att,A882,A1394
att,A882,A25
att,A882,A710
att,A882,A1621
att,A882,A382
att,A882,A1021
att,A882,A2
att,A882,A187
att,A882,A1772
att,A884,A351
att,A884,A519
att,A884,A1303
att,A884,A824
att,A884,A353
att,A884,A8
att,A884,A150
att,A884,A1846
att,A884,A978
att,A884,A260
att,A884,A163
att,A884,A637
att,A884,A213
att,A884,A1206
att,A884,A1084
att,A884,A1528
att,A884,A826
att,A886,A1071
att,A886,A1331
att,A886,A1792
att,A886,A293
att,A886,A89
att,A886,A1306
att,A886,A134
att,A886,A1174
att,A886,A809
att,A886,A1884
att,A886,A1771
att,A886,A538
att,A886,A1774
att,A886,A1252
att,A886,A824
att,A886,A1364
att,A886,A1355
att,A886,A243
att,A886,A933
att,A886,A1104
att,A887,A753
att,A887,A635
att,A887,A23
att,A887,A1122
att,A887,A1718
att,A887,A1631
att,A887,A433
att,A887,A339
att,A887,A1580
att,A887,A485
att,A887,A419
att,A887,A171
att,A887,A969
att,A887,A211
att,A887,A739
att,A887,A950
att,A888,A355
att,A888,A594
att,A888,A807
att,A888,A773
att,A888,A293
att,A888,A1004
att,A888,A1743
att,A888,A1598
att,A888,A244
att,A888,A1218
att,A888,A1026
att,A888,A1740
att,A888,A1122
att,A888,A833
att,A888,A1280
att,A888,A150
att,A888,A1266
att,A888,A1482
att,A888,A1739
att,A888,A790
att,A888,A895
att,A892,A1550
att,A892,A1478
att,A893,A19
att,A894,A1265
att,A894,A550
att,A894,A1771
att,A894,A1089
att,A894,A1188
att,A894,A883
att,A894,A1286
att,A894,A1392
att,A894,A593
att,A894,A987
att,A894,A1887
att,A894,A741
att,A894,A798
att,A894,A577
att,A895,A632
att,A895,A1230
att,A895,A375
att,A895,A201
att,A895,A927
att,A895,A698
att,A895,A1325
att,A895,A1168
att,A895,A1640
att,A897,A230
att,A897,A1774
att,A897,A1124
att,A897,A1627
att,A897,A1853
att,A897,A1786
att,A897,A707
att,A898,A1520
att,A898,A1539
att,A898,A643
att,A898,A403
att,A898,A1419
att,A898,A1597
att,A898,A1582
att,A898,A1363
att,A898,A479
att,A898,A1478
att,A898,A28
att,A898,A999
att,A898,A875
att,A898,A722
att,A899,A593
att,A899,A1589
att,A899,A561
att,A899,A1009
att,A899,A1850
att,A899,A785
att,A899,A1014
att,A899,A343
att,A899,A1799
att,A899,A926
att,A899,A1
att,A901,A316
att,A901,A138
att,A901,A1510
att,A901,A723
att,A901,A946
att,A901,A1405
att,A901,A1063
att,A901,A1312
att,A901,A45
att,A901,A38
att,A901,A1517
att,A901,A1413
att,A901,A473
att,A901,A128
att,A901,A1603
att,A901,A1645
att,A901,A475
att,A901,A222
att,A901,A1197
att,A903,A1876
att,A903,A739
att,A903,A1828
att,A903,A1680
att,A903,A620
att,A903,A1421
att,A903,A755
att,A903,A1829
att,A903,A907
att,A904,A987
att,A904,A1641
att,A904,A1007
att,A904,A8
att,A904,A1785
att,A904,A357
att,A904,A546
att,A904,A1374
att,A904,A1085
att,A904,A1455
att,A904,A60
att,A904,A661
att,A904,A63
att,A907,A1654
att,A907,A1630
att,A907,A1832
att,A907,A1834
att,A909,A401
att,A909,A675
att,A909,A548
att,A909,A410
att,A909,A1867
att,A909,A1182
att,A909,A1792
att,A909,A765
att,A909,A977
att,A909,A62
att,A909,A56
att,A909,A1337
att,A909,A568
att,A909,A1002
att,A909,A886
att,A909,A655
att,A909,A651
att,A909,A1474
att,A909,A1220
att,A909,A1377
att,A910,A404
att,A910,A944
att,A910,A1282
att,A910,A1295
att,A910,A603
att,A910,A1246
att,A910,A1861
att,A910,A409
att,A910,A1271
att,A910,A1393
att,A910,A196
att,A910,A1702
att,A910,A1591
att,A910,A751
att,A910,A1273
att,A910,A498
att,A910,A1880
att,A910,A159
att,A910,A1144
att,A910,A381
att,A910,A758
att,A910,A1834
att,A910,A761
att,A914,A1894
att,A914,A1741
att,A914,A585
att,A914,A1503
att,A914,A1753
att,A914,A1003
att,A914,A105
att,A914,A209
att,A914,A1403
att,A914,A1734
att,A914,A87
att,A914,A643
att,A914,A1893
att,A914,A954
att,A914,A594
att,A916,A1843
att,A916,A972
att,A916,A412
att,A916,A771
att,A916,A739
att,A916,A1257
att,A916,A1527
att,A916,A378
att,A916,A413
att,A916,A169
att,A916,A1575
att,A916,A1511
att,A916,A1632
att,A916,A431
att,A916,A183
att,A916,A1770
att,A916,A571
att,A921,A841
att,A921,A1214
att,A921,A1739
att,A921,A1456
att,A921,A678
att,A921,A1371
att,A921,A371
att,A921,A964
att,A921,A107
att,A921,A1344
att,A921,A837
att,A921,A935
att,A921,A844
att,A922,A1864
att,A922,A1724
att,A922,A1738
att,A922,A111
att,A922,A1370
att,A922,A852
att,A922,A743
att,A926,A1053
att,A926,A1023
att,A926,A1434
att,A926,A1380
att,A926,A1863
att,A926,A173
att,A926,A1407
att,A926,A264
att,A926,A1879
att,A926,A1286
att,A926,A1325
att,A926,A1177
att,A926,A266
att,A926,A1062
att,A926,A15
att,A926,A1687
att,A926,A1001
att,A928,A703
att,A928,A1591
att,A928,A1722
att,A928,A1713
att,A928,A1650
att,A928,A1132
att,A928,A344
att,A928,A1124
att,A928,A1144
att,A928,A157
att,A928,A1021
att,A928,A1807
att,A928,A160
att,A928,A1543
att,A928,A985
att,A928,A471
att,A928,A649
att,A928,A1705
att,A928,A1139
att,A928,A1282
att,A928,A900
att,A929,A661
att,A929,A1039
att,A929,A1814
att,A929,A205
att,A930,A1740
att,A930,A1170
att,A930,A64
att,A930,A1686
att,A930,A683
att,A930,A1182
att,A930,A1449
att,A930,A1129
att,A930,A453
att,A930,A712
att,A930,A229
att,A930,A649
att,A930,A1086
att,A930,A598
att,A930,A659
att,A930,A1128
att,A932,A1445
att,A932,A1869
att,A932,A1305
att,A932,A114
att,A932,A1092
att,A935,A1820
att,A935,A195
att,A935,A443
att,A935,A540
att,A935,A1217
att,A935,A1594
att,A935,A654
att,A935,A1211
att,A935,A1834
att,A935,A806
att,A935,A730
att,A936,A393
att,A940,A1523
att,A940,A1148
att,A941,A107
att,A941,A1575
att,A941,A589
att,A942,A623
att,A942,A1868
att,A942,A708
att,A942,A413
att,A942,A1825
att,A942,A1442
att,A942,A1660
att,A942,A1171
att,A942,A381
att,A942,A165
att,A942,A1716
att,A942,A1543
att,A943,A1487
att,A943,A1010
att,A943,A1553
att,A943,A1701
att,A943,A924
att,A944,A1373
att,A944,A1679
att,A944,A83
att,A944,A1688
att,A944,A831
att,A944,A1179
att,A944,A189
att,A944,A1743
att,A944,A577
att,A944,A1403
att,A944,A1836
att,A944,A1372
att,A944,A731
att,A944,A1262
att,A944,A1006
att,A944,A381
att,A944,A1107
att,A944,A1429
att,A947,A1705
att,A947,A1370
att,A947,A1447
att,A947,A399
att,A947,A1783
att,A947,A1449
att,A947,A158
att,A947,A1597
att,A947,A801
att,A952,A894
att,A952,A420
att,A952,A1081
att,A952,A829
att,A952,A1699
att,A952,A1459
att,A952,A1710
att,A952,A681
att,A952,A1842
att,A952,A241
att,A952,A667
att,A952,A1514
att,A952,A1253
att,A952,A291
att,A952,A1128
att,A952,A1858
att,A952,A267
att,A952,A141
att,A952,A469
att,A952,A817
att,A952,A1197
att,A952,A923
att,A952,A1315
att,A953,A901
att,A953,A245
att,A953,A227
att,A954,A163
att,A954,A61
att,A954,A1746
att,A954,A1898
att,A954,A369
att,A954,A1721
att,A954,A1276
att,A954,A813
att,A954,A1003
att,A954,A1515
att,A954,A1629
att,A954,A1407
att,A954,A606
att,A954,A1858
att,A954,A924
att,A954,A1476
att,A954,A142
att,A954,A601
att,A954,A1484
att,A954,A1685
att,A954,A1126
att,A954,A521
att,A954,A890
att,A957,A1799
att,A957,A749
att,A957,A1494
att,A957,A1786
att,A957,A994
att,A957,A654
att,A957,A1606
att,A957,A515
att,A957,A1166
att,A957,A1801
att,A957,A22
att,A957,A1598
att,A957,A86
att,A957,A1106
att,A957,A1813
att,A957,A1066
att,A958,A909
att,A958,A1615
att,A958,A655
att,A958,A393
att,A958,A384
att,A958,A1331
att,A958,A195
att,A958,A1163
att,A959,A967
att,A959,A1478
att,A959,A1640
att,A959,A228
att,A959,A1583
att,A959,A1846
att,A959,A1743
att,A959,A229
att,A959,A645
att,A959,A1686
att,A959,A45
att,A960,A847
att,A960,A111
att,A960,A1267
att,A961,A693
att,A961,A1501
att,A961,A1577
att,A961,A968
att,A961,A1772
att,A961,A342
att,A961,A1131
att,A961,A387
att,A961,A306
att,A961,A1538
att,A961,A817
att,A961,A983
att,A961,A1075
att,A961,A619
att,A961,A256
att,A961,A898
att,A961,A930
att,A961,A803
att,A961,A67
att,A961,A432
att,A961,A1017
att,A961,A1159
att,A961,A1338
att,A962,A188
att,A962,A1872
att,A962,A1842
att,A962,A1708
att,A962,A1234
att,A962,A1414
att,A962,A1304
att,A962,A607
att,A962,A1062
att,A962,A717
att,A962,A1385
att,A962,A1648
att,A962,A1825
att,A962,A1436
att,A966,A1529
att,A966,A710
att,A966,A1734
att,A966,A445
att,A966,A386
att,A966,A931
att,A966,A331
att,A966,A1376
att,A966,A1880
att,A966,A1835
att,A968,A405
att,A968,A1264
att,A968,A945
att,A968,A1758
att,A968,A1237
att,A968,A1491
att,A968,A97
att,A968,A761
att,A968,A721
att,A968,A346
att,A968,A1019
att,A968,A162
att,A968,A914
att,A968,A664
att,A968,A1012
att,A970,A635
att,A972,A1579
att,A972,A1272
att,A972,A1618
att,A972,A896
att,A972,A1402
att,A972,A378
att,A972,A1493
att,A972,A1557
att,A972,A1133
att,A972,A144
att,A972,A1231
att,A972,A1851
att,A972,A418
att,A973,A933
att,A973,A458
att,A974,A500
att,A974,A1327
att,A974,A1824
att,A974,A1045
att,A974,A1026
att,A974,A885
att,A974,A1376
att,A976,A1805
att,A976,A1140
att,A976,A428
att,A976,A733
att,A976,A782
att,A976,A1136
att,A976,A505
att,A976,A1714
att,A976,A506
att,A976,A1127
att,A978,A1648
att,A978,A833
att,A978,A15
att,A978,A657
att,A978,A896
att,A978,A925
att,A978,A353
att,A978,A1721
att,A978,A636
att,A978,A630
att,A978,A1479
att,A978,A450
att,A978,A1156
att,A978,A530
att,A978,A947
att,A978,A465
att,A978,A1476
att,A978,A30
att,A978,A40
att,A978,A198
att,A978,A1855
att,A978,A1229
att,A979,A1360
att,A979,A570
att,A979,A1379
att,A979,A746
att,A979,A857
att,A979,A575
att,A979,A280
att,A979,A1625
att,A979,A1695
att,A980,A586
att,A980,A1052
att,A980,A934
att,A980,A110
att,A980,A1273
att,A980,A671
att,A980,A1838
att,A980,A1103
att,A980,A1388
att,A980,A577
att,A980,A474
att,A980,A851
att,A980,A358
att,A980,A1089
att,A980,A1178
att,A980,A349
att,A980,A1550
att,A980,A105
att,A980,A115
att,A981,A13
att,A981,A561
att,A981,A1372
att,A981,A1320
att,A981,A897
att,A981,A1579
att,A981,A1875
att,A981,A408
att,A981,A1265
att,A982,A1384
att,A982,A903
att,A982,A1568
att,A982,A153
att,A982,A1863
att,A983,A851
att,A983,A393
att,A983,A988
att,A983,A1668
att,A983,A931
att,A983,A955
att,A983,A494
att,A983,A300
att,A983,A232
att,A983,A347
att,A983,A592
att,A983,A1205
att,A983,A320
att,A986,A1044
att,A986,A112
att,A986,A163
att,A986,A853
att,A986,A1117
att,A986,A361
att,A986,A1599
att,A987,A574
att,A987,A1197
att,A987,A165
att,A987,A305
att,A987,A584
att,A987,A599
att,A987,A1447
att,A987,A519
att,A987,A1304
att,A987,A1003
att,A987,A1363
att,A987,A1643
att,A987,A1826
att,A987,A295
att,A987,A1352
att,A987,A697
att,A987,A1752
att,A987,A666
att,A987,A225
att,A987,A360
att,A987,A405
att,A987,A236
att,A989,A1407
att,A989,A1770
att,A989,A533
att,A989,A90
att,A989,A1348
att,A989,A696
att,A989,A1638
att,A989,A1533
att,A989,A1778
att,A989,A94
att,A990,A34
att,A990,A336
att,A990,A1850
att,A990,A1134
att,A990,A1701
att,A990,A1232
att,A990,A296
att,A990,A746
att,A990,A1245
att,A990,A1507
att,A990,A124
att,A990,A1077
att,A990,A1260
att,A990,A556
att,A990,A585
att,A990,A1291
att,A990,A1330
att,A990,A1868
att,A990,A1806
att,A990,A891
att,A990,A1555
att,A990,A1400
att,A990,A376
att,A990,A1428
att,A992,A267
att,A992,A393
att,A994,A531
att,A994,A1176
att,A994,A1291
att,A994,A862
att,A994,A227
att,A994,A612
att,A994,A70
att,A994,A274
att,A994,A946
att,A994,A913
att,A994,A813
att,A994,A784
att,A994,A1101
att,A996,A1171
att,A997,A1434
att,A997,A1864
att,A997,A1776
att,A997,A922
att,A997,A1255
att,A998,A1740
att,A998,A656
att,A998,A159
att,A998,A723
att,A998,A816
att,A998,A98
att,A998,A1274
att,A998,A1108
att,A998,A1551
att,A998,A1701
att,A998,A202
att,A998,A619
att,A1000,A1285
att,A1000,A412
att,A1000,A615
att,A1000,A1215
att,A1000,A838
att,A1000,A541
att,A1000,A462
att,A1000,A685
att,A1000,A645
att,A1000,A519
att,A1000,A151
att,A1000,A1367
att,A1000,A1476
att,A1000,A852
att,A1000,A1075
att,A1000,A464
att,A1000,A344
att,A1000,A782
att,A1000,A880
att,A1001,A1189
att,A1001,A1179
att,A1001,A1178
att,A1001,A1435
att,A1005,A717
att,A1005,A634
att,A1005,A348
att,A1005,A63
att,A1005,A32
att,A1005,A1640
att,A1005,A311
att,A1005,A1866
att,A1005,A1735
att,A1005,A1412
att,A1005,A1777
att,A1005,A696
att,A1005,A1678
att,A1005,A513
att,A1005,A806
att,A1006,A1024
att,A1006,A1634
att,A1006,A904
att,A1006,A1256
att,A1006,A1695
att,A1006,A699
att,A1006,A413
att,A1006,A117
att,A1006,A1650
att,A1006,A485
att,A1006,A193
att,A1006,A1818
att,A1006,A986
att,A1006,A84
att,A1006,A367
att,A1006,A1876
att,A1006,A112
att,A1008,A30
att,A1008,A1050
att,A1008,A1588
att,A1008,A368
att,A1008,A121
att,A1008,A1585
att,A1009,A38
att,A1009,A1193
att,A1009,A1549
att,A1009,A1699
att,A1009,A1603
att,A1009,A734
att,A1009,A1001
att,A1009,A1015
att,A1009,A1346
att,A1009,A1744
att,A1009,A508
att,A1009,A1817
att,A1009,A1373
att,A1009,A1746
att,A1011,A1140
att,A1011,A309
att,A1011,A579
att,A1011,A783
att,A1011,A1366
att,A1011,A388
att,A1011,A1066
att,A1011,A1079
att,A1011,A1397
att,A1011,A276
att,A1011,A467
att,A1011,A458
att,A1011,A29
att,A1011,A523
att,A1011,A326
att,A1011,A859
att,A1011,A731
att,A1011,A1110
att,A1011,A1691
att,A1011,A929
att,A1011,A1143
att,A1011,A813
att,A1014,A1510
att,A1014,A116
att,A1014,A105
att,A1014,A272
att,A1014,A905
att,A1014,A1669
att,A1014,A1272
att,A1014,A9
att,A1014,A1644
att,A1015,A901
att,A1015,A418
att,A1015,A406
att,A1015,A432
att,A1015,A722
att,A1015,A1304
att,A1015,A1314
att,A1015,A1605
att,A1015,A293
att,A1015,A1075
att,A1015,A172
att,A1016,A426
att,A1016,A1775
att,A1016,A1802
att,A1016,A1500
att,A1016,A204
att,A1016,A378
att,A1016,A890
att,A1016,A114
att,A1016,A1787
att,A1016,A1886
att,A1016,A1022
att,A1016,A1825
att,A1016,A9
att,A1016,A1827
att,A1016,A340
att,A1016,A892
att,A1016,A1630
att,A1016,A541
att,A1016,A206
att,A1016,A1100
att,A1016,A1852
att,A1016,A1653
att,A1018,A9
att,A1018,A388
att,A1018,A588
att,A1019,A790
att,A1019,A766
att,A1019,A1673
att,A1019,A943
att,A1020,A1582
att,A1020,A421
att,A1020,A1897
att,A1020,A854
att,A1020,A851
att,A1020,A1050
att,A1020,A271
att,A1020,A852
att,A1020,A415
att,A1020,A1341
att,A1020,A1766
att,A1020,A324
att,A1020,A1204
att,A1020,A1457
att,A1020,A1782
att,A1020,A1460
att,A1020,A1402
att,A1020,A220
att,A1020,A90
att,A1020,A1289
att,A1020,A875
att,A1020,A1405
att,A1020,A1472
att,A1021,A371
att,A1021,A1387
att,A1021,A513
att,A1021,A1355
att,A1021,A426
att,A1021,A346
att,A1021,A1276
att,A1021,A1869
att,A1021,A1642
att,A1021,A406
att,A1021,A745
att,A1021,A1264
att,A1021,A1493
att,A1021,A171
att,A1021,A1093
att,A1021,A1405
att,A1023,A241
att,A1023,A480
att,A1023,A927
att,A1023,A222
att,A1023,A1877
att,A1023,A1087
att,A1023,A1866
att,A1023,A113
att,A1023,A794
att,A1023,A348
att,A1023,A471
att,A1023,A415
att,A1023,A1665
att,A1023,A1202
att,A1023,A417
att,A1023,A1423
att,A1024,A733
att,A1024,A818
att,A1024,A628
att,A1024,A669
att,A1024,A1463
att,A1024,A1375
att,A1024,A1817
att,A1024,A430
att,A1024,A1523
att,A1024,A545
att,A1024,A30
att,A1024,A1528
att,A1024,A557
att,A1024,A648
att,A1024,A443
att,A1025,A1550
att,A1025,A327
att,A1025,A13
att,A1025,A643
att,A1025,A1829
att,A1025,A486
att,A1025,A989
att,A1025,A29
att,A1025,A1388
att,A1025,A1762
att,A1025,A728
att,A1025,A1166
att,A1025,A278
att,A1025,A298
att,A1025,A493
att,A1025,A1069
att,A1025,A756
att,A1025,A1435
att,A1025,A239
att,A1025,A223
att,A1027,A961
att,A1027,A1763
att,A1027,A1612
att,A1027,A606
att,A1027,A362
att,A1027,A1126
att,A1027,A1406
att,A1027,A698
att,A1027,A1868
att,A1027,A1597
att,A1027,A1738
att,A1027,A1458
att,A1027,A44
att,A1027,A884
att,A1027,A691
att,A1027,A1698
att,A1027,A1097
att,A1027,A411
att,A1027,A378
att,A1027,A151
att,A1027,A1020
att,A1032,A1084
att,A1032,A168
att,A1032,A1409
att,A1032,A964
att,A1032,A1259
att,A1032,A1135
att,A1032,A986
att,A1032,A52
att,A1032,A1252
att,A1032,A1781
att,A1037,A79
att,A1037,A14
att,A1037,A209
att,A1037,A1307
att,A1037,A1315
att,A1037,A1621
att,A1037,A545
att,A1037,A1559
att,A1037,A642
att,A1037,A394
att,A1037,A1370
att,A1037,A778
att,A1037,A1768
att,A1038,A1709
att,A1038,A1765
att,A1038,A1425
att,A1038,A1716
att,A1038,A876
att,A1038,A797
att,A1038,A573
att,A1038,A1496
att,A1038,A1162
att,A1038,A1552
att,A1038,A415
att,A1038,A1761
att,A1038,A998
att,A1038,A212
att,A1038,A1339
att,A1038,A452
att,A1038,A59
att,A1038,A1418
att,A1038,A485
att,A1038,A1088
att,A1038,A293
att,A1038,A1787
att,A1038,A933
att,A1038,A882
att,A1038,A322
att,A1039,A735
att,A1039,A525
att,A1040,A1690
att,A1040,A1600
att,A1040,A1507
att,A1040,A1201
att,A1040,A1647
att,A1040,A972
att,A1043,A275
att,A1043,A77
att,A1043,A1843
att,A1043,A1543
att,A1043,A1708
att,A1043,A414
att,A1043,A1052
att,A1043,A794
att,A1043,A580
att,A1043,A1464
att,A1043,A749
att,A1043,A1847
att,A1044,A1629
att,A1044,A1443
att,A1044,A776
att,A1044,A658
att,A1044,A1515
att,A1044,A1447
att,A1044,A1004
att,A1044,A884
att,A1044,A1446
att,A1044,A1697
att,A1044,A681
att,A1048,A606
att,A1048,A1847
att,A1048,A351
att,A1048,A1111
att,A1048,A884
att,A1048,A951
att,A1048,A172
att,A1048,A1110
att,A1048,A1685
att,A1048,A1183
att,A1048,A1520
att,A1048,A1518
att,A1048,A602
att,A1048,A149
att,A1048,A957
att,A1048,A1534
att,A1048,A1260
att,A1048,A338
att,A1050,A432
att,A1050,A565
att,A1050,A213
att,A1050,A987
att,A1050,A810
att,A1050,A1404
att,A1050,A941
att,A1053,A687
att,A1053,A1558
att,A1053,A923
att,A1053,A948
att,A1053,A242
att,A1057,A1775
att,A1057,A862
att,A1057,A1632
att,A1057,A60
att,A1057,A645
att,A1057,A295
att,A1058,A3
att,A1058,A1829
att,A1058,A1195
att,A1061,A654
att,A1061,A1772
att,A1061,A1689
att,A1061,A1329
att,A1061,A687
att,A1061,A785
att,A1061,A756
att,A1061,A1244
att,A1061,A1053
att,A1061,A357
att,A1061,A1096
att,A1061,A77
att,A1061,A401
att,A1061,A1860
att,A1061,A796
att,A1061,A531
att,A1061,A201
att,A1062,A1472
att,A1062,A816
att,A1062,A318
att,A1062,A1546
att,A1062,A1598
att,A1062,A4
att,A1062,A1879
att,A1062,A1716
att,A1062,A1636
att,A1062,A510
att,A1062,A79
att,A1062,A1175
att,A1062,A26
att,A1062,A1290
att,A1062,A1048
att,A1062,A1126
att,A1063,A1566
att,A1063,A1892
att,A1063,A299
att,A1063,A886
att,A1063,A72
att,A1063,A1897
att,A1063,A790
att,A1063,A1162
att,A1063,A290
att,A1063,A1453
att,A1063,A710
att,A1063,A369
att,A1063,A1555
att,A1063,A1383
att,A1063,A15
att,A1063,A1618
att,A1063,A540
att,A1063,A243
att,A1064,A1775
att,A1064,A1662
att,A1064,A1425
att,A1066,A1869
att,A1066,A1535
att,A1066,A659
att,A1068,A1135
att,A1068,A1688
att,A1068,A1573
att,A1068,A1481
att,A1068,A1187
att,A1068,A1795
att,A1068,A1249
att,A1068,A599
att,A1068,A228
att,A1068,A1
att,A1069,A1265
att,A1069,A1805
att,A1069,A1126
att,A1069,A588
att,A1069,A943
att,A1069,A344
att,A1069,A913
att,A1071,A604
att,A1071,A1317
att,A1071,A1274
att,A1071,A1748
att,A1071,A1702
att,A1071,A471
att,A1071,A1552
att,A1071,A516
att,A1071,A545
att,A1071,A1878
att,A1071,A961
att,A1071,A899
att,A1071,A184
att,A1071,A252
att,A1072,A358
att,A1072,A1851
att,A1072,A1637
att,A1072,A73
att,A1072,A689
att,A1072,A1697
att,A1072,A1511
att,A1072,A899
att,A1072,A374
att,A1072,A1810
att,A1072,A892
att,A1072,A1097
att,A1072,A1175
att,A1072,A1015
att,A1072,A400
att,A1072,A469
att,A1072,A1897
att,A1073,A1874
att,A1073,A922
att,A1073,A1535
att,A1073,A1063
att,A1073,A381
att,A1073,A158
att,A1073,A762
att,A1073,A1258
att,A1073,A1422
att,A1073,A1109
att,A1073,A1150
att,A1073,A144
att,A1073,A92
att,A1073,A929
att,A1073,A201
att,A1073,A1214
att,A1073,A1889
att,A1073,A101
att,A1073,A576
att,A1073,A912
att,A1073,A1077
att,A1073,A1110
att,A1074,A967
att,A1074,A190
att,A1074,A758
att,A1074,A1294
att,A1074,A1238
att,A1074,A1544
att,A1074,A695
att,A1074,A1326
att,A1074,A1089
att,A1074,A520
att,A1074,A1118
att,A1074,A1668
att,A1075,A1273
att,A1075,A1145
att,A1075,A586
att,A1075,A907
att,A1075,A180
att,A1075,A1480
att,A1075,A463
att,A1076,A37
att,A1076,A331
att,A1076,A1671
att,A1076,A752
att,A1076,A1155
att,A1076,A55
att,A1076,A959
att,A1076,A624
att,A1076,A965
att,A1076,A640
att,A1076,A1263
att,A1076,A1194
att,A1076,A1518
att,A1076,A1809
att,A1077,A1235
att,A1078,A1485
att,A1078,A1267
att,A1078,A282
att,A1078,A626
att,A1080,A1241
att,A1080,A1020
att,A1080,A1765
att,A1080,A453
att,A1080,A737
att,A1080,A929
att,A1080,A997
att,A1080,A1498
att,A1080,A1349
att,A1083,A1765
att,A1083,A276
att,A1083,A1775
att,A1086,A746
att,A1086,A1445
att,A1086,A1078
att,A1086,A905
att,A1086,A390
att,A1086,A435
att,A1087,A1578
att,A1087,A406
att,A1087,A1013
att,A1087,A1622
att,A1087,A577
att,A1087,A767
att,A1087,A1529
att,A1088,A636
att,A1088,A32
att,A1088,A1639
att,A1088,A983
att,A1088,A160
att,A1088,A433
att,A1089,A1266
att,A1089,A649
att,A1089,A1346
att,A1089,A938
att,A1089,A826
att,A1089,A1513
att,A1089,A480
att,A1089,A1665
att,A1089,A189
att,A1089,A637
att,A1089,A1496
att,A1089,A1272
att,A1089,A1347
att,A1089,A1369
att,A1089,A1011
att,A1089,A244
att,A1089,A1661
att,A1090,A85
att,A1090,A1704
att,A1090,A961
att,A1090,A1546
att,A1090,A1585
att,A1090,A779
att,A1090,A317
att,A1090,A590
att,A1090,A102
att,A1090,A594
att,A1090,A95
att,A1090,A1497
att,A1090,A1517
att,A1090,A1543
att,A1091,A217
att,A1091,A1582
att,A1091,A686
att,A1091,A562
att,A1091,A435
att,A1091,A549
att,A1093,A114
att,A1093,A304
att,A1093,A1132
att,A1093,A1765
att,A1093,A1153
att,A1096,A998
att,A1096,A905
att,A1096,A867
att,A1096,A1593
att,A1096,A861
att,A1096,A1052
att,A1096,A368
att,A1096,A1401
att,A1096,A247
att,A1096,A328
att,A1096,A468
att,A1096,A1690
att,A1096,A92
att,A1096,A648
att,A1096,A1553
att,A1096,A1499
att,A1096,A756
att,A1096,A1415
att,A1096,A172
att,A1097,A1304
att,A1097,A1295
att,A1097,A1250
att,A1097,A757
att,A1097,A1442
att,A1097,A517
att,A1097,A477
att,A1097,A768
att,A1097,A657
att,A1098,A802
att,A1098,A64
att,A1098,A147
att,A1098,A1680
att,A1098,A619
att,A1098,A1653
att,A1098,A1787
att,A1098,A906
att,A1098,A1362
att,A1098,A1886
att,A1098,A372
att,A1098,A805
att,A1098,A825
att,A1098,A1416
att,A1098,A951
att,A1098,A1872
att,A1098,A324
att,A1098,A1399
att,A1098,A313
att,A1098,A1397
att,A1099,A1470
att,A1099,A879
att,A1099,A1032
att,A1099,A1680
att,A1099,A1725
att,A1099,A1613
att,A1099,A449
att,A1099,A1318
att,A1099,A411
att,A1099,A638
att,A1099,A775
att,A1099,A1752
att,A1099,A260
att,A1099,A1893
att,A1099,A681
att,A1102,A1311
att,A1102,A316
att,A1102,A241
att,A1104,A962
att,A1104,A1733
att,A1104,A49
att,A1104,A1739
att,A1104,A1232
att,A1104,A1204
att,A1104,A326
att,A1104,A937
att,A1104,A839
att,A1104,A1145
att,A1104,A1385
att,A1104,A1796
att,A1104,A844
att,A1104,A1017
att,A1104,A574
att,A1104,A1116
att,A1104,A1729
att,A1104,A1098
att,A1104,A909
att,A1104,A823
att,A1105,A643
att,A1105,A786
att,A1106,A1626
att,A1109,A1653
att,A1111,A273
att,A1111,A420
att,A1111,A1084
att,A1111,A313
att,A1112,A759
att,A1115,A1153
att,A1115,A444
att,A1115,A68
att,A1115,A510
att,A1115,A253
att,A1116,A572
att,A1116,A515
att,A1116,A1732
att,A1116,A1096
att,A1116,A644
att,A1116,A1224
att,A1116,A513
att,A1116,A1778
att,A1119,A1734
att,A1119,A765
att,A1119,A575
att,A1119,A1027
att,A1119,A334
att,A1119,A1212
att,A1119,A857
att,A1119,A891
att,A1119,A135
att,A1119,A880
att,A1119,A1654
att,A1119,A848
att,A1119,A116
att,A1119,A748
att,A1119,A697
att,A1119,A634
att,A1127,A985
att,A1127,A185
att,A1127,A143
att,A1127,A1793
att,A1127,A755
att,A1127,A77
att,A1127,A411
att,A1127,A603
att,A1127,A95
att,A1127,A728
att,A1127,A857
att,A1127,A653
att,A1127,A1117
att,A1127,A193
att,A1127,A307
att,A1127,A809
att,A1127,A1713
att,A1127,A633
att,A1127,A195
att,A1127,A1336
att,A1127,A1239
att,A1127,A294
att,A1128,A787
att,A1128,A1096
att,A1128,A100
att,A1128,A1391
att,A1131,A1236
att,A1131,A122
att,A1131,A879
att,A1131,A1853
att,A1131,A1238
att,A1131,A157
att,A1131,A390
att,A1131,A414
att,A1131,A377
att,A1131,A1459
att,A1131,A1152
att,A1131,A31
att,A1131,A1849
att,A1131,A459
att,A1131,A1852
att,A1131,A160
att,A1131,A1822
att,A1131,A297
att,A1131,A841
att,A1131,A101
att,A1131,A61
att,A1131,A1398
att,A1131,A301
att,A1131,A1680
att,A1133,A389
att,A1133,A789
att,A1133,A1340
att,A1133,A1110
att,A1133,A1208
att,A1133,A1789
att,A1134,A1196
att,A1135,A361
att,A1135,A521
att,A1135,A1208
att,A1135,A759
att,A1135,A1246
att,A1135,A852
att,A1135,A1480
att,A1135,A393
att,A1135,A1839
att,A1135,A357
att,A1135,A652
att,A1135,A1581
att,A1135,A1754
att,A1135,A1142
att,A1135,A437
att,A1135,A46
att,A1135,A1538
att,A1135,A858
att,A1135,A540
att,A1135,A731
att,A1135,A1355
att,A1135,A328
att,A1137,A1359
att,A1137,A1063
att,A1137,A68
att,A1137,A1416
att,A1137,A74
att,A1137,A970
att,A1137,A1601
att,A1137,A364
att,A1137,A517
att,A1137,A820
att,A1142,A1166
att,A1142,A1254
att,A1142,A1055
att,A1142,A407
att,A1142,A1368
att,A1142,A505
att,A1142,A841
att,A1142,A917
att,A1142,A1658
att,A1142,A714
att,A1142,A1249
att,A1144,A1297
att,A1144,A393
att,A1144,A1012
att,A1144,A964
att,A1144,A1535
att,A1144,A1650
att,A1144,A571
att,A1144,A1137
att,A1144,A1552
att,A1144,A1536
att,A1144,A580
att,A1146,A504
att,A1146,A716
att,A1146,A149
att,A1146,A168
att,A1146,A499
att,A1146,A102
att,A1146,A430
att,A1146,A1616
att,A1146,A1534
att,A1146,A1823
att,A1146,A901
att,A1146,A902
att,A1146,A532
att,A1146,A1792
att,A1147,A392
att,A1147,A50
att,A1147,A668
att,A1147,A900
att,A1147,A1006
att,A1149,A711
att,A1149,A1554
att,A1149,A1754
att,A1149,A1052
att,A1149,A237
att,A1149,A1546
att,A1149,A248
att,A1149,A1436
att,A1149,A958
att,A1149,A950
att,A1149,A1040
att,A1149,A845
att,A1149,A961
att,A1149,A1871
att,A1150,A1504
att,A1150,A282
att,A1150,A1517
att,A1150,A1730
att,A1152,A1744
att,A1152,A810
att,A1152,A19
att,A1152,A375
att,A1152,A57
att,A1152,A1504
att,A1152,A733
att,A1152,A834
att,A1152,A513
att,A1152,A1262
att,A1152,A1353
att,A1153,A393
att,A1153,A1016
att,A1153,A1257
att,A1153,A812
att,A1154,A781
att,A1155,A1315
att,A1155,A1537
att,A1155,A898
att,A1155,A1087
att,A1155,A1778
att,A1155,A1390
att,A1155,A1887
att,A1155,A589
att,A1155,A693
att,A1155,A1502
att,A1155,A116
att,A1155,A1722
att,A1155,A1053
att,A1155,A973
att,A1156,A1001
att,A1156,A1846
att,A1156,A1327
att,A1156,A1813
att,A1156,A1549
att,A1156,A1194
att,A1160,A1043
att,A1160,A767
att,A1161,A964
att,A1161,A1067
att,A1161,A1320
att,A1161,A1153
att,A1161,A1772
att,A1161,A188
att,A1161,A966
att,A1161,A1366
att,A1161,A395
att,A1161,A483
att,A1161,A650
att,A1162,A651
att,A1162,A1337
att,A1162,A1436
att,A1162,A1200
att,A1162,A128
att,A1162,A1072
att,A1162,A533
att,A1162,A491
att,A1162,A1023
att,A1162,A1009
att,A1163,A189
att,A1163,A1366
att,A1163,A377
att,A1163,A1215
att,A1163,A1476
att,A1163,A969
att,A1164,A1872
att,A1164,A785
att,A1164,A1202
att,A1164,A874
att,A1164,A711
att,A1164,A344
att,A1164,A1480
att,A1164,A760
att,A1164,A575
att,A1164,A443
att,A1164,A1743
att,A1164,A1311
att,A1164,A36
att,A1164,A1274
att,A1164,A1173
att,A1164,A125
att,A1164,A1808
att,A1164,A210
att,A1164,A1113
att,A1165,A633
att,A1165,A263
att,A1165,A900
att,A1165,A1891
att,A1165,A421
att,A1165,A919
att,A1165,A1416
att,A1165,A1173
att,A1165,A1040
att,A1165,A1532
att,A1165,A352
att,A1165,A1434
att,A1165,A1554
att,A1165,A399
att,A1165,A182
att,A1165,A110
att,A1169,A1871
att,A1169,A1392
att,A1169,A581
att,A1169,A1200
att,A1169,A1186
att,A1169,A332
att,A1169,A22
att,A1169,A1230
att,A1169,A640
att,A1169,A1342
att,A1169,A384
att,A1169,A1219
att,A1169,A1874
att,A1169,A1031
att,A1169,A1192
att,A1171,A1562
att,A1171,A995
att,A1171,A1111
att,A1171,A558
att,A1171,A1449
att,A1171,A1845
att,A1171,A1574
att,A1171,A323
att,A1171,A1221
att,A1171,A115
att,A1171,A433
att,A1171,A1106
att,A1171,A899
att,A1171,A1785
att,A1171,A956
att,A1171,A1398
att,A1171,A79
att,A1171,A556
att,A1171,A1583
att,A1172,A859
att,A1172,A73
att,A1172,A1002
att,A1172,A1313
att,A1172,A719
att,A1172,A1034
att,A1172,A928
att,A1172,A606
att,A1172,A1421
att,A1172,A984
att,A1172,A649
att,A1172,A776
att,A1175,A1671
att,A1175,A1047
att,A1175,A1721
att,A1175,A348
att,A1175,A384
att,A1175,A1192
att,A1175,A122
att,A1175,A338
att,A1175,A1477
att,A1175,A549
att,A1175,A277
att,A1175,A1307
att,A1175,A1668
att,A1175,A1320
att,A1175,A113
att,A1175,A631
att,A1175,A70
att,A1175,A74
att,A1175,A1163
att,A1175,A1208
att,A1175,A819
att,A1175,A11
att,A1175,A1627
att,A1180,A1493
att,A1180,A1843
att,A1180,A1517
att,A1180,A1489
att,A1180,A701
att,A1180,A261
att,A1180,A1600
att,A1180,A162
att,A1180,A1097
att,A1180,A124
att,A1180,A1463
att,A1180,A567
att,A1180,A625
att,A1180,A635
att,A1180,A1781
att,A1180,A1245
att,A1180,A1554
att,A1180,A889
att,A1180,A1093
att,A1180,A214
att,A1180,A1780
att,A1180,A1388
att,A1180,A1408
att,A1180,A1359
att,A1180,A298
att,A1181,A301
att,A1181,A1258
att,A1181,A1809
att,A1181,A900
att,A1181,A439
att,A1181,A37
att,A1182,A55
att,A1182,A68
att,A1182,A137
att,A1182,A1170
att,A1182,A41
att,A1182,A208
att,A1182,A1421
att,A1182,A1287
att,A1182,A1882
att,A1182,A1050
att,A1182,A833
att,A1182,A1851
att,A1182,A1550
att,A1182,A683
att,A1182,A685
att,A1182,A1083
att,A1182,A199
att,A1185,A774
att,A1185,A1219
att,A1185,A387
att,A1185,A661
att,A1185,A1007
att,A1185,A1217
att,A1185,A1545
att,A1185,A1362
att,A1185,A679
att,A1187,A1783
att,A1187,A251
att,A1187,A456
att,A1187,A324
att,A1187,A1626
att,A1187,A987
att,A1187,A95
att,A1187,A448
att,A1187,A1424
att,A1187,A350
att,A1189,A946
att,A1189,A907
att,A1189,A77
att,A1189,A188
att,A1189,A213
att,A1189,A1543
att,A1189,A348
att,A1189,A1273
att,A1189,A1454
att,A1189,A351
att,A1189,A1085
att,A1189,A808
att,A1189,A1846
att,A1189,A257
att,A1189,A1294
att,A1189,A197
att,A1189,A1081
att,A1189,A1880
att,A1189,A1358
att,A1193,A655
att,A1193,A955
att,A1193,A1174
att,A1193,A625
att,A1193,A972
att,A1193,A1740
att,A1193,A680
att,A1194,A969
att,A1194,A1741
att,A1194,A1273
att,A1194,A132
att,A1194,A317
att,A1199,A237
att,A1199,A1635
att,A1199,A1669
att,A1199,A1195
att,A1199,A1184
att,A1199,A97
att,A1199,A433
att,A1199,A878
att,A1199,A1206
att,A1199,A1693
att,A1199,A1383
att,A1199,A1480
att,A1199,A1545
att,A1199,A365
att,A1199,A504
att,A1200,A326
att,A1200,A1558
att,A1200,A1880
att,A1200,A1234
att,A1200,A1322
att,A1200,A1112
att,A1200,A1079
att,A1200,A1211
att,A1200,A1506
att,A1200,A1688
att,A1200,A833
att,A1200,A1
att,A1200,A1216
att,A1200,A1277
att,A1201,A535
att,A1201,A1680
att,A1201,A1739
att,A1201,A523
att,A1201,A667
att,A1201,A1641
att,A1201,A806
att,A1201,A72
att,A1201,A1187
att,A1201,A1511
att,A1201,A160
att,A1201,A24
att,A1201,A306
att,A1201,A873
att,A1201,A923
att,A1201,A1087
att,A1202,A1371
att,A1202,A3
att,A1202,A959
att,A1202,A576
att,A1202,A1216
att,A1202,A171
att,A1202,A1684
att,A1202,A1161
att,A1202,A1847
att,A1202,A1418
att,A1202,A352
att,A1202,A1508
att,A1202,A702
att,A1202,A757
att,A1202,A1168
att,A1202,A734
att,A1202,A1541
att,A1202,A606
att,A1203,A394
att,A1203,A854
att,A1203,A1050
att,A1203,A725
att,A1203,A282
att,A1203,A602
att,A1208,A1289
att,A1208,A110
att,A1208,A374
att,A1208,A850
att,A1208,A1710
att,A1208,A816
att,A1208,A744
att,A1208,A1330
att,A1208,A1252
att,A1208,A1889
att,A1208,A1882
att,A1208,A1450
att,A1208,A822
att,A1208,A481
att,A1208,A219
att,A1208,A740
att,A1208,A958
att,A1208,A1052
att,A1208,A400
att,A1208,A1810
att,A1208,A1471
att,A1210,A1406
att,A1210,A1410
att,A1210,A1574
att,A1211,A1249
att,A1212,A177
att,A1212,A1072
att,A1212,A1643
att,A1212,A774
att,A1212,A444
att,A1212,A12
att,A1212,A676
att,A1212,A1877
att,A1212,A1294
att,A1212,A134
att,A1212,A158
att,A1212,A142
att,A1212,A884
att,A1213,A760
att,A1213,A1323
att,A1213,A305
att,A1213,A939
att,A1213,A1120
att,A1213,A1702
att,A1213,A684
att,A1213,A1391
att,A1213,A708
att,A1213,A1296
att,A1213,A544
att,A1213,A143
att,A1213,A767
att,A1213,A1657
att,A1213,A539
att,A1213,A1634
att,A1213,A1828
att,A1213,A1680
att,A1213,A553
att,A1221,A148
att,A1221,A512
att,A1221,A860
att,A1221,A1312
att,A1221,A1234
att,A1221,A66
att,A1221,A775
att,A1221,A6
att,A1221,A1662
att,A1221,A640
att,A1221,A1761
att,A1221,A780
att,A1221,A273
att,A1222,A1439
att,A1222,A144
att,A1222,A1177
att,A1222,A534
att,A1222,A845
att,A1222,A953
att,A1222,A696
att,A1222,A59
att,A1222,A170
att,A1222,A1643
att,A1222,A1845
att,A1222,A31
att,A1224,A1344
att,A1224,A752
att,A1224,A1609
att,A1224,A1817
att,A1224,A338
att,A1224,A120
att,A1224,A1116
att,A1224,A1073
att,A1224,A1049
att,A1224,A1277
att,A1227,A1708
att,A1227,A1738
att,A1227,A1845
att,A1231,A1465
att,A1231,A1342
att,A1231,A1392
att,A1231,A237
att,A1231,A1016
att,A1231,A1491
att,A1231,A1811
att,A1231,A437
att,A1231,A1009
att,A1231,A1880
att,A1231,A1616
att,A1231,A403
att,A1231,A458
att,A1231,A72
att,A1231,A1248
att,A1231,A753
att,A1231,A1090
att,A1231,A207
att,A1231,A1065
att,A1231,A1644
att,A1231,A7
att,A1231,A1423
att,A1232,A796
att,A1232,A72
att,A1232,A1771
att,A1235,A1517
att,A1235,A1718
att,A1235,A614
att,A1235,A30
att,A1236,A1402
att,A1236,A1797
att,A1236,A1836
att,A1236,A195
att,A1236,A1820
att,A1236,A607
att,A1238,A1171
att,A1238,A326
att,A1238,A385
att,A1238,A422
att,A1238,A1183
att,A1238,A1780
att,A1238,A1847
att,A1238,A376
att,A1238,A1352
att,A1238,A899
att,A1238,A93
att,A1238,A318
att,A1238,A526
att,A1238,A955
att,A1238,A124
att,A1238,A1382
att,A1238,A615
att,A1238,A94
att,A1238,A55
att,A1240,A196
att,A1240,A457
att,A1240,A566
att,A1240,A1599
att,A1240,A888
att,A1240,A1071
att,A1240,A1408
att,A1240,A1653
att,A1240,A1567
att,A1240,A1157
att,A1240,A1182
att,A1240,A1410
att,A1240,A1890
att,A1240,A1258
att,A1240,A420
att,A1240,A1704
att,A1240,A1066
att,A1240,A471
att,A1240,A584
att,A1241,A1337
att,A1241,A502
att,A1241,A62
att,A1241,A1775
att,A1241,A1400
att,A1241,A626
att,A1241,A499
att,A1241,A834
att,A1241,A549
att,A1241,A296
att,A1241,A750
att,A1241,A50
att,A1241,A1469
att,A1241,A1564
att,A1241,A22
att,A1241,A1854
att,A1241,A1129
att,A1241,A183
att,A1241,A439
att,A1241,A637
att,A1241,A1883
att,A1241,A528
att,A1241,A1414
att,A1244,A424
att,A1244,A877
att,A1244,A1038
att,A1244,A787
att,A1244,A102
att,A1244,A1632
att,A1244,A582
att,A1244,A1386
att,A1247,A479
att,A1247,A1382
att,A1247,A1145
att,A1247,A152
att,A1247,A488
att,A1247,A676
att,A1251,A985
att,A1251,A594
att,A1251,A1456
att,A1251,A1880
att,A1251,A1165
att,A1251,A403
att,A1251,A279
att,A1251,A639
att,A1251,A802
att,A1251,A1293
att,A1251,A1204
att,A1251,A1101
att,A1251,A610
att,A1251,A1428
att,A1251,A994
att,A1251,A878
att,A1251,A1714
att,A1252,A401
att,A1252,A392
att,A1252,A844
att,A1252,A1605
att,A1255,A1537
att,A1256,A1348
att,A1257,A571
att,A1257,A1305
att,A1257,A890
att,A1257,A787
att,A1257,A1899
att,A1257,A1637
att,A1257,A868
att,A1257,A1226
att,A1257,A385
att,A1257,A319
att,A1257,A1612
att,A1257,A1735
att,A1257,A309
att,A1257,A1489
att,A1260,A1751
att,A1260,A1487
att,A1260,A658
att,A1260,A980
att,A1260,A1058
att,A1260,A1862
att,A1260,A479
att,A1260,A138
att,A1260,A1455
att,A1260,A1573
att,A1260,A541
att,A1260,A1315
att,A1260,A424
att,A1263,A1120
att,A1263,A579
att,A1263,A1346
att,A1263,A1837
att,A1263,A1676
att,A1263,A1048
att,A1266,A1654
att,A1266,A1468
att,A1266,A461
att,A1266,A48
att,A1266,A263
att,A1266,A380
att,A1266,A1732
att,A1266,A126
att,A1266,A1335
att,A1267,A791
att,A1267,A129
att,A1267,A947
att,A1267,A1643
att,A1267,A1181
att,A1267,A1568
att,A1267,A1662
att,A1267,A1800
att,A1267,A967
att,A1267,A1559
att,A1267,A290
att,A1267,A91
att,A1267,A684
att,A1267,A1050
att,A1267,A923
att,A1267,A1830
att,A1267,A1339
att,A1271,A367
att,A1271,A1147
att,A1271,A1145
att,A1271,A1424
att,A1271,A89
att,A1271,A1638
att,A1271,A665
att,A1271,A136
att,A1271,A1850
att,A1271,A885
att,A1271,A1713
att,A1271,A1477
att,A1271,A956
att,A1271,A1714
att,A1271,A395
att,A1271,A1437
att,A1271,A854
att,A1271,A293
att,A1271,A1299
att,A1271,A194
att,A1271,A286
att,A1272,A1776
att,A1272,A731
att,A1272,A1763
att,A1272,A55
att,A1272,A1006
att,A1273,A1766
att,A1273,A1663
att,A1273,A835
att,A1274,A756
att,A1274,A540
att,A1274,A16
att,A1274,A641
att,A1274,A488
att,A1274,A349
att,A1274,A1270
att,A1274,A1248
att,A1274,A250
att,A1274,A883
att,A1274,A802
att,A1274,A297
att,A1274,A348
att,A1274,A903
att,A1274,A1231
att,A1274,A506
att,A1274,A1193
att,A1274,A162
att,A1275,A1696
att,A1275,A291
att,A1275,A384
att,A1275,A1248
att,A1275,A77
att,A1275,A164
att,A1276,A742
att,A1276,A1818
att,A1276,A1502
att,A1276,A1083
att,A1276,A1212
att,A1276,A370
att,A1276,A1442
att,A1276,A1628
att,A1277,A1365
att,A1277,A1528
att,A1277,A1301
att,A1277,A760
att,A1277,A523
att,A1277,A1638
att,A1277,A1569
att,A1277,A1464
att,A1277,A657
att,A1277,A1183
att,A1277,A520
att,A1277,A1729
att,A1277,A135
att,A1277,A1407
att,A1277,A405
att,A1280,A1063
att,A1280,A1676
att,A1280,A80
att,A1280,A265
att,A1280,A1220
att,A1282,A1768
att,A1282,A1790
att,A1282,A1519
att,A1282,A67
att,A1282,A79
att,A1282,A953
att,A1282,A544
att,A1282,A356
att,A1282,A1719
att,A1282,A170
att,A1282,A80
att,A1282,A444
att,A1282,A1469
att,A1282,A1016
att,A1282,A879
att,A1282,A752
att,A1284,A1277
att,A1284,A920
att,A1284,A1526
att,A1284,A45
att,A1284,A1034
att,A1284,A1116
att,A1284,A1249
att,A1284,A848
att,A1284,A1654
att,A1284,A383
att,A1284,A1138
att,A1284,A365
att,A1284,A1288
att,A1284,A461
att,A1284,A1692
att,A1284,A1596
att,A1284,A601
att,A1284,A1690
att,A1284,A1367
att,A1284,A598
att,A1284,A413
att,A1284,A1103
att,A1286,A1195
att,A1286,A599
att,A1286,A1330
att,A1286,A443
att,A1286,A275
att,A1286,A1844
att,A1286,A1696
att,A1286,A1746
att,A1286,A956
att,A1286,A1275
att,A1286,A1753
att,A1286,A403
att,A1286,A1193
att,A1286,A753
att,A1286,A1058
att,A1286,A1243
att,A1286,A1769
att,A1286,A1422
att,A1292,A606
att,A1292,A582
att,A1292,A830
att,A1292,A1754
att,A1292,A1615
att,A1292,A1038
att,A1292,A232
att,A1292,A298
att,A1292,A1005
att,A1292,A495
att,A1292,A1233
att,A1292,A1786
att,A1292,A1588
att,A1292,A1735
att,A1292,A855
att,A1294,A1186
att,A1294,A728
att,A1294,A740
att,A1294,A937
att,A1294,A1609
att,A1294,A757
att,A1294,A1882
att,A1294,A1432
att,A1294,A416
att,A1295,A1453
att,A1295,A139
att,A1295,A906
att,A1295,A1561
att,A1295,A877
att,A1295,A1088
att,A1295,A442
att,A1295,A1644
att,A1295,A1337
att,A1295,A1401
att,A1295,A1744
att,A1295,A1658
att,A1295,A519
att,A1295,A975
att,A1295,A294
att,A1295,A1115
att,A1295,A1242
att,A1295,A1363
att,A1295,A134
att,A1295,A851
att,A1295,A335
att,A1295,A1031
att,A1295,A1137
att,A1296,A681
att,A1296,A1073
att,A1296,A1269
att,A1296,A645
att,A1296,A78
att,A1296,A1267
att,A1296,A1335
att,A1296,A575
att,A1296,A44
att,A1296,A653
att,A1296,A1250
att,A1296,A886
att,A1296,A1145
att,A1296,A180
att,A1298,A1130
att,A1298,A384
att,A1299,A1179
att,A1299,A1233
att,A1299,A1077
att,A1299,A1570
att,A1299,A1326
att,A1299,A1820
att,A1299,A1745
att,A1299,A996
att,A1299,A110
att,A1299,A1276
att,A1299,A696
att,A1299,A625
att,A1299,A1257
att,A1299,A1610
att,A1299,A1164
att,A1299,A37
att,A1300,A1206
att,A1300,A539
att,A1300,A1560
att,A1300,A1838
att,A1300,A809
att,A1300,A1841
att,A1300,A97
att,A1300,A1746
att,A1302,A1064
att,A1304,A848
att,A1304,A961
att,A1304,A990
att,A1304,A1743
att,A1305,A220
att,A1305,A1559
att,A1305,A1362
att,A1305,A839
att,A1305,A334
att,A1305,A787
att,A1305,A1004
att,A1305,A164
att,A1305,A1344
att,A1305,A372
att,A1305,A1865
att,A1305,A277
att,A1305,A1350
att,A1305,A172
att,A1305,A1351
att,A1305,A1038
att,A1307,A1553
att,A1308,A1443
att,A1310,A1699
att,A1310,A793
att,A1310,A297
att,A1310,A365
att,A1310,A1517
att,A1310,A1840
att,A1310,A449
att,A1310,A1313
att,A1310,A1314
att,A1310,A335
att,A1310,A36
att,A1310,A588
att,A1310,A729
att,A1310,A184
att,A1310,A380
att,A1310,A853
att,A1310,A694
att,A1310,A1422
att,A1310,A1755
att,A1310,A131
att,A1310,A1152
att,A1310,A975
att,A1310,A1162
att,A1310,A929
att,A1310,A1150
att,A1310,A1213
att,A1312,A685
att,A1312,A901
att,A1312,A1218
att,A1312,A714
att,A1312,A1576
att,A1312,A381
att,A1312,A1501
att,A1312,A891
att,A1312,A1442
att,A1312,A751
att,A1312,A1677
att,A1312,A117
att,A1312,A771
att,A1312,A903
att,A1312,A108
att,A1312,A260
att,A1312,A1284
att,A1312,A99
att,A1313,A242
att,A1313,A1495
att,A1313,A309
att,A1313,A8
att,A1313,A166
att,A1313,A1231
att,A1313,A1515
att,A1313,A1586
att,A1313,A1804
att,A1313,A870
att,A1313,A1501
att,A1313,A868
att,A1313,A424
att,A1313,A1376
att,A1313,A1413
att,A1313,A542
att,A1313,A353
att,A1313,A1228
att,A1313,A473
att,A1313,A291
att,A1315,A1385
att,A1321,A633
att,A1321,A1277
att,A1321,A1841
att,A1321,A415
att,A1321,A1642
att,A1321,A729
att,A1321,A1140
att,A1321,A129
att,A1321,A1478
att,A1321,A1384
att,A1321,A1164
att,A1321,A74
att,A1321,A1533
att,A1321,A265
att,A1321,A684
att,A1321,A1823
att,A1321,A1363
att,A1321,A520
att,A1322,A982
att,A1322,A248
att,A1322,A424
att,A1322,A476
att,A1322,A1631
att,A1322,A697
att,A1322,A1752
att,A1322,A400
att,A1322,A1322
att,A1322,A1110
att,A1322,A1868
att,A1322,A820
att,A1322,A1191
att,A1322,A958
att,A1323,A1625
att,A1323,A1234
att,A1323,A530
att,A1324,A867
att,A1324,A124
att,A1324,A1452
att,A1324,A1599
att,A1324,A1385
att,A1324,A96
att,A1324,A1386
att,A1324,A1288
att,A1325,A1655
att,A1325,A1895
att,A1325,A485
att,A1325,A1743
att,A1325,A1263
att,A1325,A1100
att,A1325,A490
att,A1325,A1439
att,A1325,A1164
att,A1325,A1679
att,A1325,A1435
att,A1325,A1528
att,A1325,A1274
att,A1325,A1348
att,A1325,A1677
att,A1325,A1493
att,A1325,A381
att,A1325,A1767
att,A1327,A50
att,A1327,A1058
att,A1327,A1479
att,A1327,A1112
att,A1327,A1453
att,A1328,A585
att,A1328,A407
att,A1328,A1292
att,A1328,A1617
att,A1328,A1326
att,A1328,A284
att,A1328,A1646
att,A1328,A485
att,A1328,A355
att,A1328,A660
att,A1328,A1561
att,A1328,A380
att,A1328,A1201
att,A1328,A631
att,A1328,A1813
att,A1328,A812
att,A1328,A384
att,A1328,A803
att,A1328,A361
att,A1328,A637
att,A1329,A1545
att,A1329,A970
att,A1329,A141
att,A1329,A1427
att,A1329,A1407
att,A1329,A756
att,A1329,A1232
att,A1330,A601
att,A1330,A709
att,A1330,A716
att,A1333,A240
att,A1333,A1757
att,A1333,A1323
att,A1333,A40
att,A1333,A1098
att,A1333,A496
att,A1333,A516
att,A1333,A1320
att,A1333,A1306
att,A1333,A249
att,A1333,A168
att,A1335,A1826
att,A1335,A546
att,A1335,A477
att,A1335,A1794
att,A1335,A1091
att,A1335,A540
att,A1335,A758
att,A1335,A1360
att,A1335,A600
att,A1335,A1124
att,A1336,A575
att,A1336,A522
att,A1336,A1082
att,A1336,A363
att,A1336,A1775
att,A1336,A1030
att,A1336,A1116
att,A1336,A1847
att,A1336,A982
att,A1336,A1618
att,A1336,A365
att,A1338,A1031
att,A1338,A1191
att,A1338,A1416
att,A1338,A266
att,A1338,A1133
att,A1338,A36
att,A1338,A970
att,A1338,A1864
att,A1338,A850
att,A1338,A230
att,A1338,A1412
att,A1338,A1889
att,A1338,A784
att,A1338,A1849
att,A1338,A740
att,A1338,A476
att,A1338,A1599
att,A1338,A1052
att,A1338,A1268
att,A1338,A1745
att,A1338,A1592
att,A1340,A1830
att,A1340,A1165
att,A1340,A106
att,A1340,A1500
att,A1340,A390
att,A1340,A1337
att,A1340,A773
att,A1342,A1617
att,A1342,A1804
att,A1342,A1884
att,A1342,A327
att,A1342,A1118
att,A1342,A1830
att,A1342,A1846
att,A1342,A642
att,A1343,A1220
att,A1343,A488
att,A1343,A282
att,A1343,A1628
att,A1343,A1881
att,A1343,A638
att,A1343,A360
att,A1345,A943
att,A1345,A125
att,A1345,A190
att,A1345,A53
att,A1345,A1120
att,A1345,A1766
att,A1346,A773
att,A1346,A1496
att,A1346,A266
att,A1346,A1797
att,A1347,A1625
att,A1347,A1098
att,A1347,A1433
att,A1347,A1588
att,A1347,A709
att,A1347,A363
att,A1347,A157
att,A1347,A1830
att,A1347,A1579
att,A1347,A1644
att,A1347,A1093
att,A1347,A880
att,A1347,A1899
att,A1347,A1137
att,A1347,A299
att,A1347,A932
att,A1347,A1528
att,A1347,A925
att,A1347,A1113
att,A1347,A1094
att,A1356,A703
att,A1356,A1749
att,A1356,A957
att,A1356,A940
att,A1357,A1303
att,A1357,A1276
att,A1357,A48
att,A1357,A972
att,A1357,A1716
att,A1357,A392
att,A1357,A1369
att,A1363,A328
att,A1363,A607
att,A1363,A592
att,A1363,A122
att,A1367,A1820
att,A1367,A56
att,A1367,A415
att,A1367,A158
att,A1367,A694
att,A1367,A962
att,A1367,A404
att,A1367,A1041
att,A1367,A542
att,A1367,A1269
att,A1368,A415
att,A1368,A1463
att,A1368,A73
att,A1368,A186
att,A1368,A1784
att,A1368,A1736
att,A1368,A1779
att,A1368,A560
att,A1368,A137
att,A1368,A1775
att,A1368,A1386
att,A1368,A570
att,A1368,A96
att,A1368,A453
att,A1368,A850
att,A1368,A837
att,A1368,A910
att,A1368,A1666
att,A1371,A1777
att,A1371,A1043
att,A1371,A48
att,A1371,A349
att,A1371,A413
att,A1371,A1699
att,A1376,A872
att,A1376,A502
att,A1377,A1255
att,A1377,A967
att,A1377,A348
att,A1377,A284
att,A1377,A714
att,A1377,A680
att,A1377,A990
att,A1379,A1437
att,A1379,A36
att,A1379,A677
att,A1379,A1181
att,A1379,A1786
att,A1379,A756
att,A1379,A1813
att,A1379,A769
att,A1379,A490
att,A1379,A71
att,A1383,A479
att,A1383,A1558
att,A1384,A1331
att,A1384,A1545
att,A1384,A689
att,A1384,A1421
att,A1384,A1317
att,A1384,A201
att,A1384,A1302
att,A1384,A732
att,A1384,A1614
att,A1384,A103
att,A1384,A246
att,A1384,A1061
att,A1384,A1783
att,A1384,A1111
att,A1384,A551
att,A1384,A151
att,A1384,A211
att,A1384,A136
att,A1384,A1215
att,A1384,A1717
att,A1384,A236
att,A1384,A1219
att,A1384,A852
att,A1384,A1883
att,A1387,A1319
att,A1387,A970
att,A1390,A655
att,A1390,A223
att,A1390,A216
att,A1390,A450
att,A1390,A1242
att,A1390,A93
att,A1390,A909
att,A1390,A1288
att,A1390,A1796
att,A1390,A1717
att,A1390,A1247
att,A1390,A1036
att,A1391,A1649
att,A1391,A773
att,A1391,A259
att,A1391,A1675
att,A1391,A1460
att,A1391,A405
att,A1391,A1778
att,A1393,A308
att,A1394,A88
att,A1394,A741
att,A1394,A882
att,A1394,A417
att,A1394,A216
att,A1394,A46
att,A1394,A498
att,A1394,A1306
att,A1394,A1796
att,A1394,A38
att,A1394,A185
att,A1394,A1886
att,A1394,A1130
att,A1394,A808
att,A1394,A183
att,A1394,A1670
att,A1394,A686
att,A1394,A527
att,A1394,A791
att,A1394,A1296
att,A1394,A1749
att,A1394,A1808
att,A1395,A1524
att,A1395,A40
att,A1395,A876
att,A1395,A289
att,A1397,A893
att,A1397,A732
att,A1397,A132
att,A1397,A285
att,A1397,A509
att,A1397,A1476
att,A1397,A1715
att,A1397,A906
att,A1397,A108
att,A1397,A456
att,A1397,A195
att,A1397,A1360
att,A1397,A856
att,A1397,A1179
att,A1397,A1611
att,A1397,A1087
att,A1397,A1077
att,A1397,A744
att,A1397,A1219
att,A1397,A360
att,A1403,A230
att,A1403,A950
att,A1403,A1799
att,A1403,A1234
att,A1404,A175
att,A1404,A322
att,A1404,A5
att,A1404,A326
att,A1404,A1234
att,A1404,A793
att,A1404,A842
att,A1406,A1022
att,A1407,A1033
att,A1407,A1766
att,A1407,A1730
att,A1407,A981
att,A1407,A384
att,A1407,A1338
att,A1407,A828
att,A1407,A1393
att,A1409,A1154
att,A1409,A1846
att,A1409,A543
att,A1409,A270
att,A1409,A34
att,A1409,A1759
att,A1409,A592
att,A1409,A1722
att,A1409,A3
att,A1409,A928
att,A1409,A748
att,A1409,A1287
att,A1409,A1106
att,A1410,A680
att,A1410,A916
att,A1410,A606
att,A1410,A773
att,A1410,A229
att,A1410,A384
att,A1410,A1539
att,A1410,A1342
att,A1410,A516
att,A1410,A1203
att,A1410,A832
att,A1410,A692
att,A1410,A566
att,A1410,A1111
att,A1410,A647
att,A1410,A127
att,A1410,A293
att,A1410,A1354
att,A1410,A1659
att,A1410,A1185
att,A1412,A1707
att,A1412,A1738
att,A1412,A955
att,A1413,A275
att,A1413,A863
att,A1413,A335
att,A1413,A224
att,A1413,A1828
att,A1413,A847
att,A1413,A1791
att,A1413,A1148
att,A1413,A565
att,A1413,A1282
att,A1413,A1249
att,A1413,A617
att,A1413,A991
att,A1413,A1583
att,A1413,A1237
att,A1413,A413
att,A1413,A1714
att,A1413,A646
att,A1414,A188
att,A1414,A1697
att,A1414,A589
att,A1414,A841
att,A1421,A254
att,A1421,A1351
att,A1421,A428
att,A1421,A1369
att,A1421,A1611
att,A1421,A1075
att,A1421,A1166
att,A1421,A846
att,A1421,A1424
att,A1421,A1859
att,A1424,A1660
att,A1424,A1737
att,A1424,A1263
att,A1424,A298
att,A1426,A1879
att,A1426,A235
att,A1426,A1136
att,A1426,A606
att,A1426,A619
att,A1426,A1679
att,A1426,A1167
att,A1426,A1395
att,A1426,A1366
att,A1426,A298
att,A1426,A618
att,A1426,A1002
att,A1426,A1065
att,A1426,A591
att,A1426,A792
att,A1427,A1310
att,A1427,A618
att,A1427,A1842
att,A1427,A410
att,A1427,A16
att,A1427,A734
att,A1427,A541
att,A1427,A88
att,A1427,A543
att,A1427,A1103
att,A1427,A292
att,A1427,A1813
att,A1427,A1329
att,A1427,A293
att,A1427,A431
att,A1427,A1611
att,A1427,A19
att,A1432,A945
att,A1432,A535
att,A1432,A309
att,A1432,A1635
att,A1432,A1034
att,A1432,A632
att,A1432,A127
att,A1432,A68
att,A1432,A286
att,A1432,A412
att,A1433,A422
att,A1433,A552
att,A1433,A1439
att,A1433,A1597
att,A1433,A1702
att,A1433,A1617
att,A1433,A908
att,A1433,A1272
att,A1434,A1714
att,A1434,A39
att,A1438,A1417
att,A1438,A503
att,A1440,A1541
att,A1440,A911
att,A1440,A1725
att,A1440,A1721
att,A1440,A1217
att,A1440,A151
att,A1440,A598
att,A1440,A755
att,A1440,A1359
att,A1440,A1532
att,A1442,A1422
att,A1442,A1358
att,A1442,A1647
att,A1442,A1728
att,A1442,A1366
att,A1442,A328
att,A1442,A1764
att,A1442,A376
att,A1442,A1607
att,A1442,A670
att,A1442,A1614
att,A1442,A215
att,A1442,A1114
att,A1442,A587
att,A1442,A345
att,A1442,A1759
att,A1442,A280
att,A1442,A397
att,A1442,A1227
att,A1442,A1171
att,A1442,A97
att,A1442,A624
att,A1442,A984
att,A1442,A250
att,A1443,A261
att,A1443,A1486
att,A1443,A1603
att,A1443,A373
att,A1443,A96
att,A1443,A1803
att,A1443,A1421
att,A1443,A268
att,A1448,A82
att,A1448,A619
att,A1448,A882
att,A1448,A462
att,A1448,A347
att,A1448,A1632
att,A1448,A568
att,A1448,A1208
att,A1452,A969
att,A1452,A683
att,A1452,A1423
att,A1452,A1432
att,A1452,A1306
att,A1452,A1308
att,A1452,A408
att,A1452,A555
att,A1452,A378
att,A1452,A9
att,A1452,A395
att,A1452,A800
att,A1452,A1747
att,A1452,A849
att,A1453,A293
att,A1453,A1470
att,A1453,A312
att,A1453,A715
att,A1453,A1664
att,A1453,A764
att,A1453,A1129
att,A1453,A294
att,A1453,A1283
att,A1453,A161
att,A1453,A1171
att,A1454,A874
att,A1454,A959
att,A1454,A191
att,A1454,A962
att,A1454,A1237
att,A1456,A446
att,A1456,A204
att,A1456,A1444
att,A1456,A1227
att,A1456,A269
att,A1456,A1379
att,A1456,A1330
att,A1456,A106
att,A1456,A1523
att,A1456,A1013
att,A1456,A394
att,A1456,A786
att,A1456,A1579
att,A1457,A1620
att,A1457,A1742
att,A1457,A867
att,A1457,A390
att,A1457,A805
att,A1457,A744
att,A1457,A1693
att,A1457,A1411
att,A1459,A1084
att,A1459,A576
att,A1459,A595
att,A1459,A151
att,A1459,A1199
att,A1459,A1855
att,A1459,A243
att,A1459,A1373
att,A1459,A1420
att,A1459,A614
att,A1459,A1746
att,A1459,A1171
att,A1459,A1626
att,A1459,A1334
att,A1459,A1322
att,A1459,A1197
att,A1460,A596
att,A1460,A179
att,A1460,A103
att,A1460,A1385
att,A1460,A156
att,A1460,A641
att,A1460,A733
att,A1460,A302
att,A1460,A228
att,A1460,A684
att,A1460,A911
att,A1460,A992
att,A1460,A224
att,A1460,A526
att,A1460,A1843
att,A1460,A767
att,A1460,A602
att,A1460,A6
att,A1460,A87
att,A1460,A157
att,A1464,A762
att,A1464,A1169
att,A1464,A760
att,A1464,A1375
att,A1464,A566
att,A1464,A527
att,A1464,A1824
att,A1464,A1327
att,A1464,A985
att,A1464,A579
att,A1464,A955
att,A1464,A545
att,A1464,A1244
att,A1464,A678
att,A1464,A1495
att,A1464,A1480
att,A1465,A1874
att,A1465,A938
att,A1465,A577
att,A1465,A777
att,A1465,A170
att,A1465,A1829
att,A1465,A1891
att,A1465,A1878
att,A1465,A1482
att,A1465,A639
att,A1465,A210
att,A1465,A1224
att,A1465,A1786
att,A1465,A804
att,A1465,A307
att,A1465,A226
att,A1465,A1092
att,A1466,A346
att,A1466,A1270
att,A1466,A1719
att,A1466,A1544
att,A1466,A232
att,A1466,A1676
att,A1466,A1489
att,A1466,A1605
att,A1466,A511
att,A1466,A1317
att,A1470,A1389
att,A1470,A728
att,A1470,A752
att,A1470,A1546
att,A1470,A1122
att,A1470,A1564
att,A1470,A1626
att,A1470,A1520
att,A1470,A1274
att,A1470,A1615
att,A1470,A974
att,A1470,A1355
att,A1470,A515
att,A1471,A57
att,A1471,A791
att,A1471,A1004
att,A1471,A1130
att,A1471,A765
att,A1471,A957
att,A1471,A1086
att,A1471,A492
att,A1471,A1878
att,A1471,A1823
att,A1471,A368
att,A1471,A961
att,A1471,A433
att,A1471,A1605
att,A1471,A392
att,A1471,A481
att,A1471,A1684
att,A1471,A1763
att,A1471,A1471
att,A1471,A1422
att,A1471,A567
att,A1472,A113
att,A1472,A374
att,A1472,A317
att,A1472,A1852
att,A1472,A10
att,A1472,A990
att,A1472,A1896
att,A1472,A1481
att,A1472,A1619
att,A1472,A547
att,A1472,A426
att,A1472,A1339
att,A1472,A492
att,A1472,A1130
att,A1472,A1589
att,A1472,A1334
att,A1472,A1757
att,A1472,A385
att,A1472,A917
att,A1472,A915
att,A1472,A1191
att,A1472,A1124
att,A1473,A442
att,A1473,A599
att,A1473,A1248
att,A1473,A877
att,A1473,A217
att,A1473,A398
att,A1473,A908
att,A1473,A452
att,A1473,A293
att,A1473,A362
att,A1473,A888
att,A1473,A1758
att,A1473,A1653
att,A1473,A467
att,A1473,A489
att,A1473,A987
att,A1473,A350
att,A1473,A1871
att,A1473,A404
att,A1473,A750
att,A1473,A684
att,A1477,A115
att,A1477,A1754
att,A1477,A771
att,A1477,A985
att,A1477,A1691
att,A1477,A372
att,A1477,A1234
att,A1477,A1766
att,A1477,A823
att,A1477,A367
att,A1478,A804
att,A1478,A1514
att,A1478,A95
att,A1478,A1835
att,A1478,A864
att,A1480,A951
att,A1480,A1039
att,A1480,A1505
att,A1480,A775
att,A1480,A173
att,A1480,A917
att,A1480,A1877
att,A1481,A116
att,A1481,A1113
att,A1481,A784
att,A1481,A224
att,A1484,A447
att,A1484,A334
att,A1484,A1243
att,A1484,A650
att,A1484,A1426
att,A1484,A277
att,A1484,A1224
att,A1484,A1591
att,A1484,A280
att,A1484,A394
att,A1484,A896
att,A1484,A1562
att,A1484,A548
att,A1484,A1175
att,A1485,A703
att,A1485,A136
att,A1485,A1268
att,A1485,A1141
att,A1485,A799
att,A1485,A931
att,A1485,A1138
att,A1485,A505
att,A1485,A1043
att,A1485,A737
att,A1485,A1165
att,A1485,A187
att,A1485,A979
att,A1485,A156
att,A1485,A1506
att,A1488,A1860
att,A1488,A303
att,A1489,A123
att,A1489,A439
att,A1489,A1551
att,A1489,A688
att,A1489,A383
att,A1489,A1223
att,A1489,A480
att,A1489,A1162
att,A1489,A718
att,A1489,A964
att,A1489,A1552
att,A1489,A671
att,A1489,A1156
att,A1489,A375
att,A1489,A1756
att,A1489,A990
att,A1493,A530
att,A1493,A973
att,A1493,A527
att,A1493,A69
att,A1493,A18
att,A1502,A268
att,A1502,A922
att,A1502,A1542
att,A1502,A632
att,A1502,A1865
att,A1502,A575
att,A1502,A264
att,A1502,A1404
att,A1504,A328
att,A1504,A1490
att,A1504,A1728
att,A1504,A265
att,A1504,A137
att,A1504,A1144
att,A1504,A297
att,A1504,A1854
att,A1504,A345
att,A1504,A1155
att,A1504,A476
att,A1504,A1377
att,A1506,A799
att,A1506,A1469
att,A1506,A1085
att,A1506,A810
att,A1506,A1282
att,A1506,A1052
att,A1506,A1304
att,A1506,A1498
att,A1506,A1764
att,A1506,A1160
att,A1506,A1778
att,A1506,A1155
att,A1506,A170
att,A1506,A1622
att,A1506,A1788
att,A1506,A989
att,A1506,A1170
att,A1506,A1198
att,A1506,A973
att,A1506,A665
att,A1506,A547
att,A1506,A557
att,A1506,A307
att,A1506,A692
att,A1507,A229
att,A1507,A12
att,A1507,A1007
att,A1507,A85
att,A1507,A1231
att,A1507,A627
att,A1507,A1238
att,A1507,A1433
att,A1507,A998
att,A1507,A1087
att,A1507,A851
att,A1507,A47
att,A1507,A945
att,A1507,A997
att,A1507,A892
att,A1507,A686
att,A1508,A1696
att,A1508,A672
att,A1508,A1239
att,A1508,A1112
att,A1508,A1060
att,A1508,A1044
att,A1508,A1383
att,A1508,A712
att,A1508,A1313
att,A1508,A1675
att,A1509,A478
att,A1509,A920
att,A1509,A1762
att,A1510,A1894
att,A1510,A61
att,A1510,A1875
att,A1510,A1599
att,A1510,A655
att,A1510,A873
att,A1510,A67
att,A1510,A930
att,A1510,A1063
att,A1510,A750
att,A1511,A268
att,A1511,A601
att,A1513,A508
att,A1513,A1351
att,A1513,A1053
att,A1513,A1637
att,A1513,A543
att,A1513,A448
att,A1513,A921
att,A1513,A1718
att,A1513,A1265
att,A1513,A991
att,A1513,A863
att,A1513,A19
att,A1513,A1065
att,A1513,A597
att,A1513,A304
att,A1513,A176
att,A1513,A1352
att,A1513,A263
att,A1513,A175
att,A1520,A519
att,A1520,A127
att,A1520,A68
att,A1520,A1824
att,A1520,A1750
att,A1520,A1727
att,A1520,A1745
att,A1523,A865
att,A1523,A709
att,A1523,A374
att,A1523,A333
att,A1523,A741
att,A1523,A1519
att,A1523,A8
att,A1523,A643
att,A1523,A1580
att,A1523,A929
att,A1523,A994
att,A1523,A6
att,A1523,A1199
att,A1523,A234
att,A1523,A978
att,A1523,A174
att,A1523,A1500
att,A1523,A923
att,A1524,A486
att,A1525,A783
att,A1525,A151
att,A1525,A923
att,A1525,A1391
att,A1525,A0
att,A1525,A1729
att,A1525,A1211
att,A1525,A990
att,A1525,A1493
att,A1525,A455
att,A1525,A351
att,A1531,A1869
att,A1531,A410
att,A1531,A1587
att,A1531,A270
att,A1531,A1738
att,A1531,A1269
att,A1531,A657
att,A1531,A1703
att,A1531,A522
att,A1531,A501
att,A1531,A1036
att,A1531,A852
att,A1531,A542
att,A1531,A946
att,A1531,A368
att,A1531,A746
att,A1531,A971
att,A1531,A1643
att,A1531,A526
att,A1531,A1180
att,A1532,A1668
att,A1532,A532
att,A1532,A1092
att,A1532,A1081
att,A1532,A344
att,A1532,A1613
att,A1532,A840
att,A1532,A917
att,A1532,A1068
att,A1532,A1562
att,A1532,A1627
att,A1532,A123
att,A1532,A1771
att,A1532,A1504
att,A1532,A1318
att,A1532,A618
att,A1532,A239
att,A1532,A211
att,A1532,A1482
att,A1532,A1798
att,A1532,A480
att,A1532,A1343
att,A1532,A762
att,A1532,A24
att,A1535,A736
att,A1535,A1006
att,A1536,A434
att,A1536,A232
att,A1536,A1666
att,A1536,A1075
att,A1536,A1626
att,A1536,A339
att,A1536,A967
att,A1536,A1025
att,A1536,A941
att,A1536,A1162
att,A1536,A1118
att,A1536,A201
att,A1536,A241
att,A1536,A1067
att,A1536,A985
att,A1536,A625
att,A1536,A40
att,A1536,A1359
att,A1536,A406
att,A1536,A1801
att,A1536,A188
att,A1536,A1241
att,A1536,A426
att,A1536,A1260
att,A1536,A1597
att,A1536,A788
att,A1537,A1161
att,A1537,A193
att,A1537,A903
att,A1537,A1068
att,A1537,A1191
att,A1540,A930
att,A1540,A445
att,A1541,A1390
att,A1541,A82
att,A1541,A1165
att,A1541,A722
att,A1542,A1501
att,A1542,A1852
att,A1542,A733
att,A1542,A1797
att,A1542,A202
att,A1542,A1290
att,A1542,A1237
att,A1542,A715
att,A1542,A353
att,A1542,A1605
att,A1542,A464
att,A1542,A1391
att,A1542,A1075
att,A1542,A1782
att,A1542,A264
att,A1542,A232
att,A1542,A1212
att,A1543,A1066
att,A1543,A664
att,A1543,A1480
att,A1543,A593
att,A1543,A1560
att,A1543,A880
att,A1543,A830
att,A1543,A1859
att,A1543,A1098
att,A1543,A1124
att,A1543,A1377
att,A1543,A373
att,A1543,A1040
att,A1543,A1155
att,A1543,A294
att,A1543,A1169
att,A1543,A1177
att,A1543,A1524
att,A1543,A1200
att,A1543,A996
att,A1543,A487
att,A1547,A1506
att,A1550,A698
att,A1550,A801
att,A1550,A614
att,A1550,A573
att,A1550,A699
att,A1550,A1587
att,A1550,A576
att,A1550,A1759
att,A1550,A1790
att,A1550,A1263
att,A1550,A517
att,A1550,A941
att,A1550,A1405
att,A1550,A1860
att,A1550,A1561
att,A1551,A1455
att,A1551,A1713
att,A1555,A24
att,A1555,A28
att,A1555,A1751
att,A1555,A661
att,A1555,A1626
att,A1555,A986
att,A1555,A112
att,A1555,A1708
att,A1555,A1278
att,A1555,A1591
att,A1555,A1236
att,A1556,A87
att,A1556,A1875
att,A1556,A965
att,A1556,A1702
att,A1556,A768
att,A1556,A1100
att,A1556,A136
att,A1556,A584
att,A1556,A1492
att,A1556,A180
att,A1556,A409
att,A1556,A1628
att,A1556,A1211
att,A1556,A767
att,A1556,A1712
att,A1556,A792
att,A1556,A1511
att,A1556,A1394
att,A1559,A292
att,A1559,A1472
att,A1559,A610
att,A1559,A87
att,A1559,A1879
att,A1559,A1140
att,A1559,A1310
att,A1559,A488
att,A1562,A581
att,A1562,A102
att,A1562,A1059
att,A1562,A1750
att,A1562,A1495
att,A1562,A1546
att,A1562,A1557
att,A1562,A1859
att,A1562,A1476
att,A1562,A344
att,A1565,A511
att,A1565,A236
att,A1565,A1337
att,A1565,A1604
att,A1565,A578
att,A1565,A555
att,A1565,A1228
att,A1565,A33
att,A1565,A1453
att,A1565,A299
att,A1565,A1674
att,A1565,A349
att,A1565,A1030
att,A1565,A1313
att,A1565,A595
att,A1565,A318
att,A1565,A1898
att,A1565,A1539
att,A1565,A862
att,A1565,A1303
att,A1565,A989
att,A1565,A1394
att,A1565,A115
att,A1565,A308
att,A1566,A783
att,A1566,A250
att,A1566,A1398
att,A1566,A998
att,A1566,A1132
att,A1566,A1786
att,A1566,A1166
att,A1566,A1412
att,A1566,A1046
att,A1566,A67
att,A1566,A1343
att,A1566,A1450
att,A1566,A1328
att,A1567,A1751
att,A1567,A1146
att,A1567,A963
att,A1567,A1539
att,A1567,A1306
att,A1567,A119
att,A1567,A541
att,A1570,A244
att,A1570,A811
att,A1570,A484
att,A1570,A1838
att,A1570,A87
att,A1570,A281
att,A1570,A143
att,A1570,A773
att,A1570,A222
att,A1570,A1125
att,A1570,A1675
att,A1570,A1201
att,A1570,A1068
att,A1574,A1567
att,A1574,A1326
att,A1574,A1735
att,A1574,A854
att,A1574,A1891
att,A1574,A441
att,A1574,A1701
att,A1574,A408
att,A1574,A989
att,A1576,A1031
att,A1579,A699
att,A1582,A1009
att,A1582,A754
att,A1582,A269
att,A1582,A1612
att,A1582,A1202
att,A1582,A1190
att,A1582,A1890
att,A1582,A1489
att,A1582,A1803
att,A1582,A681
att,A1582,A1894
att,A1582,A1780
att,A1582,A337
att,A1582,A1427
att,A1583,A1452
att,A1583,A279
att,A1583,A1885
att,A1583,A671
att,A1583,A156
att,A1583,A269
att,A1584,A1036
att,A1584,A1319
att,A1584,A777
att,A1584,A99
att,A1584,A762
att,A1584,A1526
att,A1585,A423
att,A1585,A1643
att,A1585,A220
att,A1585,A1512
att,A1585,A775
att,A1585,A1427
att,A1585,A1819
att,A1585,A858
att,A1585,A287
att,A1585,A68
att,A1586,A849
att,A1586,A1612
att,A1586,A698
att,A1586,A592
att,A1586,A1695
att,A1586,A1050
att,A1586,A341
att,A1586,A1766
att,A1586,A610
att,A1586,A218
att,A1586,A1479
att,A1586,A447
att,A1586,A964
att,A1586,A1557
att,A1586,A1228
att,A1586,A163
att,A1586,A1562
att,A1586,A922
att,A1586,A965
att,A1586,A918
att,A1588,A870
att,A1588,A828
att,A1588,A56
att,A1588,A1048
att,A1588,A1672
att,A1588,A851
att,A1588,A606
att,A1588,A924
att,A1588,A279
att,A1588,A738
att,A1588,A110
att,A1588,A394
att,A1589,A275
att,A1589,A1106
att,A1589,A592
att,A1589,A383
att,A1589,A876
att,A1589,A1549
att,A1589,A42
att,A1589,A1519
att,A1589,A1393
att,A1590,A287
att,A1590,A1800
att,A1590,A255
att,A1590,A1056
att,A1590,A1465
att,A1590,A404
att,A1590,A80
att,A1590,A955
att,A1590,A742
att,A1590,A24
att,A1590,A1196
att,A1590,A791
att,A1590,A426
att,A1590,A1125
att,A1590,A1318
att,A1590,A883
att,A1590,A306
att,A1590,A655
att,A1590,A1141
att,A1590,A1034
att,A1590,A907
att,A1590,A1727
att,A1591,A1103
att,A1591,A616
att,A1591,A575
att,A1591,A839
att,A1591,A766
att,A1591,A1460
att,A1591,A1286
att,A1594,A897
att,A1598,A1851
att,A1598,A710
att,A1598,A62
att,A1598,A739
att,A1598,A789
att,A1598,A1376
att,A1598,A1586
att,A1598,A1742
att,A1598,A620
att,A1598,A568
att,A1598,A51
att,A1598,A1507
att,A1600,A536
att,A1600,A952
att,A1604,A1522
att,A1604,A722
att,A1604,A1056
att,A1604,A1699
att,A1604,A1045
att,A1604,A1152
att,A1604,A1087
att,A1604,A1599
att,A1604,A1455
att,A1604,A675
att,A1604,A946
att,A1604,A1093
att,A1604,A1831
att,A1604,A501
att,A1605,A1826
att,A1605,A783
att,A1605,A1375
att,A1605,A141
att,A1605,A34
att,A1605,A1040
att,A1605,A1886
att,A1605,A249
att,A1605,A1116
att,A1605,A1392
att,A1605,A506
att,A1605,A1023
att,A1606,A1812
att,A1606,A630
att,A1606,A1162
att,A1606,A799
att,A1606,A1240
att,A1606,A987
att,A1606,A590
att,A1606,A1462
att,A1606,A494
att,A1606,A1320
att,A1606,A256
att,A1606,A902
att,A1606,A676
att,A1606,A841
att,A1607,A1125
att,A1608,A368
att,A1608,A419
att,A1610,A1292
att,A1612,A450
att,A1612,A1279
att,A1612,A1237
att,A1612,A390
att,A1612,A675
att,A1612,A1546
att,A1612,A529
att,A1612,A1663
att,A1612,A220
att,A1612,A1027
att,A1612,A1634
att,A1612,A1164
att,A1612,A276
att,A1612,A872
att,A1612,A190
att,A1613,A1298
att,A1613,A973
att,A1613,A995
att,A1613,A985
att,A1614,A406
att,A1614,A971
att,A1614,A851
att,A1614,A621
att,A1614,A40
att,A1614,A1573
att,A1614,A442
att,A1614,A1223
att,A1614,A1470
att,A1616,A285
att,A1616,A891
att,A1616,A1258
att,A1616,A303
att,A1616,A1159
att,A1616,A1116
att,A1616,A142
att,A1616,A711
att,A1616,A1026
att,A1616,A710
att,A1616,A465
att,A1616,A607
att,A1616,A1639
att,A1619,A781
att,A1619,A1836
att,A1619,A1451
att,A1619,A700
att,A1619,A1621
att,A1619,A180
att,A1619,A1793
att,A1623,A1393
att,A1623,A1724
att,A1623,A378
att,A1623,A1109
att,A1623,A1078
att,A1623,A1204
att,A1623,A196
att,A1623,A477
att,A1623,A1084
att,A1623,A340
att,A1623,A633
att,A1623,A111
att,A1623,A1303
att,A1623,A1526
att,A1623,A1581
att,A1623,A709
att,A1623,A584
att,A1623,A113
att,A1623,A798
att,A1625,A629
att,A1625,A569
att,A1625,A253
att,A1625,A1697
att,A1625,A230
att,A1625,A926
att,A1625,A1243
att,A1626,A768
att,A1626,A1332
att,A1626,A417
att,A1626,A597
att,A1626,A1042
att,A1626,A604
att,A1626,A612
att,A1626,A1746
att,A1626,A1454
att,A1626,A1092
att,A1626,A1438
att,A1626,A192
att,A1629,A551
att,A1629,A1794
att,A1629,A223
att,A1629,A1075
att,A1629,A1574
att,A1629,A594
att,A1629,A1189
att,A1629,A1161
att,A1629,A408
att,A1629,A977
att,A1633,A716
att,A1634,A403
att,A1634,A327
att,A1634,A1195
att,A1634,A925
att,A1634,A1700
att,A1634,A1691
att,A1634,A1539
att,A1634,A492
att,A1634,A1391
att,A1634,A421
att,A1634,A1082
att,A1634,A626
att,A1634,A1097
att,A1634,A881
att,A1634,A207
att,A1634,A474
att,A1634,A53
att,A1634,A829
att,A1634,A69
att,A1634,A647
att,A1635,A1181
att,A1635,A365
att,A1635,A1074
att,A1635,A1858
att,A1635,A1283
att,A1635,A499
att,A1635,A1852
att,A1635,A70
att,A1635,A1627
att,A1635,A327
att,A1635,A830
att,A1636,A1210
att,A1636,A859
att,A1636,A486
att,A1636,A1191
att,A1636,A566
att,A1636,A873
att,A1636,A961
att,A1636,A1526
att,A1636,A1057
att,A1636,A1539
att,A1636,A1875
att,A1636,A1629
att,A1636,A334
att,A1636,A240
att,A1638,A666
att,A1639,A1680
att,A1639,A862
att,A1639,A833
att,A1639,A278
att,A1639,A852
att,A1639,A881
att,A1639,A987
att,A1639,A867
att,A1641,A289
att,A1641,A409
att,A1641,A1620
att,A1641,A910
att,A1641,A1018
att,A1641,A1446
att,A1641,A1307
att,A1641,A54
att,A1641,A237
att,A1641,A1810
att,A1641,A348
att,A1641,A1784
att,A1641,A1633
att,A1641,A457
att,A1641,A628
att,A1641,A433
att,A1641,A1814
att,A1641,A1797
att,A1641,A1228
att,A1641,A1601
att,A1641,A60
att,A1641,A846
att,A1646,A1837
att,A1646,A1077
att,A1646,A1641
att,A1646,A640
att,A1646,A1001
att,A1646,A1450
att,A1646,A215
att,A1646,A193
att,A1646,A119
att,A1646,A1466
att,A1646,A538
att,A1646,A56
att,A1646,A876
att,A1646,A547
att,A1646,A1684
att,A1646,A16
att,A1646,A1666
att,A1646,A1695
att,A1646,A1550
att,A1646,A952
att,A1646,A1512
att,A1646,A139
att,A1646,A474
att,A1646,A1439
att,A1647,A1187
att,A1647,A1220
att,A1647,A266
att,A1647,A1511
att,A1647,A1077
att,A1647,A1669
att,A1647,A1244
att,A1647,A328
att,A1647,A1755
att,A1647,A126
att,A1647,A547
att,A1647,A1730
att,A1648,A71
att,A1648,A813
att,A1648,A1123
att,A1648,A1320
att,A1648,A689
att,A1648,A498
att,A1649,A185
att,A1649,A429
att,A1649,A1115
att,A1649,A569
att,A1649,A1619
att,A1649,A1117
att,A1649,A532
att,A1649,A1045
att,A1649,A1794
att,A1649,A72
att,A1649,A454
att,A1649,A1763
att,A1649,A877
att,A1649,A1632
att,A1650,A700
att,A1651,A1187
att,A1651,A900
att,A1651,A166
att,A1651,A660
att,A1651,A1112
att,A1651,A782
att,A1653,A244
att,A1655,A676
att,A1655,A226
att,A1655,A1127
att,A1655,A416
att,A1655,A1466
att,A1655,A220
att,A1655,A2
att,A1655,A1627
att,A1655,A847
att,A1655,A176
att,A1655,A764
att,A1655,A1147
att,A1655,A1743
att,A1655,A671
att,A1655,A642
att,A1655,A1206
att,A1655,A1821
att,A1655,A1231
att,A1655,A942
att,A1655,A547
att,A1655,A1180
att,A1655,A1306
att,A1655,A578
att,A1655,A1249
att,A1655,A114
att,A1655,A55
att,A1655,A1038
att,A1657,A1032
att,A1657,A1030
att,A1657,A483
att,A1657,A1695
att,A1657,A477
att,A1657,A1082
att,A1657,A572
att,A1657,A1534
att,A1657,A403
att,A1657,A215
att,A1657,A867
att,A1657,A963
att,A1657,A286
att,A1657,A267
att,A1657,A650
att,A1657,A237
att,A1657,A1176
att,A1657,A79
att,A1657,A429
att,A1657,A1369
att,A1657,A316
att,A1661,A1807
att,A1661,A408
att,A1661,A964
att,A1662,A1288
att,A1662,A1651
att,A1667,A172
att,A1667,A1034
att,A1667,A851
att,A1667,A518
att,A1667,A1735
att,A1667,A413
att,A1667,A1021
att,A1668,A5
att,A1668,A1843
att,A1668,A320
att,A1668,A1186
att,A1668,A1752
att,A1668,A1134
att,A1668,A1624
att,A1668,A1206
att,A1668,A1388
att,A1668,A581
att,A1668,A1495
att,A1668,A409
att,A1668,A229
att,A1668,A577
att,A1668,A21
att,A1669,A1892
att,A1669,A1876
att,A1669,A1163
att,A1669,A815
att,A1669,A1390
att,A1669,A1087
att,A1670,A1819
att,A1670,A66
att,A1670,A1752
att,A1670,A1101
att,A1670,A146
att,A1670,A784
att,A1670,A1640
att,A1670,A369
att,A1670,A104
att,A1670,A1
att,A1670,A374
att,A1670,A1000
att,A1670,A1022
att,A1670,A1081
att,A1670,A351
att,A1670,A1246
att,A1670,A1557
att,A1670,A1504
att,A1670,A1698
att,A1670,A781
att,A1670,A1078
att,A1670,A1032
att,A1670,A1131
att,A1670,A1608
att,A1670,A1056
att,A1670,A987
att,A1672,A547
att,A1672,A1805
att,A1672,A79
att,A1672,A912
att,A1672,A1204
att,A1672,A1605
att,A1672,A727
att,A1672,A946
att,A1672,A885
att,A1672,A1292
att,A1672,A563
att,A1672,A1644
att,A1672,A366
att,A1672,A582
att,A1672,A1478
att,A1672,A352
att,A1672,A103
att,A1672,A833
att,A1672,A574
att,A1673,A1691
att,A1673,A975
att,A1673,A459
att,A1673,A349
att,A1673,A322
att,A1673,A1821
att,A1673,A1866
att,A1673,A939
att,A1673,A392
att,A1673,A270
att,A1673,A1225
att,A1673,A1325
att,A1673,A71
att,A1673,A1309
att,A1673,A97
att,A1673,A1532
att,A1673,A1650
att,A1673,A1081
att,A1676,A130
att,A1676,A190
att,A1676,A1502
att,A1676,A212
att,A1676,A1039
att,A1676,A31
att,A1676,A593
att,A1676,A723
att,A1676,A507
att,A1676,A1110
att,A1676,A170
att,A1677,A1421
att,A1677,A1290
att,A1677,A1446
att,A1685,A1610
att,A1685,A1558
att,A1685,A373
att,A1687,A1736
att,A1687,A618
att,A1687,A791
att,A1687,A1278
att,A1687,A1366
att,A1690,A898
att,A1690,A1224
att,A1690,A797
att,A1690,A755
att,A1690,A1254
att,A1690,A531
att,A1690,A1246
att,A1690,A742
att,A1690,A1110
att,A1690,A1328
att,A1690,A1438
att,A1690,A693
att,A1690,A584
att,A1692,A364
att,A1692,A1082
att,A1692,A593
att,A1692,A1517
att,A1692,A1274
att,A1692,A1233
att,A1692,A1312
att,A1692,A94
att,A1692,A1723
att,A1692,A182
att,A1692,A1415
att,A1692,A521
att,A1692,A1166
att,A1692,A934
att,A1692,A1420
att,A1692,A856
att,A1692,A349
att,A1692,A316
att,A1693,A1855
att,A1693,A871
att,A1693,A1752
att,A1693,A882
att,A1693,A794
att,A1693,A243
att,A1693,A1557
att,A1693,A307
att,A1693,A486
att,A1693,A1335
att,A1693,A95
att,A1693,A1401
att,A1693,A895
att,A1693,A397
att,A1693,A265
att,A1693,A179
att,A1693,A1602
att,A1693,A1287
att,A1693,A1424
att,A1693,A1218
att,A1693,A417
att,A1696,A1364
att,A1696,A646
att,A1696,A1827
att,A1696,A493
att,A1696,A1276
att,A1696,A235
att,A1696,A461
att,A1696,A1219
att,A1696,A1525
att,A1696,A310
att,A1696,A1309
att,A1696,A246
att,A1696,A919
att,A1696,A962
att,A1696,A1175
att,A1696,A965
att,A1696,A51
att,A1696,A687
att,A1696,A1260
att,A1699,A252
att,A1699,A448
att,A1699,A6
att,A1699,A202
att,A1699,A949
att,A1699,A1621
att,A1699,A1772
att,A1699,A298
att,A1699,A666
att,A1699,A1210
att,A1699,A60
att,A1699,A863
att,A1699,A906
att,A1699,A305
att,A1699,A922
att,A1699,A424
att,A1699,A1443
att,A1699,A619
att,A1699,A261
att,A1700,A1675
att,A1700,A92
att,A1700,A1804
att,A1701,A957
att,A1701,A926
att,A1701,A987
att,A1701,A22
att,A1701,A1607
att,A1702,A1464
att,A1702,A1232
att,A1702,A420
att,A1702,A906
att,A1702,A1495
att,A1702,A1287
att,A1702,A245
att,A1702,A198
att,A1702,A1652
att,A1702,A764
att,A1702,A127
att,A1702,A630
att,A1702,A375
att,A1702,A950
att,A1703,A1515
att,A1703,A1677
att,A1703,A678
att,A1703,A1338
att,A1703,A309
att,A1704,A1026
att,A1704,A1152
att,A1704,A1283
att,A1704,A19
att,A1704,A1579
att,A1704,A1877
att,A1706,A1713
att,A1706,A699
att,A1706,A1734
att,A1706,A1652
att,A1706,A1354
att,A1706,A1258
att,A1706,A455
att,A1706,A1277
att,A1706,A1018
att,A1706,A1555
att,A1706,A1472
att,A1706,A1826
att,A1706,A1597
att,A1706,A1064
att,A1706,A1786
att,A1706,A476
att,A1706,A1431
att,A1706,A598
att,A1707,A1780
att,A1707,A1662
att,A1708,A585
att,A1709,A1039
att,A1709,A1186
att,A1709,A3
att,A1709,A141
att,A1709,A884
att,A1709,A940
att,A1709,A1348
att,A1709,A1818
att,A1709,A1040
att,A1709,A1544
att,A1709,A1398
att,A1709,A297
att,A1709,A1794
att,A1709,A1811
att,A1709,A1848
att,A1709,A20
att,A1709,A34
att,A1712,A355
att,A1712,A558
att,A1712,A369
att,A1713,A611
att,A1713,A854
att,A1713,A440
att,A1713,A1439
att,A1713,A124
att,A1713,A1050
att,A1713,A246
att,A1713,A859
att,A1713,A960
att,A1713,A563
att,A1713,A528
att,A1713,A691
att,A1713,A1461
att,A1713,A1236
att,A1713,A676
att,A1713,A444
att,A1713,A105
att,A1713,A638
att,A1714,A300
att,A1714,A497
att,A1714,A1454
att,A1714,A1060
att,A1714,A584
att,A1714,A858
att,A1714,A175
att,A1714,A1012
att,A1714,A920
att,A1714,A1054
att,A1714,A165
att,A1714,A712
att,A1714,A299
att,A1715,A1050
att,A1715,A1646
att,A1715,A470
att,A1715,A533
att,A1715,A1746
att,A1715,A709
att,A1715,A831
att,A1715,A1016
att,A1715,A647
att,A1716,A1274
att,A1716,A140
att,A1716,A825
att,A1716,A1490
att,A1716,A769
att,A1716,A1094
att,A1718,A268
att,A1718,A610
att,A1718,A1759
att,A1718,A552
att,A1718,A20
att,A1718,A1805
att,A1718,A1779
att,A1718,A1296
att,A1718,A744
att,A1718,A1747
att,A1718,A1463
att,A1718,A1128
att,A1718,A868
att,A1718,A1260
att,A1720,A1003
att,A1720,A358
att,A1720,A267
att,A1720,A398
att,A1720,A324
att,A1720,A1817
att,A1720,A905
att,A1720,A365
att,A1720,A1854
att,A1720,A1827
att,A1720,A879
att,A1720,A562
att,A1720,A461
att,A1720,A1346
att,A1720,A1528
att,A1720,A219
att,A1720,A1037
att,A1720,A128
att,A1720,A221
att,A1720,A217
att,A1720,A262
att,A1722,A1588
att,A1722,A711
att,A1722,A1241
att,A1722,A83
att,A1722,A1605
att,A1722,A1207
att,A1722,A1197
att,A1722,A1435
att,A1722,A136
att,A1722,A1528
att,A1722,A1705
att,A1722,A477
att,A1722,A1255
att,A1722,A1417
att,A1722,A1551
att,A1722,A1141
att,A1722,A1651
att,A1722,A421
att,A1722,A953
att,A1722,A1380
att,A1723,A1411
att,A1723,A937
att,A1723,A1782
att,A1723,A1639
att,A1723,A464
att,A1723,A377
att,A1723,A1613
att,A1723,A1215
att,A1723,A1270
att,A1723,A1072
att,A1723,A78
att,A1723,A218
att,A1723,A927
att,A1723,A1260
att,A1728,A652
att,A1728,A863
att,A1728,A573
att,A1728,A1031
att,A1728,A1081
att,A1728,A1759
att,A1729,A1358
att,A1729,A449
att,A1729,A734
att,A1729,A1334
att,A1729,A1360
att,A1729,A189
att,A1729,A1480
att,A1729,A808
att,A1729,A1256
att,A1733,A1604
att,A1733,A140
att,A1733,A539
att,A1733,A1352
att,A1733,A1597
att,A1733,A1220
att,A1733,A223
att,A1733,A998
att,A1733,A1115
att,A1733,A442
att,A1733,A127
att,A1733,A334
att,A1733,A434
att,A1733,A774
att,A1733,A754
att,A1733,A1891
att,A1734,A869
att,A1734,A994
att,A1734,A1544
att,A1734,A406
att,A1734,A368
att,A1734,A1428
att,A1734,A143
att,A1734,A1828
att,A1737,A948
att,A1737,A476
att,A1737,A789
att,A1737,A255
att,A1741,A1863
att,A1741,A1180
att,A1741,A164
att,A1741,A1123
att,A1741,A882
att,A1741,A1764
att,A1741,A1436
att,A1741,A752
att,A1741,A890
att,A1741,A1844
att,A1741,A1236
att,A1741,A1060
att,A1741,A547
att,A1741,A53
att,A1742,A1790
att,A1742,A109
att,A1742,A1603
att,A1742,A276
att,A1742,A673
att,A1742,A296
att,A1742,A841
att,A1742,A205
att,A1742,A1812
att,A1742,A18
att,A1744,A384
att,A1744,A81
att,A1744,A1781
att,A1744,A1267
att,A1744,A1729
att,A1744,A364
att,A1744,A150
att,A1744,A378
att,A1744,A1598
att,A1744,A1164
att,A1744,A1258
att,A1744,A1840
att,A1744,A797
att,A1744,A486
att,A1744,A783
att,A1744,A588
att,A1744,A437
att,A1744,A1522
att,A1744,A1270
att,A1744,A799
att,A1744,A1188
att,A1744,A975
att,A1750,A661
att,A1750,A1523
att,A1750,A375
att,A1750,A172
att,A1750,A1037
att,A1750,A1873
att,A1750,A1475
att,A1750,A11
att,A1750,A303
att,A1750,A1801
att,A1750,A1135
att,A1750,A855
att,A1750,A1377
att,A1750,A912
att,A1750,A9
att,A1750,A625
att,A1750,A1366
att,A1750,A792
att,A1750,A1403
att,A1750,A1596
att,A1750,A837
att,A1750,A1876
att,A1750,A1420
att,A1750,A1783
att,A1750,A34
att,A1751,A912
att,A1751,A839
att,A1751,A401
att,A1751,A404
att,A1752,A1093
att,A1752,A653
att,A1752,A1692
att,A1752,A708
att,A1752,A1602
att,A1752,A64
att,A1752,A539
att,A1752,A75
att,A1752,A132
att,A1753,A788
att,A1753,A1670
att,A1753,A1607
att,A1753,A900
att,A1753,A858
att,A1753,A1560
att,A1753,A1860
att,A1753,A523
att,A1753,A1070
att,A1753,A1450
att,A1753,A1063
att,A1753,A1727
att,A1753,A878
att,A1755,A1395
att,A1755,A33
att,A1755,A1696
att,A1755,A552
att,A1755,A1869
att,A1755,A588
att,A1755,A1465
att,A1755,A1365
att,A1755,A726
att,A1755,A1375
att,A1755,A1688
att,A1755,A350
att,A1755,A829
att,A1755,A213
att,A1755,A667
att,A1755,A1764
att,A1755,A1157
att,A1755,A762
att,A1756,A710
att,A1756,A1593
att,A1756,A1518
att,A1756,A892
att,A1756,A544
att,A1756,A1790
att,A1756,A183
att,A1758,A81
att,A1758,A866
att,A1758,A1111
att,A1758,A435
att,A1758,A1858
att,A1758,A33
att,A1758,A52
att,A1758,A1176
att,A1758,A149
att,A1758,A1412
att,A1758,A470
att,A1758,A1645
att,A1758,A640
att,A1758,A1063
att,A1760,A1786
att,A1760,A1028
att,A1760,A1166
att,A1760,A1619
att,A1760,A1091
att,A1760,A54
att,A1760,A1577
att,A1763,A312
att,A1763,A364
att,A1763,A1541
att,A1763,A268
att,A1763,A259
att,A1763,A1188
att,A1763,A1833
att,A1763,A1325
att,A1763,A313
att,A1763,A410
att,A1763,A695
att,A1763,A1403
att,A1763,A38
att,A1763,A1359
att,A1763,A806
att,A1763,A1630
att,A1763,A866
att,A1763,A857
att,A1763,A589
att,A1766,A754
att,A1766,A615
att,A1766,A1116
att,A1766,A1104
att,A1766,A652
att,A1766,A661
att,A1767,A200
att,A1767,A1527
att,A1767,A970
att,A1767,A1797
att,A1767,A726
att,A1767,A1328
att,A1767,A1738
att,A1768,A1157
att,A1768,A1710
att,A1768,A74
att,A1768,A1809
att,A1768,A631
att,A1768,A1538
att,A1768,A1596
att,A1768,A1317
att,A1768,A762
att,A1768,A1220
att,A1768,A508
att,A1768,A817
att,A1770,A644
att,A1770,A520
att,A1770,A1385
att,A1770,A1149
att,A1770,A387
att,A1770,A1521
att,A1770,A23
att,A1770,A1649
att,A1770,A42
att,A1770,A152
att,A1770,A1183
att,A1770,A701
att,A1770,A609
att,A1770,A850
att,A1770,A810
att,A1770,A180
att,A1770,A838
att,A1770,A1418
att,A1770,A1656
att,A1770,A18
att,A1770,A1100
att,A1771,A1077
att,A1771,A1427
att,A1771,A294
att,A1771,A575
att,A1771,A1448
att,A1771,A391
att,A1771,A733
att,A1771,A208
att,A1771,A1464
att,A1771,A1365
att,A1774,A1481
att,A1774,A3
att,A1774,A848
att,A1774,A1440
att,A1774,A670
att,A1774,A181
att,A1774,A1574
att,A1774,A1689
att,A1774,A628
att,A1774,A1381
att,A1774,A485
att,A1774,A963
att,A1775,A1047
att,A1775,A1700
att,A1775,A13
att,A1776,A225
att,A1776,A726
att,A1776,A1768
att,A1776,A991
att,A1776,A721
att,A1776,A1870
att,A1776,A1499
att,A1776,A354
att,A1776,A1163
att,A1776,A334
att,A1776,A1835
att,A1776,A1151
att,A1776,A845
att,A1776,A100
att,A1776,A782
att,A1776,A1640
att,A1776,A23
att,A1776,A182
att,A1776,A262
att,A1779,A494
att,A1779,A1090
att,A1779,A1716
att,A1779,A1513
att,A1779,A504
att,A1779,A930
att,A1779,A1875
att,A1779,A982
att,A1779,A1482
att,A1779,A1457
att,A1779,A1253
att,A1779,A1486
att,A1781,A1506
att,A1781,A1379
att,A1781,A25
att,A1781,A840
att,A1782,A1640
att,A1782,A1238
att,A1782,A257
att,A1782,A1494
att,A1782,A1464
att,A1782,A1767
att,A1782,A1896
att,A1783,A1160
att,A1783,A330
att,A1783,A1400
att,A1783,A1830
att,A1783,A22
att,A1783,A1102
att,A1783,A580
att,A1783,A406
att,A1785,A1371
att,A1787,A1576
att,A1787,A1570
att,A1787,A9
att,A1787,A1404
att,A1787,A186
att,A1788,A1079
att,A1788,A362
att,A1788,A1595
att,A1788,A1155
att,A1788,A1559
att,A1788,A581
att,A1788,A1474
att,A1788,A228
att,A1788,A1543
att,A1788,A25
att,A1788,A1152
att,A1788,A976
att,A1788,A748
att,A1788,A1502
att,A1788,A1716
att,A1788,A1139
att,A1788,A194
att,A1788,A1000
att,A1788,A504
att,A1788,A280
att,A1788,A785
att,A1788,A1442
att,A1792,A1679
att,A1792,A1415
att,A1792,A1490
att,A1792,A523
att,A1792,A630
att,A1792,A1180
att,A1792,A1367
att,A1792,A690
att,A1792,A970
att,A1792,A1467
att,A1792,A879
att,A1792,A511
att,A1792,A1297
att,A1793,A92
att,A1793,A1711
att,A1793,A415
att,A1793,A38
att,A1793,A1835
att,A1793,A521
att,A1793,A508
att,A1793,A802
att,A1793,A992
att,A1793,A95
att,A1793,A147
att,A1793,A279
att,A1793,A1382
att,A1793,A513
att,A1794,A353
att,A1794,A828
att,A1794,A1131
att,A1795,A1207
att,A1795,A1116
att,A1795,A1205
att,A1795,A1550
att,A1795,A1095
att,A1795,A121
att,A1800,A1204
att,A1800,A1062
att,A1800,A1564
att,A1800,A429
att,A1800,A980
att,A1800,A325
att,A1800,A259
att,A1800,A818
att,A1800,A1890
att,A1800,A254
att,A1801,A1576
att,A1801,A251
att,A1801,A86
att,A1801,A1670
att,A1801,A418
att,A1801,A1866
att,A1802,A1108
att,A1802,A1576
att,A1802,A1568
att,A1802,A984
att,A1802,A1014
att,A1802,A1025
att,A1802,A552
att,A1802,A137
att,A1802,A1272
att,A1802,A1750
att,A1802,A757
att,A1802,A725
att,A1802,A589
att,A1802,A1186
att,A1802,A1403
att,A1802,A1772
att,A1802,A133
att,A1802,A648
att,A1802,A551
att,A1802,A1367
att,A1802,A560
att,A1803,A543
att,A1804,A497
att,A1804,A691
att,A1804,A437
att,A1804,A742
att,A1804,A1694
att,A1804,A957
att,A1804,A1806
att,A1804,A1522
att,A1804,A1439
att,A1804,A978
att,A1804,A363
att,A1805,A140
att,A1805,A655
att,A1805,A426
att,A1805,A405
att,A1805,A773
att,A1805,A1214
att,A1805,A525
att,A1806,A1107
att,A1806,A879
att,A1806,A542
att,A1806,A1158
att,A1806,A1573
att,A1806,A884
att,A1806,A1176
att,A1806,A1610
att,A1808,A1021
att,A1808,A39
att,A1808,A1337
att,A1808,A952
att,A1808,A1667
att,A1808,A886
att,A1808,A150
att,A1808,A1188
att,A1808,A468
att,A1813,A1568
att,A1813,A329
att,A1813,A1173
att,A1813,A1510
att,A1813,A1334
att,A1813,A636
att,A1813,A942
att,A1815,A1695
att,A1815,A498
att,A1815,A1786
att,A1815,A691
att,A1815,A372
att,A1815,A1401
att,A1815,A1092
att,A1815,A295
att,A1815,A543
att,A1815,A79
att,A1815,A907
att,A1815,A841
att,A1815,A1776
att,A1815,A1060
att,A1815,A1440
att,A1815,A670
att,A1815,A1386
att,A1815,A1850
att,A1815,A161
att,A1815,A1490
att,A1815,A1756
att,A1815,A854
att,A1823,A763
att,A1823,A658
att,A1823,A1505
att,A1823,A1045
att,A1825,A653
att,A1825,A863
att,A1825,A458
att,A1825,A1245
att,A1825,A631
att,A1825,A434
att,A1825,A1602
att,A1825,A1242
att,A1825,A1533
att,A1827,A1040
att,A1827,A822
att,A1827,A1836
att,A1827,A889
att,A1827,A640
att,A1827,A1168
att,A1827,A995
att,A1827,A1289
att,A1827,A1253
att,A1827,A960
att,A1827,A1807
att,A1827,A1058
att,A1828,A1075
att,A1828,A1118
att,A1828,A1281
att,A1828,A1373
att,A1831,A1389
att,A1831,A149
att,A1831,A963
att,A1831,A247
att,A1831,A987
att,A1831,A1042
att,A1831,A1190
att,A1831,A1838
att,A1831,A623
att,A1831,A519
att,A1831,A466
att,A1831,A996
att,A1831,A1273
att,A1831,A1824
att,A1831,A872
att,A1831,A4
att,A1831,A295
att,A1831,A1798
att,A1832,A1156
att,A1832,A207
att,A1832,A540
att,A1832,A675
att,A1832,A1062
att,A1832,A454
att,A1832,A60
att,A1832,A1783
att,A1832,A90
att,A1832,A1665
att,A1832,A1884
att,A1832,A1530
att,A1832,A70
att,A1832,A142
att,A1833,A436
att,A1833,A1389
att,A1833,A809
att,A1833,A1416
att,A1833,A1187
att,A1833,A1483
att,A1833,A2
att,A1833,A264
att,A1833,A1137
att,A1833,A1469
att,A1833,A1364
att,A1833,A868
att,A1833,A1166
att,A1833,A684
att,A1833,A1522
att,A1835,A119
att,A1835,A1028
att,A1835,A455
att,A1835,A1869
att,A1835,A1680
att,A1835,A265
att,A1835,A717
att,A1835,A439
att,A1835,A499
att,A1835,A1454
att,A1835,A1613
att,A1835,A1481
att,A1835,A87
att,A1835,A243
att,A1835,A594
att,A1836,A1349
att,A1836,A912
att,A1836,A381
att,A1836,A1853
att,A1836,A1514
att,A1836,A327
att,A1836,A244
att,A1836,A1195
att,A1836,A1538
att,A1836,A1651
att,A1836,A502
att,A1836,A269
att,A1836,A748
att,A1836,A1708
att,A1837,A1211
att,A1837,A565
att,A1837,A864
att,A1837,A518
att,A1837,A38
att,A1837,A1293
att,A1837,A304
att,A1837,A435
att,A1837,A1615
att,A1837,A129
att,A1837,A1360
att,A1837,A1114
att,A1837,A557
att,A1837,A1322
att,A1837,A1284
att,A1837,A1168
att,A1837,A67
att,A1837,A117
att,A1837,A1070
att,A1837,A1138
att,A1837,A277
att,A1837,A373
att,A1837,A1783
att,A1837,A86
att,A1837,A387
att,A1844,A1504
att,A1844,A207
att,A1844,A1814
att,A1844,A674
att,A1844,A1401
att,A1844,A1839
att,A1844,A881
att,A1844,A142
att,A1844,A399
att,A1846,A1134
att,A1846,A1253
att,A1846,A840
att,A1846,A589
att,A1846,A245
att,A1846,A721
att,A1846,A1116
att,A1846,A746
att,A1846,A1840
att,A1846,A1206
att,A1846,A1249
att,A1846,A679
att,A1846,A602
att,A1846,A1031
att,A1846,A740
att,A1846,A805
att,A1846,A594
att,A1846,A157
att,A1848,A1611
att,A1848,A541
att,A1849,A1500
att,A1849,A1321
att,A1849,A526
att,A1849,A1874
att,A1849,A277
att,A1849,A895
att,A1849,A1676
att,A1849,A1163
att,A1849,A480
att,A1849,A1784
att,A1849,A997
att,A1849,A792
att,A1851,A362
att,A1851,A1142
att,A1851,A1432
att,A1851,A98
att,A1851,A182
att,A1851,A1520
att,A1851,A719
att,A1851,A1158
att,A1851,A1802
att,A1851,A222
att,A1851,A900
att,A1851,A276
att,A1853,A497
att,A1853,A671
att,A1853,A527
att,A1853,A434
att,A1853,A260
att,A1857,A690
att,A1857,A976
att,A1857,A731
att,A1857,A563
att,A1857,A388
att,A1857,A183
att,A1857,A1285
att,A1857,A1536
att,A1857,A971
att,A1857,A1794
att,A1857,A1855
att,A1857,A1106
att,A1857,A488
att,A1857,A1337
att,A1858,A518
att,A1858,A1209
att,A1858,A1883
att,A1858,A90
att,A1858,A401
att,A1858,A1
att,A1858,A1281
att,A1858,A1303
att,A1858,A1733
att,A1858,A575
att,A1858,A1547
att,A1858,A371
att,A1858,A551
att,A1858,A507
att,A1858,A494
att,A1858,A157
att,A1858,A1331
att,A1858,A1566
att,A1859,A843
att,A1859,A1691
att,A1859,A1062
att,A1859,A823
att,A1862,A935
att,A1862,A395
att,A1862,A259
att,A1862,A1795
att,A1862,A1015
att,A1862,A1317
att,A1862,A1214
att,A1862,A1198
att,A1862,A116
att,A1862,A1663
att,A1862,A129
att,A1862,A1358
att,A1862,A1821
att,A1862,A514
att,A1862,A1647
att,A1864,A1759
att,A1864,A92
att,A1864,A1431
att,A1864,A747
att,A1864,A71
att,A1864,A1715
att,A1864,A187
att,A1864,A66
att,A1864,A645
att,A1864,A507
att,A1864,A243
att,A1864,A789
att,A1864,A1302
att,A1864,A876
att,A1866,A821
att,A1866,A1067
att,A1866,A1804
att,A1866,A254
att,A1866,A167
att,A1866,A1646
att,A1866,A75
att,A1866,A936
att,A1866,A783
att,A1866,A1441
att,A1866,A221
att,A1866,A570
att,A1866,A600
att,A1866,A506
att,A1866,A1898
att,A1866,A1176
att,A1866,A1471
att,A1868,A410
att,A1868,A764
att,A1868,A771
att,A1868,A708
att,A1868,A424
att,A1868,A1425
att,A1868,A1660
att,A1868,A399
att,A1868,A589
att,A1868,A119
att,A1869,A144
att,A1869,A1291
att,A1869,A156
att,A1869,A1676
att,A1869,A206
att,A1869,A70
att,A1869,A862
att,A1869,A1116
att,A1869,A129
att,A1869,A386
att,A1869,A1746
att,A1869,A991
att,A1869,A1213
att,A1869,A1498
att,A1870,A558
att,A1870,A245
att,A1870,A1365
att,A1870,A1521
att,A1870,A1189
att,A1870,A216
att,A1870,A1242
att,A1870,A1821
att,A1870,A1789
att,A1870,A1323
att,A1870,A971
att,A1872,A1495
att,A1872,A697
att,A1872,A291
att,A1872,A614
att,A1872,A199
att,A1872,A1687
att,A1872,A805
att,A1872,A368
att,A1872,A1549
att,A1872,A965
att,A1872,A793
att,A1872,A1200
att,A1872,A1220
att,A1872,A1806
att,A1872,A1014
att,A1872,A1188
att,A1872,A463
att,A1872,A1767
att,A1873,A1533
att,A1873,A1802
att,A1873,A1649
att,A1873,A387
att,A1873,A1227
att,A1873,A1873
att,A1873,A1844
att,A1873,A932
att,A1873,A225
att,A1873,A838
att,A1875,A1302
att,A1875,A602
att,A1875,A719
att,A1875,A890
att,A1875,A1067
att,A1875,A870
att,A1875,A1613
att,A1875,A484
att,A1876,A509
att,A1876,A1073
att,A1876,A1626
att,A1876,A1311
att,A1876,A67
att,A1876,A699
att,A1876,A1107
att,A1876,A1729
att,A1876,A167
att,A1876,A255
att,A1876,A1683
att,A1876,A6
att,A1876,A376
att,A1876,A1515
att,A1876,A1616
att,A1876,A1583
att,A1876,A1571
att,A1876,A1793
att,A1876,A546
att,A1876,A90
att,A1876,A1847
att,A1877,A1717
att,A1877,A1727
att,A1877,A1801
att,A1877,A485
att,A1877,A1118
att,A1877,A476
att,A1877,A1107
att,A1877,A1858
att,A1877,A506
att,A1883,A176
att,A1883,A858
att,A1883,A1421
att,A1883,A327
att,A1883,A654
att,A1883,A670
att,A1883,A795
att,A1883,A1651
att,A1883,A1471
att,A1883,A1577
att,A1883,A1495
att,A1883,A1547
att,A1883,A1286
att,A1883,A1361
att,A1883,A789
att,A1883,A158
att,A1885,A1871
att,A1885,A276
att,A1885,A221
att,A1885,A1670
att,A1885,A899
att,A1885,A291
att,A1885,A1618
att,A1885,A73
att,A1885,A212
att,A1885,A173
att,A1885,A483
att,A1885,A620
att,A1885,A982
att,A1889,A832
att,A1889,A583
att,A1889,A1105
att,A1889,A1197
att,A1889,A1584
att,A1889,A681
att,A1889,A933
att,A1889,A605
att,A1889,A607
att,A1889,A1697
att,A1889,A808
att,A1889,A60
att,A1889,A925
att,A1889,A1580
att,A1889,A462
att,A1890,A1186
att,A1890,A1410
att,A1890,A1880
att,A1890,A312
att,A1890,A1594
att,A1890,A959
att,A1890,A1159
att,A1890,A886
att,A1890,A1635
att,A1890,A1083
att,A1890,A808
att,A1890,A1465
att,A1890,A125
att,A1890,A998
att,A1890,A1213
att,A1890,A1392
att,A1890,A1269
att,A1890,A878
att,A1890,A1132
