ArgName,ArgBasicWeight
A1319, 0.33
A1318, 0.81
A1317, 0.77
A1312, 0.61
A1796, 0.75
A1311, 0.15
A1795, 0.98
A1310, 0.66
A1794, 0.06
A1793, 0.75
A1316, 0.85
A1315, 0.41
A1799, 0.94
A1314, 0.07
A1798, 0.92
A1313, 0.52
A1797, 0.69
A1309, 0.11
A1308, 0.39
A1307, 0.99
A1306, 0.69
A1301, 0.3
A1785, 0.52
A1300, 0.6
A1784, 0.8
A1783, 0.04
A1782, 0.53
A1305, 0.91
A1789, 0.98
A1304, 0.98
A1788, 0.5
A1303, 0.28
A1787, 0.66
A1302, 0.33
A1786, 0.02
A1792, 0.41
A1791, 0.9
A1790, 0.06
A1339, 0.11
A1334, 0.81
A1333, 0.27
A1332, 0.21
A1331, 0.99
A1338, 0.01
A1337, 0.92
A1336, 0.65
A1335, 0.85
A1341, 0.39
A1340, 0.89
A1329, 0.08
A1328, 0.83
A1323, 0.95
A1322, 0.22
A1321, 0.16
A1320, 0.22
A1327, 0.85
A1326, 0.06
A1325, 0.06
A1324, 0.98
A1330, 0.45
A1759, 0.05
A1758, 0.51
A1757, 0.3
A1752, 0.85
A1751, 0.63
A1750, 0.29
A1756, 0
A1755, 0.81
A1754, 0.18
A1753, 0.85
A709, 0.85
A1749, 0.6
A1748, 0.52
A707, 0.79
A1747, 0.74
A708, 0.31
A1746, 0.65
A705, 0.21
A706, 0.83
A703, 0.3
A704, 0.4
A701, 0.87
A1741, 0.15
A702, 0.03
A1740, 0.23
A700, 0.72
A1745, 0.8
A1744, 0.09
A1743, 0.87
A1742, 0.04
A718, 0.53
A719, 0.74
A1779, 0.51
A716, 0.45
A717, 0.4
A714, 0.02
A715, 0.74
A712, 0.61
A1774, 0.67
A713, 0.11
A1773, 1
A710, 0.63
A1772, 0.03
A711, 0
A1771, 0.2
A1778, 0.53
A1777, 0.14
A1776, 0.64
A1775, 0.88
A1781, 0.52
A1780, 0.87
A729, 0.44
A1769, 0.63
A1768, 0.07
A727, 0.05
A728, 0.23
A725, 0.17
A726, 0.2
A723, 0.99
A1763, 0.77
A724, 0.57
A1762, 0.11
A721, 0.35
A1761, 0.62
A722, 0.23
A1760, 0.23
A1767, 0.42
A720, 0.6
A1766, 0.82
A1765, 0.7
A1764, 0.69
A1770, 0.02
A1716, 0.77
A1715, 0.67
A1714, 0.04
A1713, 0.4
A738, 0.18
A739, 0.74
A1719, 0.03
A736, 0.65
A1718, 0.94
A737, 0.86
A1717, 0.2
A734, 0.33
A735, 0.15
A732, 0.93
A733, 0.07
A730, 0.39
A1712, 0.19
A731, 0.19
A1711, 0.83
A1710, 0.31
A1705, 0.63
A1704, 0.45
A1703, 0.84
A1702, 0.21
A749, 0.61
A1709, 0.49
A1708, 0.13
A747, 0.36
A1707, 0.42
A748, 0.24
A1706, 0.83
A745, 0.8
A746, 0.42
A743, 0.07
A744, 0.85
A741, 0.12
A1701, 0.54
A742, 0.13
A1700, 0.98
A740, 0.29
A1738, 0.22
A1737, 0.52
A1736, 0.11
A1735, 0.63
A758, 0.57
A759, 0.98
A1739, 0.95
A756, 0.32
A1730, 0.83
A757, 0.11
A754, 0.77
A755, 0.19
A752, 0.5
A1734, 0.57
A753, 0.42
A1733, 0.32
A750, 0.72
A1732, 0.05
A751, 0.01
A1731, 0.16
A1727, 0.84
A1726, 0.1
A1725, 0.2
A1724, 0.41
A769, 0.24
A1729, 0.24
A1728, 0.65
A767, 0.33
A768, 0.44
A765, 0.04
A766, 0.81
A763, 0.4
A1723, 0.14
A764, 1
A1722, 0.17
A761, 0.55
A1721, 0.27
A762, 0.88
A1720, 0.6
A760, 0.21
A778, 0.33
A779, 0.72
A776, 0.58
A777, 0.64
A774, 0.63
A775, 0.95
A772, 0.89
A773, 0.53
A770, 0.63
A771, 0.35
A309, 0.55
A307, 0.04
A308, 0.14
A305, 0.96
A789, 0.75
A306, 0.16
A303, 0.35
A787, 0.12
A304, 0.46
A788, 0.89
A301, 0.23
A785, 0.04
A302, 0.67
A786, 0.97
A783, 0.92
A300, 0.23
A784, 0.94
A781, 0.01
A782, 0.32
A780, 0.83
A318, 0.7
A319, 0.93
A316, 0.66
A317, 0.84
A314, 0.28
A798, 0.45
A315, 0.48
A799, 0.01
A312, 0.21
A796, 0.07
A313, 0.4
A797, 0.11
A310, 0.22
A794, 0.69
A311, 0.03
A795, 0.22
A792, 0.72
A793, 0.1
A790, 0.46
A791, 0.11
A329, 0.09
A327, 0.9
A328, 0.87
A325, 0.73
A326, 0.57
A323, 0.91
A324, 0.72
A321, 0.31
A322, 0.38
A320, 0.06
A338, 0.64
A339, 0.26
A336, 0.34
A337, 0.99
A334, 0.07
A335, 0.06
A332, 0.28
A333, 0.92
A330, 0.77
A331, 0.01
A349, 0.71
A347, 0.31
A348, 0.62
A345, 0.04
A346, 0.47
A343, 0.11
A344, 0.38
A341, 0.09
A342, 0.05
A340, 0.51
A358, 0.53
A359, 0.71
A356, 0.16
A357, 0.62
A354, 0.88
A355, 0.55
A352, 0.6
A353, 0.68
A350, 0.24
A351, 0.57
A369, 0.32
A367, 0.2
A368, 0.73
A365, 0.52
A366, 0.49
A363, 0.18
A364, 0.94
A361, 0.54
A362, 0.6
A360, 0.44
A2169, 0.11
A2168, 0.31
A2167, 0.29
A378, 0.48
A379, 0.17
A376, 0.76
A377, 0.69
A374, 0.85
A2173, 0.65
A375, 0.72
A2172, 0.41
A372, 0.02
A2171, 0.71
A373, 0.91
A2170, 0.82
A370, 0.72
A2177, 0.77
A371, 0.5
A2176, 0.93
A2175, 0.61
A2174, 0.99
A2159, 0.64
A2158, 0.93
A2157, 0.29
A2156, 0.57
A389, 0.81
A387, 0.64
A388, 0.75
A385, 0.5
A2162, 0.81
A386, 0.23
A2161, 0.87
A383, 0.96
A2160, 0.03
A384, 0.92
A381, 0.02
A2166, 0.3
A382, 0.03
A2165, 0.86
A2164, 0.36
A380, 0.3
A2163, 0.06
A2189, 0.03
A398, 0.48
A399, 0.53
A396, 0.28
A2195, 0.21
A397, 0.07
A2194, 0.7
A394, 0.43
A2193, 0.78
A395, 0.07
A2192, 0.3
A392, 0.72
A2199, 0.38
A393, 0.06
A2198, 0.34
A390, 0.78
A2197, 0.84
A391, 0.77
A2196, 0.55
A2191, 0.1
A2190, 0.43
A2179, 0.2
A2178, 0.79
A2184, 0.33
A2183, 0.78
A2182, 0.04
A2181, 0.45
A2188, 0.92
A2187, 0.03
A2186, 0.75
A2185, 0.7
A2180, 0.77
A1279, 0.38
A2126, 0.06
A1278, 0.11
A2125, 0.11
A1277, 0.57
A2124, 0.67
A1276, 0.72
A2123, 0.22
A2129, 0.32
A2128, 0.53
A2127, 0.39
A1282, 0.08
A1281, 0.69
A1280, 0.02
A1286, 0.94
A2133, 0.75
A1285, 0.82
A2132, 0.85
A1284, 0.34
A2131, 0.57
A1283, 0.9
A2130, 0.32
A1268, 0.98
A2115, 0.74
A2599, 0.38
A1267, 0.36
A2114, 0.05
A2598, 0.04
A1266, 0.72
A2113, 0.99
A2597, 0.13
A1265, 0.38
A2112, 0.14
A2596, 0.1
A2119, 0.62
A2118, 0.08
A2117, 0.27
A1269, 0.86
A2116, 0.08
A1271, 0.63
A1270, 0.05
A1275, 0.18
A2122, 0.37
A1274, 0.8
A2121, 0.77
A1273, 0.01
A2120, 0.7
A1272, 0.35
A2148, 0.12
A2147, 0.77
A1299, 0.16
A2146, 0.98
A1298, 0.71
A2145, 0.35
A2149, 0.39
A2151, 0.11
A2150, 0.28
A2155, 0.34
A2154, 0.21
A2153, 0.05
A2152, 0.47
A2137, 0.33
A1289, 0.91
A2136, 0.77
A1288, 0.9
A2135, 0.63
A1287, 0.11
A2134, 0.04
A2139, 0.1
A2138, 0.86
A1293, 0.03
A2140, 0
A1292, 0.38
A1291, 0.34
A1290, 0.97
A1297, 0.14
A2144, 0.67
A1296, 0.4
A2143, 0.73
A1295, 0.07
A2142, 0.59
A1294, 0.08
A2141, 0.66
A1235, 0.9
A2566, 0.13
A1234, 0.89
A2565, 0.26
A1233, 0.26
A2564, 0.13
A1232, 0.09
A2563, 0.01
A1239, 0.4
A1238, 0.29
A2569, 0.85
A1237, 0.33
A2568, 0.01
A1236, 0.53
A2567, 0.65
A1242, 0.95
A2573, 0.96
A1241, 0.59
A2572, 0.39
A1240, 0.36
A2571, 0.32
A2570, 0.42
A1229, 0.42
A1224, 0.86
A2555, 0.23
A1223, 0.76
A2554, 0.12
A1222, 0.49
A2553, 0.88
A1221, 0.02
A2552, 0.6
A1228, 0.11
A2559, 0.22
A1227, 0.48
A2558, 0.12
A1226, 0.15
A2557, 0.63
A1225, 0.32
A2556, 0.53
A1231, 0.73
A2562, 0.62
A1230, 0.69
A2561, 0.29
A2560, 0.83
A2109, 0.55
A1257, 0.8
A2104, 0
A2588, 0.77
A1256, 0.84
A2103, 0.42
A2587, 0.06
A1255, 0.1
A2102, 0.65
A2586, 1
A1254, 0.25
A2101, 0.91
A2585, 0.96
A2108, 0.42
A2107, 0.3
A1259, 1
A2106, 0.41
A1258, 0.52
A2105, 0.45
A2589, 0.83
A1260, 0.41
A2591, 0.99
A2590, 0.34
A1264, 0.6
A2111, 0.67
A2595, 0.72
A1263, 0.41
A2110, 0.97
A2594, 0.41
A1262, 0.04
A2593, 0.88
A1261, 0.25
A2592, 0.4
A1246, 0.65
A2577, 0.17
A1245, 0.85
A2576, 0.2
A1244, 0.57
A2575, 0.88
A1243, 0.64
A2574, 0.65
A1249, 0.53
A1248, 0.92
A2579, 0.32
A1247, 0.88
A2578, 0.44
A2580, 0.93
A1253, 0.88
A2100, 0.84
A2584, 0.67
A1252, 0.09
A2583, 0.57
A1251, 0.3
A2582, 0.89
A1250, 0.43
A2581, 0.06
A1439, 0.24
A1438, 0.95
A1433, 0.55
A1432, 0.72
A1431, 0.97
A1430, 0.71
A1437, 0.27
A1436, 0.52
A1435, 0.16
A1434, 0.96
A1440, 0.1
A1429, 0.74
A1428, 0.33
A1427, 0.1
A1422, 0.52
A1421, 0.61
A1420, 0.67
A1426, 0.4
A1425, 0.6
A1424, 0.87
A1423, 0.14
A2309, 0.11
A2308, 0.24
A2307, 0.28
A1455, 0.18
A2302, 0.52
A1454, 0.57
A2301, 0.38
A1453, 0.88
A2300, 0.9
A1452, 0.15
A1459, 0.76
A2306, 0.45
A1458, 0.77
A2305, 0.56
A1457, 0.32
A2304, 0.84
A1456, 0.28
A2303, 0.92
A1462, 0.02
A1461, 0.99
A1460, 0.33
A808, 0.89
A809, 0.41
A806, 0.48
A807, 0.68
A1449, 0.27
A804, 0.65
A805, 0.45
A802, 0.37
A803, 0.29
A800, 0.25
A1444, 0.18
A801, 0.64
A1443, 0.85
A1442, 0.42
A1441, 0.08
A1448, 0.05
A1447, 0.23
A1446, 0.17
A1445, 0.76
A1451, 0.89
A1450, 0.06
A819, 0.88
A817, 0.77
A1879, 0.38
A818, 0.69
A1878, 0.04
A815, 0.7
A816, 0.49
A813, 0.76
A814, 0.28
A811, 0.68
A1873, 0.66
A812, 0.19
A1872, 0.95
A1871, 0.11
A810, 0.77
A1870, 0.86
A1877, 0.88
A1876, 0.4
A1875, 0.71
A1874, 0.35
A1880, 0.26
A1869, 0.36
A828, 0.52
A1868, 0.72
A829, 0.05
A1867, 0.81
A826, 0.2
A827, 0.8
A824, 0.44
A825, 0.27
A822, 0.59
A1862, 0
A823, 0.37
A1861, 0.29
A820, 0.69
A1860, 0.4
A821, 0.63
A1866, 0.78
A1865, 0.97
A1864, 0.7
A1863, 0.49
A1419, 0.53
A1418, 0.84
A839, 0.16
A1417, 0.46
A1416, 0.07
A837, 0.02
A838, 0.5
A835, 0.62
A836, 0.96
A833, 0.42
A1411, 0.07
A1895, 0.76
A834, 0.68
A1410, 0.83
A1894, 0.2
A831, 0.75
A1893, 0.78
A832, 0.44
A1892, 0.7
A1415, 0.19
A1899, 0.73
A830, 0.17
A1414, 0.51
A1898, 0.45
A1413, 0.08
A1897, 0.46
A1412, 0.11
A1896, 0.27
A1408, 0.31
A1407, 0.16
A1406, 0.08
A1405, 0.72
A1889, 0.23
A848, 0.89
A849, 0.4
A846, 0.83
A847, 0.17
A1409, 0.75
A844, 0.63
A1400, 0.34
A1884, 0.03
A845, 0.22
A1883, 0.04
A842, 0.38
A1882, 0.42
A843, 0.51
A1881, 0.43
A840, 0.65
A1404, 0.6
A1888, 0.62
A841, 0.24
A1403, 0.42
A1887, 0.33
A1402, 0.89
A1886, 0.39
A1401, 0.73
A1885, 0.1
A1891, 0.13
A1890, 0.76
A1837, 0.77
A1836, 0
A1835, 0.02
A1834, 0.24
A859, 0
A857, 0.85
A1839, 0.19
A858, 0.71
A1838, 0.54
A855, 0.35
A856, 0.02
A853, 0.08
A854, 0.01
A851, 0.71
A1833, 0.74
A852, 0.03
A1832, 0.64
A1831, 0.45
A850, 0.76
A1830, 0.29
A1826, 0.98
A1825, 0.65
A1824, 0.21
A1823, 0.41
A1829, 0.07
A868, 0.88
A1828, 0.92
A869, 0.46
A1827, 0.2
A866, 0.47
A867, 0.63
A864, 0.66
A865, 0.55
A862, 0.35
A1822, 0.56
A863, 0.19
A1821, 0.22
A860, 0.01
A1820, 0.5
A861, 0.99
A1859, 0.64
A1858, 0.44
A1857, 0.29
A1856, 0.12
A879, 0.01
A877, 0.58
A1851, 0.51
A878, 0.77
A1850, 0.49
A875, 0.91
A876, 0.49
A873, 0.49
A1855, 0.45
A874, 0.87
A1854, 0.84
A871, 0.06
A1853, 0.39
A872, 0.8
A1852, 0.52
A870, 0.47
A1848, 0.26
A1847, 0.53
A1846, 0.28
A1845, 0.41
A408, 0.51
A409, 0.67
A406, 0.8
A407, 0.78
A1849, 0.72
A404, 0.8
A888, 0.06
A1840, 0.26
A405, 0.09
A889, 0.81
A402, 0.69
A886, 0.13
A403, 0.36
A887, 0.88
A400, 0.72
A884, 0.54
A1844, 0.14
A401, 0.92
A885, 0.07
A1843, 0.18
A882, 0.13
A1842, 0.75
A883, 0.41
A1841, 0.26
A880, 0.14
A881, 0.08
A419, 0.91
A417, 0.55
A418, 0.22
A415, 0.88
A899, 0.82
A416, 0.99
A413, 0.67
A897, 0.53
A414, 0.58
A898, 0.09
A411, 0.14
A895, 0.93
A412, 0.95
A896, 0.59
A893, 0.63
A410, 0.2
A894, 0.8
A891, 0.23
A892, 0.83
A890, 0.45
A428, 0.66
A429, 0.29
A426, 0.28
A427, 0.53
A424, 0.45
A425, 0.9
A422, 0.27
A423, 0.16
A420, 0.53
A421, 0.21
A1815, 0.89
A1814, 0.89
A1813, 0.82
A1812, 0.93
A1819, 0.16
A1818, 0.93
A439, 0.18
A1817, 0.37
A1816, 0.8
A437, 0.92
A438, 0.23
A435, 0.86
A436, 0.19
A433, 0.91
A1811, 0.15
A434, 0.42
A1810, 0.04
A431, 0.74
A432, 0.21
A430, 0.32
A1804, 0.2
A1803, 0.48
A1802, 0.15
A1801, 0.87
A1808, 0.23
A1807, 0.22
A1806, 0.57
A1805, 0.95
A448, 0.63
A449, 0.02
A446, 0.21
A447, 0.42
A444, 0.92
A1800, 0.41
A445, 0.32
A442, 0.58
A443, 0.33
A440, 0.91
A441, 0.82
A1809, 0.04
A459, 0
A457, 0.33
A458, 0.18
A455, 0.87
A456, 0.38
A453, 0.1
A454, 0.67
A451, 0.49
A452, 0.49
A450, 0.81
A468, 0.06
A469, 0.46
A466, 0.35
A467, 0.67
A464, 0.8
A465, 0.48
A462, 0.04
A463, 0.45
A460, 0.2
A461, 0.98
A479, 0.55
A477, 0.27
A478, 0.7
A475, 0.31
A476, 0.76
A473, 0.78
A474, 0.32
A471, 0.02
A472, 0.04
A470, 0.48
A488, 0.6
A489, 0.46
A486, 0.77
A487, 0.79
A484, 0.46
A485, 0.34
A482, 0.69
A483, 0.67
A480, 0.99
A481, 0.18
A2289, 0.67
A2288, 0.2
A499, 0.47
A497, 0.18
A498, 0.58
A495, 0.47
A2294, 0.73
A496, 0.87
A2293, 0.65
A493, 0.5
A2292, 0.27
A494, 0.63
A2291, 0.55
A491, 0.63
A2298, 0.7
A492, 0.44
A2297, 0.03
A2296, 0.82
A490, 0.5
A2295, 0.33
A2290, 0.85
A2279, 0.13
A2278, 0.11
A2277, 0.71
A2283, 0.86
A2282, 0.36
A2281, 0.55
A2280, 0.73
A2287, 0.93
A2286, 0.49
A2285, 0.06
A2284, 0.31
A2299, 0.01
A2247, 0.62
A1399, 0.74
A2246, 0.19
A1398, 0.09
A2245, 0.08
A1397, 0.69
A2244, 0.48
A2249, 0.65
A2248, 0.34
A2250, 0.19
A2254, 0.52
A2253, 0.98
A2252, 0.33
A2251, 0.46
A1389, 0.77
A2236, 0.07
A1388, 0.69
A2235, 0.17
A1387, 0.11
A2234, 0.03
A1386, 0.49
A2233, 0.55
A2239, 0.19
A2238, 0.75
A2237, 0.78
A1392, 0.66
A1391, 0.61
A1390, 0.95
A1396, 0.47
A2243, 0.26
A1395, 0.18
A2242, 0.32
A1394, 0.41
A2241, 0.44
A1393, 0.1
A2240, 0.55
A2269, 0.74
A2268, 0.11
A2267, 0.29
A2266, 0.76
A2272, 0.58
A2271, 0.62
A2270, 0.8
A2276, 0.54
A2275, 0.27
A2274, 0.66
A2273, 0.97
A2258, 0.7
A2257, 0.61
A2256, 0.98
A2255, 0.58
A2259, 0.82
A2261, 0.69
A2260, 0.13
A2265, 0.82
A2264, 0.79
A2263, 0.79
A2262, 0.01
A2209, 0.78
A2208, 0.28
A1356, 0.41
A2203, 0.59
A1355, 0.32
A2202, 0.84
A1354, 0.21
A2201, 0.31
A1353, 0.87
A2200, 0.95
A2207, 0.41
A1359, 0.7
A2206, 0.05
A1358, 0.59
A2205, 0.38
A1357, 0.88
A2204, 0.48
A1363, 0.39
A2210, 0.26
A1362, 0.07
A1361, 0.38
A1360, 0.77
A1345, 0.56
A1344, 0.01
A1343, 0.27
A1342, 0.04
A1349, 0.41
A1348, 0.75
A1347, 0.33
A1346, 0.18
A1352, 0.08
A1351, 0.33
A1350, 0.69
A1378, 0.44
A2225, 0.24
A1377, 0.44
A2224, 0.22
A1376, 0.15
A2223, 0.34
A1375, 0.11
A2222, 0.61
A2229, 0.36
A2228, 0.24
A2227, 0.84
A1379, 0.09
A2226, 0.6
A1381, 0.45
A1380, 0.73
A1385, 0.02
A2232, 0.27
A1384, 0.17
A2231, 0.01
A1383, 0.69
A2230, 0.04
A1382, 0.41
A2219, 0.73
A1367, 0.73
A2214, 0.74
A1366, 0.56
A2213, 0.08
A1365, 0.09
A2212, 0.59
A1364, 0.28
A2211, 0.57
A2218, 0.68
A2217, 0.71
A1369, 0.76
A2216, 0.99
A1368, 0.1
A2215, 0.58
A1370, 0.61
A1374, 0.58
A2221, 0.94
A1373, 0.67
A2220, 0.9
A1372, 0.67
A1371, 0.03
A2409, 0.38
A2408, 0.1
A2407, 0.7
A1559, 0.17
A2406, 0.91
A1554, 0.78
A2401, 0.03
A1553, 0.53
A2400, 0.9
A1552, 0.17
A1551, 0.2
A1558, 0.28
A2405, 0.92
A1557, 0.67
A2404, 0.03
A1556, 0.02
A2403, 0.18
A1555, 0.28
A2402, 0.69
A1561, 0.6
A1560, 0.99
A907, 0.43
A908, 0.12
A905, 0.91
A1549, 0.12
A906, 0.56
A1548, 0.02
A903, 0.06
A904, 0.88
A901, 0.54
A902, 0.76
A1543, 0.96
A900, 0.31
A1542, 0.75
A1541, 0.12
A1540, 0.31
A1547, 0.66
A1546, 0.73
A0, 0.23
A1545, 0.89
A1, 0.75
A1544, 0.43
A2, 0.92
A3, 0.11
A4, 0
A5, 0.5
A6, 0.19
A1550, 0.54
A7, 0.13
A8, 0.63
A9, 0.15
A918, 0.04
A919, 0.83
A916, 0.94
A2429, 0.33
A917, 0.35
A2428, 0.69
A914, 0.28
A915, 0.03
A912, 0.84
A913, 0.89
A910, 0.95
A1576, 0.89
A2423, 0.68
A911, 0.26
A1575, 0.03
A2422, 0.56
A1574, 0.32
A2421, 0.97
A1573, 0.74
A2420, 0.17
A2427, 0.43
A1579, 0.97
A2426, 0.23
A1578, 0.37
A2425, 0.21
A1577, 0.04
A2424, 0.44
A1583, 0.42
A2430, 0.11
A1582, 0.46
A1581, 0.93
A1580, 0.25
A909, 0.68
A929, 0.39
A2419, 0.47
A927, 0.63
A2418, 0.72
A928, 0.89
A2417, 0.3
A925, 0.67
A926, 0.84
A923, 0.32
A924, 0.39
A921, 0.04
A1565, 0.4
A2412, 0.44
A922, 0.81
A1564, 0.28
A2411, 0.98
A1563, 0.63
A2410, 0.96
A920, 0.19
A1562, 0.92
A1569, 0.77
A2416, 0.95
A1568, 0.75
A2415, 0.61
A1567, 0.66
A2414, 0.05
A1566, 0.77
A2413, 0.91
A1572, 0.99
A1571, 0.1
A1570, 0.84
A1518, 0.94
A1517, 0.04
A938, 0.25
A1516, 0.54
A939, 0.04
A1515, 0.82
A1999, 0.89
A936, 0.73
A937, 0.05
A934, 0.33
A935, 0.27
A1519, 0.32
A932, 0.29
A1510, 0.51
A1994, 0.94
A933, 0.32
A1993, 0.26
A930, 0.33
A1992, 0.1
A931, 0.24
A1991, 0.18
A1514, 0.49
A1998, 0.86
A1513, 0.71
A1997, 0.82
A1512, 0.05
A1996, 0.93
A1511, 0.31
A1995, 0.26
A1507, 0
A1506, 0.48
A949, 0.8
A1505, 0.66
A1989, 0.86
A1504, 0.95
A1988, 0.28
A947, 0.76
A948, 0
A945, 0.44
A1509, 0.58
A946, 0.9
A1508, 0.59
A943, 0.07
A1983, 0.76
A944, 0.76
A1982, 0.14
A941, 0.99
A1981, 0.72
A942, 0.01
A1980, 0.55
A1503, 0.69
A1987, 0.86
A940, 0.96
A1502, 1
A1986, 0.65
A1501, 0.84
A1985, 0.74
A1500, 0.71
A1984, 0.5
A1990, 0.89
A1539, 0.92
A1538, 0.06
A1537, 0.57
A958, 0.72
A959, 0.45
A956, 0.05
A957, 0.49
A954, 0.76
A1532, 0.02
A955, 0.83
A1531, 0.16
A952, 0.52
A1530, 0.41
A953, 0.39
A950, 0.11
A1536, 0.86
A951, 0.24
A1535, 0.86
A1534, 0.68
A1533, 0.47
A1529, 0.32
A1528, 0.4
A1527, 0.08
A1526, 0.04
A969, 0.88
A967, 0.95
A968, 0.6
A965, 0.17
A1521, 0.29
A966, 0.89
A1520, 0.92
A963, 0.03
A964, 0.64
A961, 0.12
A1525, 0.54
A962, 0.73
A1524, 0.76
A1523, 0.23
A960, 0.39
A1522, 0.08
A1958, 0.53
A1957, 0.38
A1956, 0.6
A1955, 0.09
A978, 0.78
A979, 0.12
A1959, 0.37
A976, 0.68
A1950, 0.27
A977, 0.94
A974, 0.43
A975, 0.75
A972, 0.07
A1954, 0.38
A973, 0.02
A1953, 0.13
A970, 0.31
A1952, 0.6
A971, 0.99
A1951, 0.87
A1947, 0.47
A1946, 0.81
A509, 0.68
A1945, 0.54
A1944, 0.13
A507, 0.87
A508, 0.48
A505, 0.48
A989, 0.06
A1949, 0.48
A506, 0.85
A1948, 0.21
A503, 0.29
A987, 0.5
A504, 0.61
A988, 0.2
A501, 0.47
A985, 0.96
A502, 0.95
A986, 0.66
A983, 0.57
A1943, 0.49
A500, 0.2
A984, 0.25
A1942, 0.04
A981, 0.08
A1941, 0.7
A982, 0.77
A1940, 0.53
A980, 0.83
A1979, 0.7
A1978, 0.2
A1977, 0.33
A518, 0.15
A519, 0.9
A516, 0.18
A517, 0.87
A514, 0.99
A998, 0.37
A1972, 0.43
A515, 0.95
A999, 0.45
A1971, 1
A512, 0.22
A996, 0.86
A1970, 0.14
A513, 0.2
A997, 0.98
A510, 0.18
A994, 0.12
A1976, 0.83
A511, 0.06
A995, 0.18
A1975, 0.34
A992, 0.59
A1974, 0.15
A993, 0.17
A1973, 0.75
A990, 0.2
A991, 0.66
A1969, 0.24
A1968, 0.31
A1967, 0.79
A1966, 0.35
A529, 0.31
A527, 0.33
A528, 0.86
A525, 0.64
A1961, 0.55
A526, 0.62
A1960, 0.55
A523, 0.6
A524, 0.26
A521, 0.51
A1965, 0.9
A522, 0.55
A1964, 0.42
A1963, 0.17
A520, 0.01
A1962, 0.58
A1914, 0.5
A1913, 0.45
A1912, 0.43
A1911, 0.53
A1918, 0.29
A1917, 0.47
A538, 0.58
A1916, 0.75
A539, 0.97
A1915, 0.99
A536, 0.18
A537, 0.98
A534, 0.41
A535, 0.58
A532, 0.15
A1910, 0.05
A533, 0.53
A530, 0.33
A531, 0.65
A1919, 0.75
A1903, 0.54
A1902, 0.48
A1901, 0.37
A1900, 0.32
A1907, 0.79
A1906, 0.78
A549, 0.46
A1905, 0.41
A1904, 0.46
A547, 0.36
A548, 0.69
A545, 0.21
A546, 0.41
A543, 0.66
A544, 0.49
A541, 0.98
A542, 0.22
A540, 0.13
A1909, 0.37
A1908, 0.65
A1936, 0.17
A1935, 0.81
A1934, 0.6
A1933, 0.97
A1939, 0.14
A1938, 0.71
A1937, 0.45
A558, 0.76
A559, 0.02
A556, 0.07
A557, 0.67
A554, 0.44
A1932, 0.42
A555, 0.73
A1931, 0.87
A552, 0.15
A1930, 0.69
A553, 0.12
A550, 0.18
A551, 0.74
A1925, 0.45
A1924, 0.83
A1923, 0.14
A1922, 0.9
A1929, 0.36
A1928, 0.25
A1927, 0.4
A1926, 0.82
A569, 0.43
A567, 0.26
A568, 0.48
A565, 0.38
A1921, 0.37
A566, 0.6
A1920, 0.85
A563, 0.24
A564, 0.13
A561, 0.68
A562, 0.57
A560, 0.92
A578, 0.44
A579, 0.94
A576, 0.12
A577, 0.69
A574, 0.26
A575, 0.39
A572, 0.57
A573, 0.57
A570, 0.34
A571, 0.03
A109, 0.83
A107, 0.66
A108, 0.3
A105, 0.1
A589, 0.59
A106, 0.28
A103, 0.18
A587, 0.38
A104, 0.16
A588, 0.21
A101, 0.95
A585, 0.03
A102, 0.92
A586, 0.17
A583, 0.06
A100, 0.23
A584, 0.15
A581, 0.74
A582, 0.15
A580, 0.97
A10, 0.69
A11, 0.08
A12, 0.61
A13, 0.77
A14, 0.25
A15, 0.23
A16, 0.56
A17, 0.42
A18, 0.02
A19, 0.23
A118, 0.68
A119, 0.31
A116, 0.04
A117, 0.36
A114, 0.14
A598, 0.01
A115, 0.03
A599, 0.73
A112, 0.53
A596, 0.31
A113, 0.71
A597, 0.55
A110, 0.1
A594, 0.94
A111, 0.87
A595, 0.05
A592, 0.69
A593, 0.58
A590, 0.07
A591, 0.04
A20, 0.61
A21, 0.83
A22, 0.99
A23, 0.64
A24, 0.49
A25, 0.76
A26, 0.67
A27, 0.25
A28, 0.68
A29, 0.6
A129, 0.88
A127, 0.94
A128, 0.13
A125, 0.82
A126, 0.32
A123, 0.82
A124, 0.47
A121, 0.92
A122, 0.3
A120, 0.11
A30, 0.77
A31, 0.22
A32, 0.46
A33, 0.8
A34, 0.15
A35, 0.33
A36, 0.1
A37, 0.98
A38, 0.24
A39, 0.19
A138, 0.07
A1078, 0.8
A139, 0.83
A1079, 0.74
A136, 0.69
A137, 0.86
A134, 0.56
A135, 0.16
A132, 0.35
A1083, 0.66
A133, 0.24
A1084, 0.42
A130, 0.72
A1081, 0.47
A131, 0.8
A1082, 0.68
A1087, 0.27
A1088, 0.51
A1085, 0.11
A1086, 0.19
A40, 0.35
A41, 0.6
A1080, 0.84
A42, 0.97
A43, 0.8
A44, 0.15
A45, 0.18
A46, 0.31
A47, 0.81
A48, 0.66
A49, 0.49
A1069, 0.58
A149, 0.69
A1067, 0.73
A2399, 0.15
A1068, 0.85
A2398, 0.51
A147, 0.53
A148, 0.6
A145, 0.49
A146, 0.05
A143, 0.99
A1072, 0.84
A144, 0.27
A1073, 0.65
A141, 0.54
A1070, 0.84
A142, 0.65
A1071, 0.3
A1076, 0.57
A140, 0.98
A1077, 0.82
A1074, 0.5
A1075, 0.44
A50, 0.94
A51, 0.37
A52, 0.66
A53, 0.48
A54, 0.77
A55, 0.38
A56, 0.09
A57, 0.98
A58, 0.7
A59, 0.83
A158, 0.7
A159, 0.05
A156, 0.81
A157, 0.44
A154, 0.35
A155, 0.2
A152, 0.73
A153, 0.93
A150, 0.05
A151, 0.61
A60, 0.57
A61, 0.87
A62, 0.7
A63, 0.22
A64, 0.96
A65, 0.04
A66, 0.18
A67, 0.39
A68, 0.17
A69, 0.76
A1089, 0.07
A169, 0.36
A167, 0.92
A168, 0.85
A165, 0.7
A1094, 0.68
A166, 0.04
A1095, 0.72
A163, 0.27
A1092, 0.4
A164, 0.02
A1093, 0.61
A161, 0.71
A1098, 0.28
A162, 0.16
A1099, 0.32
A1096, 0.26
A160, 1
A1097, 0.24
A70, 0.65
A71, 0.23
A72, 0.13
A73, 0.25
A1090, 0.85
A74, 0.75
A1091, 0.65
A75, 0.03
A76, 0.32
A77, 0.82
A78, 0.28
A79, 0.09
A1036, 0.38
A2368, 0.39
A1037, 0.7
A2367, 0.47
A1034, 0.23
A2366, 0.32
A1035, 0.26
A2365, 0.84
A178, 0.33
A1038, 0.07
A179, 0
A1039, 0.42
A2369, 0.42
A176, 0.75
A2371, 0.41
A177, 0.99
A1040, 0.42
A2370, 0.22
A174, 0.5
A175, 0.11
A172, 0.16
A1043, 0.13
A2375, 0.97
A173, 0.53
A1044, 0.92
A2374, 0.56
A170, 0.74
A1041, 0.87
A2373, 0.26
A171, 0.57
A1042, 0.17
A2372, 0.44
A80, 0.09
A81, 0.59
A82, 0.15
A83, 0.34
A84, 0.99
A85, 0.28
A86, 0.97
A87, 0.29
A88, 0.36
A89, 0.03
A1025, 0.38
A2357, 0.27
A1026, 0.37
A2356, 0.16
A1023, 0.5
A2355, 0.53
A1024, 0.32
A2354, 0.17
A1029, 0.71
A189, 0.41
A1027, 0.62
A2359, 0.7
A1028, 0.19
A2358, 0.65
A187, 0.55
A2360, 0.98
A188, 0.6
A185, 0.6
A186, 0.65
A183, 0.7
A1032, 0.11
A2364, 0.39
A184, 0.59
A1033, 0.52
A2363, 0.34
A181, 0.44
A1030, 0.56
A2362, 0.71
A90, 0.63
A182, 0.91
A1031, 0.41
A2361, 0.23
A91, 0.85
A92, 0.77
A180, 0.8
A93, 0.54
A94, 0.5
A95, 0.52
A96, 0.32
A97, 0.09
A98, 0.64
A99, 0.94
A1058, 0.49
A1059, 0.48
A2389, 0.5
A1056, 0.74
A2388, 0.78
A1057, 0
A2387, 0.3
A198, 0.94
A1061, 0.08
A2393, 0.8
A199, 0.56
A1062, 0.1
A2392, 0.38
A196, 0.8
A2391, 0.68
A197, 0.78
A1060, 0
A2390, 0.06
A194, 0.63
A1065, 0.91
A2397, 0.92
A195, 0.7
A1066, 0.1
A2396, 0.79
A192, 0.7
A1063, 0.23
A2395, 0.97
A193, 0.64
A1064, 0.76
A2394, 0.65
A190, 0.97
A191, 0.6
A1047, 0.98
A2379, 0.62
A1048, 0.81
A2378, 0.88
A1045, 0.98
A2377, 0.82
A1046, 0.57
A2376, 0.3
A1049, 0.8
A1050, 0.42
A2382, 0.35
A1051, 0.81
A2381, 0.36
A2380, 0.9
A1054, 0.24
A2386, 0.6
A1055, 0.4
A2385, 0.19
A1052, 0.52
A2384, 0.64
A1053, 0.89
A2383, 0.14
A2329, 0.73
A1477, 0.19
A2324, 0.86
A1476, 0.87
A2323, 0.57
A1475, 0.84
A2322, 0.08
A1474, 0.56
A2321, 0.04
A2328, 0.67
A2327, 0.15
A1479, 0.59
A2326, 0.83
A1478, 0.4
A2325, 0.69
A1480, 0.06
A1484, 0.35
A2331, 0.5
A1000, 0.38
A1483, 0.51
A2330, 0.99
A1482, 0.12
A1481, 0.42
A2319, 0.96
A2318, 0.61
A1466, 0.1
A2313, 0.12
A1465, 0.34
A2312, 0.49
A1464, 0.42
A2311, 0.6
A1463, 0.84
A2310, 0.8
A2317, 0.83
A1469, 0.67
A2316, 0.24
A1468, 0.08
A2315, 0.59
A1467, 0.49
A2314, 0.72
A1473, 0.4
A2320, 0.24
A1472, 0.62
A1471, 0.82
A1470, 0.59
A1014, 0.58
A1499, 0.57
A2346, 0.14
A1015, 0.36
A1498, 0.55
A2345, 0.07
A1012, 0.32
A1497, 0.92
A2344, 0.73
A1013, 0.45
A1496, 0.01
A2343, 0.31
A1018, 0.15
A1019, 0.98
A2349, 0.75
A1016, 0.57
A2348, 0.88
A1017, 0.62
A2347, 0.93
A1021, 0.19
A2353, 0.95
A1022, 0.46
A2352, 0.77
A2351, 0.39
A1020, 0.51
A2350, 0.52
A1009, 0.35
A1003, 0.93
A1488, 0.08
A2335, 0.91
A1004, 0.72
A1487, 0.97
A2334, 0.96
A1001, 0.76
A1486, 0.27
A2333, 0.41
A1002, 0.03
A1485, 0.04
A2332, 0.67
A1007, 1
A2339, 0.94
A1008, 0.47
A2338, 0.45
A1005, 0.79
A2337, 0.49
A1006, 0.74
A1489, 0.66
A2336, 0.46
A1491, 0.78
A1490, 0.92
A1010, 0.96
A1495, 0.43
A2342, 0.1
A1011, 0.35
A1494, 0.8
A2341, 0.13
A1493, 0.9
A2340, 0.72
A1492, 0.06
A2529, 0.11
A2528, 0.72
A2527, 0.14
A1675, 0.59
A2522, 0.45
A1674, 0.82
A2521, 0.33
A1673, 0.24
A2520, 0.2
A1672, 0.67
A1679, 0.66
A2526, 0.88
A1678, 0.81
A2525, 0.36
A1677, 0.9
A2524, 0.2
A1676, 0.48
A2523, 0.5
A1682, 0.9
A1681, 0.72
A1680, 0.96
A2519, 0.08
A2518, 0.99
A2517, 0.83
A1669, 0.27
A2516, 0.98
A1664, 0.93
A2511, 0.55
A1663, 0.29
A2510, 0.76
A1662, 0.76
A1661, 0.61
A1668, 0.18
A2515, 0.84
A1667, 0.15
A2514, 0.87
A1666, 0.89
A2513, 0.26
A1665, 0.6
A2512, 0.78
A1671, 0.41
A1670, 0.27
A1218, 0.99
A1219, 0.18
A2549, 0.99
A1212, 0.68
A1697, 0.2
A2544, 0.52
A1213, 0.39
A1696, 0
A2543, 0.11
A1210, 0.61
A1695, 0.68
A2542, 0.84
A1211, 0.33
A1694, 0.71
A2541, 0.03
A1216, 0.2
A2548, 0.46
A1217, 0.99
A2547, 0.34
A1214, 0.51
A1699, 0.01
A2546, 0.96
A1215, 0.17
A1698, 0.89
A2545, 0.14
A2551, 0.76
A1220, 0.57
A2550, 0.2
A1209, 0.83
A1207, 0.6
A2539, 0.67
A1208, 0.31
A2538, 0.57
A1201, 0.91
A1686, 0.3
A2533, 0.95
A1202, 0.26
A1685, 0.17
A2532, 0.46
A1684, 0.73
A2531, 0.85
A1200, 0.19
A1683, 0.6
A2530, 0.49
A1205, 0.22
A2537, 0.45
A1206, 0.91
A1689, 0.95
A2536, 0.47
A1203, 0.77
A1688, 0.31
A2535, 0.81
A1204, 0.91
A1687, 0.3
A2534, 0.22
A1693, 0.34
A2540, 0.48
A1692, 0.18
A1691, 0.59
A1690, 0.69
A1639, 0.61
A1638, 0.12
A1637, 0.92
A1636, 0.7
A1631, 0.82
A1630, 0.29
A1635, 0.36
A1634, 0.58
A1633, 0.28
A1632, 0.72
A1628, 0.23
A1627, 0.32
A1626, 0.48
A1625, 0.38
A1629, 0.94
A1620, 0.6
A1624, 0.19
A1623, 0.28
A1622, 0.19
A1621, 0.51
A2508, 0.99
A2507, 0.17
A1659, 0.6
A2506, 0.35
A1658, 0.1
A2505, 0.97
A2509, 0.36
A1653, 0.91
A2500, 0.23
A1652, 0.1
A1651, 0.65
A1650, 0.54
A1657, 0.47
A2504, 0.32
A1656, 0.73
A2503, 0.39
A1655, 0.33
A2502, 0.28
A1654, 0.96
A2501, 0.1
A1660, 0.37
A1649, 0.51
A608, 0.11
A1648, 0.52
A609, 0.02
A1647, 0.95
A606, 0.21
A607, 0.24
A604, 0.56
A605, 0.74
A602, 0.12
A1642, 0.46
A603, 0.36
A1641, 0.65
A600, 0.12
A1640, 0.46
A601, 0.4
A1646, 0.05
A1645, 0.24
A1644, 0.52
A1643, 0.39
A619, 0.5
A617, 0.01
A618, 0.97
A615, 0.81
A616, 0.04
A613, 0.39
A614, 0.77
A611, 0.63
A612, 0.75
A610, 0.91
A628, 0.28
A629, 0.27
A626, 0.92
A627, 0.11
A624, 0.43
A625, 0.97
A622, 0.08
A623, 0.62
A620, 0.69
A621, 0.79
A1617, 0.23
A1616, 0.95
A1615, 0.71
A1614, 0.48
A639, 0.06
A637, 0.88
A1619, 0.27
A638, 0.34
A1618, 0.26
A635, 0.9
A636, 0.04
A633, 0.38
A634, 0.04
A631, 0.05
A1613, 0.78
A632, 0.46
A1612, 0.3
A1611, 0.6
A630, 0.95
A1610, 0.96
A1606, 0.49
A1605, 0.12
A1604, 0.14
A1603, 0.51
A1609, 0.28
A648, 0.29
A1608, 0.39
A649, 0.98
A1607, 0.67
A646, 0.81
A647, 0.34
A644, 0.67
A645, 0.68
A642, 0.79
A1602, 0.34
A643, 0.22
A1601, 0.11
A640, 0.8
A1600, 0.85
A641, 0.36
A659, 0.31
A657, 0.94
A658, 0.24
A655, 0.24
A656, 0.31
A653, 0.76
A654, 0.32
A651, 0.02
A652, 0.01
A650, 0.91
A668, 0.69
A669, 0.89
A666, 0.6
A667, 0.22
A664, 0.75
A665, 0.59
A662, 0.92
A663, 0.7
A660, 0.8
A661, 0.53
A679, 0.83
A677, 0.2
A678, 0.09
A675, 0.7
A676, 0.6
A673, 0.69
A674, 0.24
A671, 0.67
A672, 0.83
A670, 0.41
A208, 0.46
A209, 0.65
A206, 0.9
A207, 0.73
A204, 0.96
A688, 0.03
A205, 0.96
A689, 0.47
A202, 0.11
A686, 0.11
A203, 0.65
A687, 0.43
A200, 0.63
A684, 0.46
A201, 0.19
A685, 0.22
A682, 0.74
A683, 0.45
A680, 0.53
A681, 0.45
A219, 0.08
A217, 0.04
A218, 0.06
A215, 0.76
A699, 0.73
A216, 0.64
A213, 0.63
A697, 0.95
A214, 0.49
A698, 0.1
A211, 0.9
A695, 0.74
A212, 0.3
A696, 0.51
A693, 0.51
A2096, 0.44
A210, 0.71
A694, 0.09
A2095, 0.41
A691, 0.38
A2094, 0.76
A692, 0.8
A2093, 0.96
A690, 0.53
A2099, 0.84
A2098, 0.26
A2097, 0.17
A2092, 0.29
A2091, 0.88
A2090, 0.96
A228, 0.14
A229, 0.53
A226, 0.18
A227, 0.22
A2079, 0.95
A224, 0.68
A225, 0.06
A222, 0.91
A223, 0.15
A220, 0.44
A2085, 0.62
A221, 0.92
A2084, 0.86
A2083, 0.88
A2082, 0.16
A2089, 0.79
A2088, 0.5
A2087, 0.79
A2086, 0.36
A2081, 0.37
A2080, 0.29
A239, 0.45
A237, 0.09
A238, 0.08
A235, 0.65
A236, 0.51
A233, 0.61
A234, 0.56
A231, 0.48
A232, 0.18
A230, 0.45
A248, 0.34
A249, 0.46
A246, 0.58
A247, 0.17
A244, 0.87
A245, 0.98
A242, 0.28
A243, 0.34
A240, 0.97
A241, 0.52
A2049, 0.29
A2048, 0.42
A259, 0.87
A1199, 0.64
A2047, 0.54
A2046, 0.08
A257, 0.51
A258, 0.07
A255, 0.96
A256, 0.73
A253, 0.5
A2052, 0.04
A254, 0.55
A2051, 0.94
A251, 0.38
A2050, 0.31
A252, 0.98
A2056, 0.73
A250, 0.38
A2055, 0.1
A2054, 0.33
A2053, 0.44
A2038, 0.46
A2037, 0.66
A1188, 0.33
A2036, 0.17
A1189, 0.07
A2035, 0.38
A268, 0.88
A269, 0.11
A266, 0.61
A267, 0.38
A2039, 0.95
A264, 0.33
A1193, 0.08
A2041, 0.89
A265, 0.72
A1194, 0.35
A2040, 0.78
A262, 0.04
A1191, 0.9
A263, 0.52
A1192, 0.89
A260, 0.5
A1197, 0.1
A2045, 0.03
A261, 0.11
A1198, 0.14
A2044, 0.96
A1195, 0.57
A2043, 0.98
A1196, 0.26
A2042, 0.14
A1190, 0.78
A2069, 0.36
A2068, 0.82
A279, 0.4
A277, 0.04
A278, 0.82
A275, 0.8
A2074, 0.04
A276, 0.04
A2073, 0.03
A273, 0.67
A2072, 0.57
A274, 0.97
A2071, 0.75
A271, 0.46
A2078, 0.99
A272, 0.3
A2077, 0.85
A2076, 0.06
A270, 0.7
A2075, 0.59
A2070, 0.61
A2059, 0.65
A2058, 0.3
A2057, 0.59
A288, 0.98
A289, 0.79
A286, 0.38
A2063, 0.62
A287, 0.12
A2062, 0.25
A284, 0.49
A2061, 0.32
A285, 0.53
A2060, 0.51
A282, 0.58
A2067, 0.97
A283, 0.35
A2066, 0.62
A280, 0.81
A2065, 0.99
A281, 0.93
A2064, 0.28
A1157, 0.89
A2005, 0.04
A2489, 0.27
A1158, 0.66
A2004, 0.71
A2488, 0.28
A1155, 0.29
A2003, 0.37
A2487, 0.36
A1156, 0.59
A2002, 0.34
A2486, 0.97
A2009, 0.63
A2008, 0.76
A299, 0.41
A1159, 0.22
A2007, 0.04
A2006, 0.73
A297, 0.81
A1160, 0.17
A2492, 0.26
A298, 0.8
A1161, 0.43
A2491, 0.11
A295, 0.51
A2490, 0.93
A296, 0.31
A293, 0.56
A1164, 0.22
A2012, 0.54
A2496, 0.44
A294, 0.38
A1165, 0.72
A2011, 0.49
A2495, 0.79
A291, 0.81
A1162, 0.89
A2010, 0.04
A2494, 0.95
A292, 0.74
A1163, 0.64
A2493, 0.75
A290, 0.8
A1146, 0.62
A2478, 0.96
A1147, 0.95
A2477, 0.23
A1144, 0.6
A2476, 0.21
A1145, 0.11
A2475, 0.26
A1148, 0.5
A1149, 0.29
A2479, 0.85
A2481, 0.15
A1150, 0.89
A2480, 0.7
A1153, 0.41
A2001, 0.68
A2485, 0.59
A1154, 0.24
A2000, 0.77
A2484, 0.81
A1151, 0.35
A2483, 0.85
A1152, 0.35
A2482, 0.4
A1179, 0.95
A2027, 0.56
A2026, 0.65
A1177, 0.69
A2025, 0.98
A1178, 0.54
A2024, 0.14
A2029, 0.83
A2028, 0.51
A1182, 0.5
A2030, 0.47
A1183, 0.03
A1180, 0.08
A1181, 0.39
A1186, 0.05
A2034, 0.99
A1187, 0.71
A2033, 0.35
A1184, 0.72
A2032, 0.19
A1185, 0.22
A2031, 0.32
A1168, 0.3
A2016, 0.46
A1169, 0.44
A2015, 0.99
A2499, 0.25
A1166, 0.11
A2014, 0.38
A2498, 0.6
A1167, 0.8
A2013, 0.3
A2497, 0.23
A2019, 0.64
A2018, 0.59
A2017, 0.82
A1171, 0.7
A1172, 0.21
A1170, 0.84
A1175, 0.71
A2023, 0.86
A1176, 0.8
A2022, 0.83
A1173, 0.75
A2021, 0.65
A1174, 0.79
A2020, 0.43
A1119, 0.2
A1113, 0.5
A1598, 0.38
A2445, 0.12
A1114, 0.86
A1597, 0.38
A2444, 0.13
A1111, 0.23
A1596, 0.25
A2443, 0.26
A1112, 0.73
A1595, 0.18
A2442, 0.79
A1117, 0.63
A2449, 0.04
A1118, 0.52
A2448, 0.36
A1115, 0.84
A2447, 0.15
A1116, 0.11
A1599, 0.17
A2446, 0.83
A1120, 0.27
A2452, 0.33
A1121, 0
A2451, 0.93
A2450, 0.14
A1108, 0.01
A1109, 0.91
A2439, 0.2
A1102, 0.85
A1587, 0.16
A2434, 0.97
A1103, 0.63
A1586, 0.42
A2433, 0.85
A1100, 0.72
A1585, 0.14
A2432, 0.23
A1101, 0.97
A1584, 0.55
A2431, 0.04
A1106, 0.26
A2438, 0.72
A1107, 0.77
A2437, 0.93
A1104, 0.87
A1589, 0.14
A2436, 0.43
A1105, 0.77
A1588, 0.78
A2435, 0.07
A1590, 0.14
A1594, 0.89
A2441, 0.51
A1110, 0.17
A1593, 0.83
A2440, 0.61
A1592, 1
A1591, 0.24
A1135, 0.33
A2467, 0.53
A1136, 0.58
A2466, 0.35
A1133, 0.71
A2465, 0.34
A1134, 0.45
A2464, 0.61
A1139, 0.53
A1137, 0.43
A2469, 0.28
A1138, 0.19
A2468, 0.21
A2470, 0.39
A1142, 0.49
A2474, 0.95
A1143, 0.86
A2473, 0.14
A1140, 0.23
A2472, 0.63
A1141, 0.79
A2471, 0.26
A1124, 0.12
A2456, 0.73
A1125, 0.86
A2455, 0.91
A1122, 0.77
A2454, 0.57
A1123, 0.58
A2453, 0.92
A1128, 0.77
A1129, 0.29
A2459, 0.33
A1126, 0.43
A2458, 0.77
A1127, 0.11
A2457, 0.57
A1131, 0.3
A2463, 0.96
A1132, 0.04
A2462, 0.43
A2461, 0.58
A1130, 0.25
A2460, 0.55
